%%MatrixMarket matrix coordinate real general
87 2200 10969                                     
1 1 1
1 2 1
1 3 20
1 4 2
1 5 5
1 6 3
1 7 4
1 8 3
1 9 1
1 10 8
1 11 1
1 12 4
1 13 1
1 14 3
1 15 8
1 16 2
1 17 1
1 18 1
1 19 2
1 20 1
1 21 3
1 22 1
1 23 1
1 24 1
1 25 1
1 26 1
1 27 1
1 28 1
1 29 3
1 30 1
1 31 1
1 32 2
1 33 3
1 34 1
1 35 2
1 36 1
1 37 1
1 38 1
1 39 1
1 40 2
1 41 1
1 42 2
1 43 1
1 44 1
1 45 1
1 46 3
1 47 1
1 48 1
1 49 3
1 50 2
1 51 1
1 52 1
1 53 1
1 54 2
1 55 1
1 56 1
1 57 1
1 58 1
1 59 1
1 60 1
1 61 2
1 62 2
1 63 2
1 64 6
1 65 1
1 66 1
1 67 1
1 68 2
1 69 1
1 70 3
1 71 1
1 72 3
1 73 1
1 74 1
1 75 1
1 76 1
1 77 1
1 78 1
1 79 1
1 80 2
1 81 1
1 82 1
1 83 1
1 84 1
1 85 2
1 86 1
1 87 1
1 88 2
1 89 1
1 90 1
1 91 1
1 92 1
1 93 1
1 94 1
1 95 1
1 96 1
1 97 1
1 98 1
1 99 1
1 100 1
1 101 1
1 102 4
1 103 1
1 104 1
1 105 4
1 106 1
1 107 2
1 108 1
1 109 1
1 110 1
1 111 1
1 112 2
1 113 1
1 114 1
1 115 1
1 116 1
1 117 1
1 118 1
1 119 3
1 120 1
1 121 1
1 122 1
1 123 4
1 124 2
1 125 2
1 126 1
1 127 3
1 128 1
1 129 1
1 130 1
1 131 1
1 132 3
1 133 1
1 134 2
1 135 1
1 136 2
1 137 1
1 138 1
1 139 1
1 140 2
1 141 1
1 142 9
1 143 1
1 144 2
1 145 1
1 146 3
1 147 1
1 148 2
1 149 1
1 150 1
1 151 5
1 152 2
1 153 1
1 154 1
1 155 1
1 156 2
1 157 1
1 158 1
1 159 1
1 160 1
1 161 1
1 162 1
1 163 1
1 164 1
1 165 1
1 166 1
1 167 1
1 168 1
1 169 2
1 170 2
1 171 1
1 172 1
1 173 1
1 174 6
1 175 1
1 176 1
1 177 2
1 178 1
1 179 1
1 180 3
1 181 1
1 182 7
1 183 1
1 184 2
1 185 1
1 186 1
1 187 1
1 188 2
1 189 5
2 3 2
2 10 3
2 12 1
2 14 4
2 15 6
2 28 3
2 32 1
2 35 4
2 40 2
2 45 2
2 48 1
2 49 8
2 50 1
2 52 1
2 53 2
2 54 1
2 55 3
2 56 1
2 57 2
2 66 1
2 72 4
2 77 5
2 84 1
2 85 1
2 91 2
2 93 1
2 105 1
2 106 1
2 112 1
2 113 1
2 126 1
2 127 1
2 130 1
2 136 1
2 146 9
2 156 3
2 158 2
2 166 3
2 171 1
2 172 2
2 173 1
2 175 1
2 177 2
2 181 3
2 182 3
2 190 1
2 191 1
2 192 1
2 193 1
2 194 1
2 195 1
2 196 1
2 197 1
2 198 4
2 199 10
2 200 1
2 201 2
2 202 2
2 203 3
2 204 2
2 205 1
2 206 1
2 207 1
2 208 1
2 209 1
2 210 1
2 211 1
2 212 1
2 213 3
2 214 1
2 215 1
2 216 1
2 217 8
2 218 2
2 219 1
2 220 1
2 221 2
2 222 1
2 223 2
2 224 1
2 225 1
2 226 1
2 227 1
2 228 2
2 229 1
2 230 1
2 231 2
2 232 1
2 233 1
2 234 2
2 235 1
2 236 1
2 237 2
2 238 1
2 239 1
2 240 1
2 241 2
2 242 1
2 243 1
2 244 1
2 245 1
2 246 1
2 247 1
2 248 1
2 249 1
2 250 2
2 251 1
2 252 2
2 253 1
2 254 1
2 255 1
2 256 1
2 257 1
2 258 1
2 259 1
2 260 1
2 261 1
2 262 1
2 263 1
2 264 1
2 265 1
2 266 1
2 267 2
2 268 1
2 269 1
2 270 1
2 271 1
2 272 1
2 273 1
2 274 1
2 275 2
2 276 1
2 277 1
2 278 1
2 279 2
2 280 1
2 281 9
2 282 1
2 283 1
2 284 3
2 285 1
2 286 1
3 1 1
3 2 1
3 3 2
3 10 4
3 14 6
3 24 1
3 26 3
3 28 3
3 32 2
3 35 3
3 40 4
3 41 1
3 48 1
3 50 2
3 51 5
3 52 1
3 53 4
3 54 2
3 58 1
3 63 2
3 64 1
3 66 1
3 72 4
3 76 3
3 77 3
3 85 6
3 91 3
3 102 1
3 105 2
3 106 1
3 108 1
3 111 1
3 112 1
3 123 1
3 127 3
3 132 1
3 133 1
3 140 1
3 142 1
3 143 1
3 145 1
3 146 7
3 148 2
3 152 1
3 156 4
3 158 5
3 164 1
3 166 3
3 171 5
3 172 10
3 173 2
3 175 1
3 178 1
3 180 1
3 181 1
3 182 4
3 188 1
3 189 4
3 191 1
3 192 4
3 193 1
3 194 2
3 196 2
3 197 4
3 198 15
3 199 7
3 200 1
3 201 3
3 202 3
3 203 3
3 204 1
3 205 1
3 206 2
3 209 6
3 211 2
3 221 2
3 222 3
3 223 2
3 227 1
3 231 5
3 232 1
3 235 1
3 236 1
3 237 1
3 238 1
3 240 1
3 241 2
3 244 2
3 252 8
3 253 1
3 254 1
3 256 1
3 258 3
3 259 1
3 261 3
3 262 1
3 268 1
3 269 2
3 270 1
3 271 1
3 276 1
3 278 1
3 281 1
3 282 1
3 284 1
3 286 1
3 287 1
3 288 1
3 289 16
3 290 1
3 291 1
3 292 1
3 293 1
3 294 1
3 295 1
3 296 1
3 297 1
3 298 1
3 299 1
3 300 2
3 301 1
3 302 1
3 303 1
3 304 2
3 305 1
3 306 2
3 307 1
3 308 1
3 309 1
3 310 4
3 311 1
3 312 1
3 313 2
3 314 1
3 315 1
3 316 2
3 317 1
3 318 1
3 319 1
3 320 1
3 321 1
3 322 1
3 323 1
3 324 1
3 325 1
3 326 1
3 327 1
3 328 1
3 329 1
3 330 1
3 331 1
3 332 1
3 333 1
3 334 1
3 335 2
3 336 1
3 337 2
3 338 1
3 339 1
3 340 1
3 341 2
3 342 1
3 343 1
3 344 1
3 345 1
3 346 1
3 347 2
3 348 1
3 349 1
3 350 1
3 351 4
3 352 1
3 353 3
3 354 1
3 355 1
3 356 1
3 357 1
3 358 1
3 359 1
3 360 1
3 361 1
3 362 1
3 363 2
3 364 1
3 365 2
3 366 1
3 367 1
3 368 2
3 369 1
3 370 1
3 371 3
3 372 1
3 373 1
3 374 2
3 375 1
3 376 1
3 377 1
3 378 1
3 379 1
3 380 1
3 381 1
3 382 1
3 383 1
3 384 1
3 385 1
3 386 1
3 387 1
3 388 1
3 389 1
4 2 1
4 3 2
4 10 3
4 14 2
4 15 8
4 22 1
4 26 1
4 28 2
4 39 2
4 40 3
4 47 1
4 48 1
4 50 7
4 51 2
4 54 3
4 57 1
4 60 3
4 64 1
4 72 2
4 74 3
4 76 1
4 77 2
4 84 1
4 85 4
4 91 1
4 94 1
4 95 5
4 105 3
4 106 1
4 108 3
4 111 1
4 112 3
4 116 1
4 119 1
4 123 2
4 124 1
4 140 2
4 141 2
4 143 1
4 145 1
4 146 4
4 149 1
4 152 1
4 156 1
4 160 3
4 161 1
4 163 1
4 166 2
4 172 1
4 173 2
4 174 4
4 175 4
4 177 1
4 178 2
4 180 3
4 182 4
4 186 1
4 189 11
4 191 2
4 192 1
4 193 1
4 203 1
4 204 3
4 205 1
4 211 1
4 213 1
4 216 5
4 219 3
4 223 2
4 225 1
4 229 1
4 231 3
4 232 5
4 235 1
4 236 1
4 238 1
4 243 1
4 245 1
4 254 1
4 255 3
4 259 1
4 261 1
4 262 2
4 272 2
4 273 2
4 285 1
4 314 1
4 319 9
4 341 1
4 342 2
4 343 3
4 349 1
4 355 1
4 371 21
4 388 1
4 390 1
4 391 1
4 392 1
4 393 2
4 394 1
4 395 1
4 396 1
4 397 1
4 398 1
4 399 1
4 400 2
4 401 1
4 402 1
4 403 1
4 404 1
4 405 3
4 406 1
4 407 1
4 408 1
4 409 10
4 410 2
4 411 1
4 412 1
4 413 1
4 414 1
4 415 1
4 416 2
4 417 1
4 418 10
4 419 1
4 420 2
4 421 2
4 422 1
4 423 2
4 424 1
4 425 3
4 426 1
4 427 5
4 428 14
4 429 1
4 430 1
4 431 1
4 432 1
4 433 1
4 434 1
4 435 3
4 436 2
4 437 1
4 438 1
4 439 1
4 440 1
4 441 1
4 442 1
4 443 1
4 444 1
4 445 2
4 446 1
4 447 1
4 448 1
4 449 1
4 450 1
4 451 1
4 452 1
4 453 1
4 454 1
4 455 1
4 456 1
4 457 2
4 458 1
4 459 1
4 460 1
4 461 1
4 462 1
4 463 1
4 464 1
4 465 1
4 466 9
4 467 1
4 468 1
4 469 3
4 470 1
4 471 1
4 472 1
4 473 1
4 474 1
4 475 1
4 476 1
4 477 1
4 478 1
5 1 1
5 3 4
5 6 1
5 10 4
5 11 1
5 14 3
5 15 11
5 25 8
5 27 1
5 28 1
5 32 1
5 37 1
5 39 1
5 40 2
5 52 2
5 53 2
5 54 1
5 58 1
5 60 1
5 66 1
5 72 2
5 76 1
5 77 4
5 79 1
5 84 2
5 99 1
5 106 1
5 108 1
5 109 3
5 121 1
5 127 2
5 137 1
5 141 1
5 146 6
5 156 1
5 157 1
5 161 1
5 166 3
5 169 1
5 171 7
5 172 10
5 174 1
5 175 4
5 176 5
5 181 12
5 182 2
5 184 1
5 185 1
5 193 1
5 200 1
5 208 1
5 213 2
5 215 1
5 225 2
5 228 1
5 229 4
5 233 2
5 241 2
5 245 2
5 250 2
5 259 1
5 261 1
5 278 1
5 316 3
5 326 1
5 327 2
5 337 1
5 344 1
5 369 2
5 371 7
5 382 1
5 408 1
5 413 1
5 435 1
5 438 2
5 444 1
5 460 1
5 466 2
5 479 3
5 480 1
5 481 1
5 482 1
5 483 2
5 484 1
5 485 1
5 486 2
5 487 1
5 488 3
5 489 3
5 490 2
5 491 5
5 492 1
5 493 1
5 494 2
5 495 3
5 496 1
5 497 1
5 498 2
5 499 1
5 500 1
5 501 1
5 502 1
5 503 2
5 504 1
5 505 1
5 506 1
5 507 2
5 508 2
5 509 5
5 510 1
5 511 3
5 512 1
5 513 2
5 514 1
5 515 1
5 516 1
5 517 1
5 518 6
5 519 1
5 520 1
5 521 2
5 522 1
5 523 2
5 524 1
5 525 1
5 526 1
5 527 1
5 528 1
5 529 12
5 530 15
5 531 2
5 532 4
5 533 2
5 534 1
5 535 1
5 536 1
5 537 1
5 538 6
5 539 3
5 540 1
5 541 1
5 542 1
5 543 1
5 544 1
5 545 4
5 546 1
5 547 1
5 548 15
5 549 1
5 550 1
5 551 2
5 552 1
6 1 1
6 3 1
6 6 9
6 10 1
6 14 3
6 16 3
6 24 3
6 28 1
6 32 8
6 40 2
6 46 2
6 48 1
6 50 3
6 52 1
6 53 2
6 60 1
6 64 2
6 66 1
6 72 2
6 77 4
6 91 2
6 95 2
6 99 1
6 105 1
6 106 1
6 111 1
6 127 1
6 133 1
6 143 1
6 146 6
6 149 1
6 155 10
6 156 1
6 164 1
6 166 2
6 171 10
6 172 9
6 173 1
6 174 9
6 177 1
6 178 1
6 180 2
6 181 4
6 182 3
6 187 1
6 189 2
6 191 1
6 200 1
6 208 1
6 209 1
6 211 7
6 213 2
6 242 1
6 245 10
6 246 1
6 250 1
6 254 1
6 255 12
6 256 1
6 257 2
6 259 2
6 273 2
6 276 1
6 277 1
6 278 1
6 289 11
6 299 1
6 313 1
6 340 1
6 342 1
6 343 1
6 360 1
6 385 2
6 389 1
6 399 1
6 408 1
6 412 1
6 418 1
6 420 1
6 426 1
6 430 1
6 437 1
6 444 1
6 461 2
6 462 1
6 472 2
6 476 1
6 479 2
6 480 1
6 489 1
6 490 1
6 493 1
6 503 2
6 507 3
6 515 3
6 516 5
6 518 2
6 529 3
6 534 1
6 535 1
6 537 4
6 539 3
6 548 30
6 553 1
6 554 1
6 555 3
6 556 5
6 557 1
6 558 2
6 559 2
6 560 4
6 561 1
6 562 1
6 563 6
6 564 8
6 565 1
6 566 1
6 567 8
6 568 1
6 569 3
6 570 10
6 571 3
6 572 1
6 573 1
6 574 1
6 575 1
6 576 2
6 577 1
6 578 1
6 579 1
6 580 1
6 581 1
6 582 3
6 583 1
6 584 3
6 585 1
6 586 2
6 587 2
6 588 2
6 589 3
6 590 1
6 591 2
6 592 3
6 593 1
6 594 1
6 595 3
6 596 1
6 597 1
6 598 6
6 599 1
6 600 1
6 601 1
6 602 1
6 603 1
6 604 1
6 605 5
6 606 1
6 607 1
6 608 1
6 609 3
6 610 1
6 611 1
6 612 3
6 613 1
6 614 1
6 615 1
6 616 1
6 617 1
6 618 1
6 619 1
6 620 2
6 621 1
6 622 1
6 623 2
6 624 1
6 625 1
6 626 2
6 627 3
6 628 1
6 629 4
6 630 1
6 631 1
6 632 2
6 633 1
6 634 1
6 635 1
6 636 1
6 637 1
6 638 1
6 639 1
6 640 3
6 641 4
6 642 1
6 643 1
6 644 7
6 645 1
6 646 1
6 647 1
6 648 1
6 649 2
6 650 1
7 1 2
7 2 1
7 3 5
7 4 1
7 10 1
7 14 7
7 15 8
7 26 1
7 28 3
7 32 7
7 35 3
7 40 2
7 43 1
7 50 8
7 51 1
7 52 1
7 53 3
7 54 1
7 57 6
7 58 1
7 64 11
7 66 1
7 68 1
7 72 4
7 76 1
7 77 4
7 78 1
7 85 3
7 88 1
7 91 3
7 102 2
7 104 1
7 106 1
7 108 4
7 111 1
7 112 1
7 127 1
7 130 1
7 132 1
7 133 8
7 143 1
7 145 4
7 146 8
7 148 2
7 152 1
7 155 1
7 156 1
7 164 1
7 166 1
7 171 9
7 172 3
7 174 4
7 178 2
7 181 7
7 182 6
7 188 2
7 189 6
7 191 2
7 192 1
7 193 3
7 200 1
7 201 1
7 203 5
7 204 1
7 205 1
7 208 2
7 209 3
7 211 3
7 213 2
7 223 2
7 225 1
7 229 2
7 231 2
7 232 2
7 235 1
7 236 1
7 241 3
7 242 1
7 243 10
7 245 1
7 246 1
7 250 1
7 255 8
7 256 1
7 257 5
7 259 1
7 266 1
7 277 5
7 279 3
7 282 1
7 284 1
7 286 1
7 299 2
7 302 1
7 309 1
7 312 1
7 319 1
7 336 1
7 337 1
7 339 3
7 340 1
7 341 1
7 343 1
7 354 1
7 360 1
7 369 1
7 389 1
7 398 1
7 408 2
7 414 1
7 430 1
7 437 2
7 438 1
7 460 5
7 461 7
7 481 3
7 492 3
7 499 2
7 503 1
7 517 3
7 522 2
7 548 5
7 559 1
7 563 6
7 573 1
7 580 1
7 598 1
7 617 1
7 651 1
7 652 1
7 653 1
7 654 2
7 655 1
7 656 1
7 657 1
7 658 1
7 659 2
7 660 1
7 661 1
7 662 1
7 663 1
7 664 1
7 665 1
7 666 1
7 667 1
7 668 1
7 669 1
7 670 1
7 671 1
7 672 1
7 673 1
7 674 1
7 675 1
7 676 1
7 677 1
7 678 2
7 679 1
7 680 1
7 681 1
7 682 1
7 683 4
7 684 1
7 685 1
7 686 1
7 687 1
7 688 2
7 689 1
7 690 1
7 691 1
7 692 1
7 693 7
7 694 1
7 695 1
7 696 1
7 697 1
7 698 2
7 699 2
7 700 1
7 701 2
7 702 3
7 703 2
7 704 1
7 705 1
7 706 2
7 707 1
7 708 1
7 709 3
7 710 1
7 711 1
7 712 1
7 713 1
7 714 1
7 715 1
7 716 6
7 717 1
7 718 32
8 3 1
8 10 3
8 14 5
8 15 4
8 19 1
8 28 3
8 32 1
8 35 1
8 40 2
8 48 1
8 49 3
8 53 2
8 54 1
8 55 1
8 66 1
8 67 1
8 72 1
8 74 24
8 77 4
8 85 1
8 91 1
8 102 1
8 105 1
8 106 1
8 112 1
8 126 1
8 127 1
8 138 1
8 141 21
8 146 8
8 148 1
8 152 1
8 156 1
8 158 1
8 161 1
8 172 4
8 173 1
8 174 5
8 175 1
8 178 2
8 181 2
8 182 1
8 185 1
8 189 9
8 191 4
8 192 1
8 193 2
8 201 3
8 204 1
8 205 1
8 208 1
8 209 2
8 213 1
8 216 2
8 219 1
8 223 2
8 233 1
8 234 1
8 235 1
8 236 1
8 240 2
8 245 5
8 247 1
8 250 1
8 259 1
8 261 1
8 283 1
8 293 2
8 302 1
8 339 1
8 343 1
8 344 1
8 349 1
8 358 2
8 369 1
8 371 7
8 385 3
8 388 1
8 389 4
8 391 1
8 401 3
8 402 1
8 404 1
8 425 9
8 428 2
8 432 3
8 433 1
8 437 2
8 447 8
8 452 5
8 454 2
8 460 1
8 462 1
8 473 2
8 493 1
8 504 1
8 522 1
8 529 1
8 539 2
8 563 3
8 579 1
8 667 1
8 683 1
8 685 1
8 691 1
8 715 1
8 717 4
8 719 1
8 720 1
8 721 2
8 722 1
8 723 1
8 724 1
8 725 2
8 726 4
8 727 2
8 728 2
8 729 1
8 730 1
8 731 1
8 732 1
8 733 1
8 734 3
8 735 1
8 736 1
8 737 1
8 738 1
8 739 1
8 740 1
8 741 1
8 742 1
8 743 1
8 744 1
8 745 2
8 746 1
8 747 1
8 748 10
8 749 1
8 750 1
8 751 3
8 752 2
8 753 1
8 754 1
8 755 1
8 756 1
8 757 1
8 758 1
8 759 1
8 760 1
8 761 1
9 14 1
9 126 1
9 232 1
9 315 1
9 326 1
9 342 1
9 418 1
9 461 1
9 762 1
9 763 1
9 764 3
9 765 1
9 766 1
9 767 1
9 768 2
9 769 1
9 770 1
9 771 1
10 1 1
10 3 3
10 7 1
10 10 1
10 14 2
10 26 1
10 28 1
10 32 4
10 34 1
10 37 1
10 40 4
10 41 1
10 42 4
10 48 1
10 50 4
10 52 1
10 53 6
10 54 1
10 57 1
10 66 1
10 72 1
10 74 6
10 76 1
10 77 3
10 84 4
10 91 1
10 95 1
10 102 1
10 105 1
10 106 1
10 108 1
10 111 1
10 114 1
10 124 1
10 132 1
10 138 2
10 141 16
10 143 1
10 146 5
10 148 1
10 149 2
10 152 1
10 155 4
10 156 1
10 166 2
10 171 9
10 172 4
10 173 1
10 174 2
10 178 1
10 181 5
10 182 1
10 188 5
10 189 15
10 200 1
10 208 2
10 211 1
10 213 2
10 214 7
10 216 3
10 241 4
10 245 11
10 250 1
10 254 1
10 259 1
10 273 1
10 284 1
10 289 19
10 296 2
10 302 2
10 319 7
10 368 1
10 371 16
10 389 2
10 407 2
10 408 3
10 423 3
10 425 2
10 433 1
10 437 2
10 460 15
10 461 1
10 462 2
10 476 1
10 477 1
10 480 1
10 489 2
10 490 1
10 491 1
10 499 1
10 508 1
10 510 1
10 513 1
10 516 2
10 522 1
10 533 3
10 541 2
10 548 17
10 563 7
10 569 1
10 573 1
10 580 3
10 616 1
10 667 1
10 690 1
10 691 4
10 696 1
10 706 1
10 708 2
10 717 1
10 719 4
10 743 1
10 758 1
10 761 1
10 766 2
10 771 5
10 772 1
10 773 1
10 774 1
10 775 3
10 776 1
10 777 1
10 778 1
10 779 2
10 780 6
10 781 2
10 782 1
10 783 2
10 784 1
10 785 2
10 786 1
10 787 16
10 788 3
10 789 1
10 790 2
10 791 3
10 792 7
10 793 3
10 794 1
10 795 1
10 796 1
10 797 3
10 798 1
10 799 1
10 800 1
10 801 1
10 802 1
10 803 1
10 804 1
10 805 10
10 806 5
10 807 4
10 808 2
11 3 1
11 10 4
11 14 4
11 15 7
11 28 3
11 32 1
11 35 12
11 40 4
11 42 1
11 45 1
11 50 5
11 51 6
11 53 3
11 54 1
11 63 1
11 64 3
11 66 1
11 72 2
11 77 5
11 85 1
11 91 1
11 102 1
11 105 1
11 106 1
11 111 1
11 112 2
11 127 2
11 136 2
11 139 2
11 143 1
11 146 9
11 156 1
11 166 2
11 171 1
11 178 1
11 181 6
11 191 1
11 192 1
11 200 1
11 201 1
11 203 1
11 204 8
11 205 1
11 209 1
11 212 2
11 213 4
11 223 2
11 229 1
11 231 8
11 232 10
11 235 1
11 236 1
11 241 4
11 245 3
11 250 1
11 259 1
11 262 1
11 276 1
11 277 2
11 278 1
11 280 3
11 286 1
11 309 1
11 319 1
11 336 1
11 337 1
11 340 1
11 344 1
11 345 1
11 377 4
11 390 2
11 405 1
11 409 4
11 416 1
11 432 1
11 438 1
11 448 1
11 463 2
11 506 2
11 580 1
11 595 1
11 617 1
11 624 1
11 701 1
11 703 1
11 715 1
11 717 2
11 745 1
11 747 1
11 755 1
11 792 1
11 793 1
11 800 1
11 809 3
11 810 7
11 811 1
11 812 3
11 813 4
11 814 10
11 815 1
11 816 1
11 817 1
11 818 1
11 819 1
11 820 2
11 821 1
11 822 1
11 823 3
11 824 1
11 825 1
11 826 1
11 827 1
11 828 1
11 829 1
11 830 1
11 831 1
11 832 1
11 833 1
11 834 1
11 835 1
11 836 1
11 837 11
11 838 1
11 839 1
11 840 1
11 841 1
11 842 1
11 843 1
12 3 14
12 10 8
12 13 1
12 14 3
12 15 7
12 28 3
12 32 3
12 35 6
12 40 3
12 42 1
12 50 4
12 53 2
12 54 2
12 56 1
12 57 2
12 61 12
12 66 1
12 67 1
12 70 1
12 72 1
12 77 5
12 85 2
12 91 1
12 102 2
12 106 1
12 108 1
12 111 1
12 112 1
12 119 1
12 124 1
12 127 2
12 130 1
12 136 3
12 139 8
12 143 1
12 145 1
12 146 9
12 148 2
12 156 1
12 166 3
12 174 4
12 175 5
12 177 2
12 178 2
12 181 14
12 182 4
12 188 7
12 192 1
12 193 1
12 195 2
12 200 1
12 203 6
12 204 2
12 205 1
12 208 2
12 209 1
12 211 1
12 213 13
12 215 1
12 216 3
12 219 2
12 223 2
12 231 3
12 232 10
12 234 1
12 235 1
12 236 1
12 241 3
12 250 3
12 256 1
12 259 1
12 262 1
12 268 1
12 271 1
12 278 1
12 293 2
12 305 1
12 337 1
12 343 1
12 360 3
12 389 5
12 405 1
12 437 1
12 438 8
12 467 1
12 487 1
12 499 2
12 505 11
12 506 1
12 510 1
12 522 4
12 529 2
12 537 1
12 592 9
12 616 1
12 623 1
12 630 1
12 667 2
12 690 2
12 696 1
12 706 3
12 732 1
12 758 1
12 760 1
12 789 1
12 790 1
12 800 1
12 804 1
12 807 1
12 814 5
12 821 1
12 824 1
12 825 1
12 827 1
12 829 3
12 833 1
12 837 12
12 844 1
12 845 1
12 846 1
12 847 1
12 848 1
12 849 6
12 850 1
12 851 1
12 852 1
12 853 1
12 854 2
12 855 1
12 856 3
12 857 1
12 858 3
12 859 1
12 860 1
12 861 2
12 862 1
12 863 6
12 864 2
12 865 4
12 866 1
12 867 1
12 868 1
12 869 1
12 870 2
12 871 1
12 872 1
12 873 1
12 874 1
12 875 1
12 876 1
12 877 1
12 878 2
12 879 1
12 880 1
12 881 2
12 882 1
13 2 2
13 3 4
13 6 3
13 10 6
13 12 1
13 14 4
13 15 16
13 26 1
13 28 1
13 32 4
13 35 2
13 40 2
13 42 2
13 50 4
13 52 2
13 53 2
13 54 2
13 57 1
13 64 1
13 66 1
13 72 1
13 74 3
13 76 2
13 77 2
13 84 4
13 85 4
13 90 2
13 91 1
13 105 4
13 106 1
13 111 1
13 119 1
13 120 1
13 137 1
13 138 1
13 141 5
13 142 1
13 143 1
13 146 4
13 156 2
13 158 1
13 160 2
13 166 3
13 169 1
13 171 1
13 172 3
13 174 10
13 178 14
13 181 4
13 182 2
13 189 18
13 195 1
13 200 1
13 201 2
13 203 1
13 209 2
13 211 3
13 213 2
13 215 1
13 216 2
13 245 3
13 247 3
13 250 2
13 255 1
13 256 1
13 259 1
13 260 1
13 268 1
13 270 2
13 282 1
13 284 1
13 299 2
13 341 1
13 343 3
13 345 1
13 351 1
13 355 1
13 358 4
13 368 1
13 371 29
13 378 1
13 383 1
13 386 2
13 401 1
13 402 3
13 410 1
13 411 1
13 412 1
13 418 30
13 422 1
13 428 1
13 435 1
13 437 2
13 438 1
13 462 2
13 466 1
13 481 2
13 491 1
13 492 1
13 528 1
13 534 2
13 579 2
13 625 1
13 693 4
13 701 1
13 703 1
13 706 1
13 717 1
13 747 2
13 753 6
13 758 1
13 785 2
13 792 2
13 828 1
13 883 1
13 884 3
13 885 1
13 886 2
13 887 1
13 888 1
13 889 1
13 890 1
13 891 1
13 892 2
13 893 1
13 894 1
13 895 1
13 896 2
13 897 1
13 898 2
13 899 1
13 900 1
13 901 1
13 902 1
13 903 10
13 904 2
13 905 4
13 906 1
13 907 1
13 908 1
13 909 1
13 910 1
13 911 1
13 912 5
13 913 2
13 914 2
13 915 3
13 916 1
13 917 4
13 918 1
13 919 1
13 920 1
13 921 2
13 922 1
13 923 1
13 924 1
13 925 1
13 926 1
13 927 1
13 928 1
13 929 1
13 930 1
13 931 1
13 932 1
13 933 1
13 934 1
13 935 2
13 936 1
14 2 1
14 3 2
14 10 2
14 14 5
14 15 17
14 19 1
14 28 3
14 32 3
14 35 1
14 40 2
14 42 1
14 50 3
14 51 1
14 52 1
14 53 2
14 54 3
14 56 1
14 66 1
14 72 3
14 76 2
14 77 5
14 84 1
14 85 2
14 91 3
14 102 3
14 106 1
14 108 3
14 111 1
14 112 1
14 114 1
14 119 1
14 123 17
14 124 1
14 126 1
14 127 3
14 133 1
14 136 4
14 139 8
14 143 1
14 145 1
14 146 9
14 154 1
14 156 2
14 160 1
14 166 1
14 171 8
14 172 1
14 174 2
14 178 1
14 181 5
14 182 2
14 186 1
14 188 1
14 189 1
14 192 1
14 195 3
14 201 1
14 204 1
14 205 1
14 211 1
14 213 2
14 223 2
14 225 1
14 231 5
14 232 8
14 235 1
14 236 1
14 241 2
14 245 1
14 250 5
14 259 1
14 262 1
14 278 1
14 280 3
14 282 1
14 284 2
14 285 1
14 293 1
14 309 1
14 316 1
14 319 3
14 337 1
14 350 1
14 351 1
14 385 1
14 389 2
14 401 1
14 402 2
14 411 1
14 416 1
14 423 1
14 428 1
14 435 2
14 437 1
14 438 1
14 447 1
14 455 1
14 458 1
14 462 2
14 466 1
14 475 1
14 489 1
14 491 2
14 499 2
14 503 1
14 505 1
14 515 1
14 522 1
14 539 1
14 612 4
14 624 1
14 627 10
14 680 1
14 689 1
14 693 1
14 701 1
14 706 1
14 717 1
14 726 1
14 735 1
14 758 1
14 759 1
14 770 5
14 793 1
14 799 2
14 800 1
14 812 1
14 814 9
14 821 1
14 823 1
14 824 1
14 837 14
14 840 2
14 841 1
14 878 2
14 887 2
14 889 1
14 891 1
14 901 1
14 908 1
14 937 1
14 938 1
14 939 3
14 940 1
14 941 1
14 942 1
14 943 2
14 944 2
14 945 1
14 946 1
14 947 1
14 948 1
14 949 1
14 950 1
14 951 1
14 952 1
14 953 1
14 954 8
14 955 1
14 956 1
14 957 1
14 958 1
14 959 2
14 960 1
14 961 1
14 962 1
14 963 1
14 964 7
14 965 1
14 966 2
14 967 1
14 968 1
14 969 1
14 970 1
14 971 16
14 972 1
14 973 1
14 974 3
14 975 1
14 976 1
15 1 1
15 3 9
15 14 4
15 15 26
15 16 1
15 25 2
15 32 3
15 35 4
15 40 2
15 49 2
15 50 4
15 52 1
15 53 3
15 54 2
15 57 1
15 63 1
15 64 1
15 70 1
15 71 1
15 72 1
15 77 1
15 84 4
15 86 1
15 91 1
15 95 2
15 96 1
15 102 4
15 104 2
15 106 1
15 108 4
15 111 1
15 114 1
15 119 2
15 126 1
15 130 1
15 132 3
15 135 1
15 136 1
15 137 2
15 141 15
15 143 1
15 144 1
15 146 1
15 148 1
15 149 3
15 152 2
15 155 4
15 156 1
15 164 1
15 165 2
15 166 2
15 171 13
15 172 10
15 174 4
15 177 1
15 178 1
15 180 5
15 181 10
15 182 2
15 188 1
15 189 1
15 191 1
15 200 1
15 203 9
15 208 9
15 209 9
15 211 3
15 225 1
15 234 1
15 241 2
15 242 1
15 243 1
15 245 16
15 250 1
15 255 3
15 259 3
15 262 2
15 270 2
15 281 2
15 284 5
15 287 3
15 293 1
15 305 1
15 309 1
15 314 1
15 317 1
15 319 1
15 336 1
15 337 1
15 342 2
15 343 3
15 354 1
15 360 2
15 362 1
15 368 4
15 371 17
15 374 1
15 383 2
15 389 1
15 390 1
15 407 3
15 408 1
15 416 1
15 423 8
15 428 2
15 433 1
15 437 1
15 460 8
15 462 2
15 466 3
15 467 3
15 476 2
15 477 6
15 479 2
15 481 1
15 482 1
15 483 1
15 489 7
15 499 3
15 503 1
15 507 1
15 508 2
15 518 2
15 522 1
15 529 2
15 533 2
15 534 2
15 536 1
15 539 1
15 541 4
15 548 13
15 563 4
15 567 1
15 573 2
15 575 1
15 579 2
15 591 12
15 594 1
15 598 2
15 621 1
15 627 2
15 654 2
15 660 1
15 665 1
15 667 1
15 678 1
15 690 10
15 703 1
15 727 1
15 732 1
15 736 1
15 758 3
15 759 1
15 765 2
15 772 1
15 774 1
15 776 2
15 782 6
15 791 4
15 793 1
15 795 1
15 796 2
15 799 2
15 801 1
15 805 5
15 806 2
15 811 1
15 827 2
15 855 1
15 867 1
15 913 2
15 922 1
15 930 1
15 933 9
15 941 1
15 952 2
15 957 1
15 967 1
15 972 1
15 977 1
15 978 1
15 979 2
15 980 1
15 981 1
15 982 2
15 983 2
15 984 2
15 985 1
15 986 1
15 987 1
15 988 1
15 989 2
15 990 1
15 991 1
15 992 1
15 993 1
15 994 1
15 995 2
15 996 5
15 997 1
15 998 2
15 999 1
15 1000 1
15 1001 9
15 1002 9
15 1003 1
15 1004 1
15 1005 2
15 1006 1
15 1007 3
15 1008 2
15 1009 1
15 1010 1
15 1011 1
15 1012 1
15 1013 1
15 1014 1
15 1015 1
15 1016 1
15 1017 3
15 1018 1
15 1019 1
15 1020 1
15 1021 1
15 1022 1
15 1023 1
15 1024 1
16 1 2
16 2 4
16 3 3
16 11 1
16 13 1
16 14 17
16 15 18
16 19 2
16 21 8
16 25 1
16 28 1
16 32 1
16 35 1
16 40 4
16 42 1
16 43 4
16 48 1
16 50 1
16 53 1
16 54 6
16 57 3
16 63 3
16 64 1
16 66 1
16 70 5
16 72 1
16 77 2
16 84 4
16 94 1
16 105 2
16 108 7
16 111 1
16 113 3
16 126 6
16 127 2
16 130 1
16 137 3
16 139 1
16 142 7
16 143 1
16 146 4
16 152 1
16 154 1
16 156 1
16 161 1
16 166 3
16 172 2
16 173 2
16 174 7
16 178 3
16 181 6
16 182 1
16 193 3
16 202 3
16 208 1
16 209 1
16 213 1
16 216 13
16 219 1
16 220 1
16 221 6
16 225 1
16 226 2
16 239 5
16 240 1
16 247 1
16 248 1
16 254 1
16 259 2
16 261 1
16 262 3
16 268 2
16 269 5
16 270 1
16 285 1
16 288 1
16 297 1
16 301 1
16 305 2
16 325 1
16 340 3
16 343 4
16 345 1
16 354 1
16 355 1
16 360 2
16 362 1
16 366 1
16 381 1
16 384 2
16 388 1
16 389 6
16 402 2
16 407 1
16 412 1
16 415 1
16 418 4
16 428 2
16 430 2
16 433 5
16 435 1
16 438 2
16 440 2
16 449 5
16 461 1
16 475 2
16 479 1
16 482 1
16 485 1
16 487 1
16 496 1
16 498 1
16 506 1
16 522 8
16 534 1
16 537 4
16 541 1
16 558 1
16 559 2
16 561 1
16 566 1
16 575 1
16 596 1
16 601 1
16 607 1
16 615 2
16 635 1
16 643 2
16 651 2
16 680 1
16 681 1
16 701 10
16 727 1
16 742 2
16 753 1
16 785 1
16 814 1
16 818 1
16 821 2
16 838 1
16 847 1
16 858 1
16 876 1
16 910 3
16 925 1
16 930 21
16 939 2
16 944 1
16 968 1
16 1005 2
16 1025 1
16 1026 2
16 1027 1
16 1028 1
16 1029 3
16 1030 1
16 1031 1
16 1032 1
16 1033 1
16 1034 1
16 1035 1
16 1036 1
16 1037 3
16 1038 3
16 1039 1
16 1040 1
16 1041 2
16 1042 1
16 1043 1
16 1044 2
16 1045 1
16 1046 3
16 1047 1
16 1048 1
16 1049 1
16 1050 1
16 1051 1
16 1052 2
16 1053 1
16 1054 1
16 1055 1
16 1056 2
16 1057 1
16 1058 1
16 1059 3
16 1060 1
16 1061 1
16 1062 1
16 1063 1
16 1064 1
16 1065 1
16 1066 1
16 1067 2
16 1068 1
16 1069 1
16 1070 6
16 1071 1
16 1072 1
16 1073 2
16 1074 1
16 1075 1
16 1076 1
16 1077 2
16 1078 1
16 1079 1
16 1080 1
16 1081 1
16 1082 1
16 1083 2
16 1084 2
16 1085 1
16 1086 1
16 1087 1
16 1088 2
16 1089 1
16 1090 1
16 1091 2
16 1092 2
16 1093 2
16 1094 1
16 1095 3
16 1096 2
16 1097 1
16 1098 1
16 1099 1
16 1100 1
16 1101 1
16 1102 1
16 1103 1
16 1104 1
16 1105 1
16 1106 1
16 1107 2
16 1108 1
16 1109 1
16 1110 1
16 1111 1
16 1112 1
16 1113 1
16 1114 1
16 1115 1
16 1116 1
16 1117 1
16 1118 2
16 1119 1
16 1120 1
16 1121 1
16 1122 3
16 1123 1
16 1124 1
16 1125 2
16 1126 1
16 1127 1
16 1128 11
16 1129 3
16 1130 3
16 1131 47
16 1132 1
16 1133 3
16 1134 5
16 1135 1
16 1136 4
16 1137 1
16 1138 2
16 1139 3
16 1140 1
16 1141 1
16 1142 1
16 1143 3
16 1144 1
16 1145 1
16 1146 1
16 1147 4
16 1148 1
16 1149 1
16 1150 3
16 1151 2
16 1152 1
16 1153 1
16 1154 1
16 1155 1
16 1156 1
16 1157 1
16 1158 13
16 1159 3
16 1160 1
16 1161 1
16 1162 1
16 1163 1
16 1164 1
17 3 1
17 8 3
17 10 3
17 14 1
17 27 1
17 32 1
17 35 1
17 43 1
17 49 2
17 50 2
17 51 1
17 55 2
17 60 1
17 64 3
17 74 1
17 77 1
17 78 1
17 85 1
17 86 2
17 99 1
17 113 2
17 132 1
17 134 3
17 141 1
17 148 1
17 149 1
17 171 4
17 172 1
17 189 1
17 191 2
17 204 1
17 208 1
17 213 1
17 221 1
17 232 2
17 238 1
17 241 2
17 247 3
17 248 2
17 259 1
17 261 2
17 262 3
17 280 1
17 289 6
17 302 1
17 311 1
17 313 1
17 343 1
17 349 1
17 358 1
17 371 1
17 386 1
17 389 1
17 391 1
17 403 1
17 420 1
17 428 2
17 433 1
17 437 2
17 438 1
17 460 1
17 461 1
17 475 1
17 489 1
17 534 1
17 563 1
17 580 1
17 592 1
17 703 1
17 706 1
17 725 2
17 728 1
17 785 1
17 837 1
17 909 1
17 922 1
17 924 1
17 935 1
17 1054 1
17 1101 1
17 1106 1
17 1151 1
17 1165 1
17 1166 1
17 1167 1
17 1168 1
17 1169 1
17 1170 1
17 1171 1
17 1172 1
17 1173 1
17 1174 1
17 1175 1
17 1176 1
17 1177 11
17 1178 1
17 1179 1
17 1180 2
17 1181 1
17 1182 1
17 1183 1
17 1184 2
17 1185 1
18 3 4
18 10 2
18 14 7
18 15 3
18 16 2
18 32 2
18 34 1
18 48 2
18 53 2
18 60 1
18 63 1
18 68 1
18 75 1
18 78 1
18 102 6
18 105 1
18 115 1
18 126 1
18 137 1
18 142 1
18 148 1
18 172 1
18 173 1
18 182 4
18 184 1
18 188 1
18 191 2
18 201 1
18 238 1
18 277 2
18 281 1
18 296 12
18 302 2
18 324 1
18 327 1
18 337 1
18 343 1
18 389 1
18 437 1
18 449 1
18 461 1
18 489 1
18 516 1
18 528 1
18 529 2
18 543 1
18 627 1
18 666 1
18 668 1
18 725 1
18 745 1
18 769 1
18 813 1
18 817 1
18 854 1
18 888 1
18 909 1
18 925 2
18 1005 1
18 1054 1
18 1100 1
18 1101 1
18 1122 1
18 1131 1
18 1148 1
18 1158 1
18 1172 1
18 1186 3
18 1187 3
18 1188 1
18 1189 1
18 1190 1
18 1191 2
18 1192 1
18 1193 1
18 1194 1
18 1195 1
18 1196 1
18 1197 2
18 1198 1
18 1199 1
19 2 2
19 3 4
19 10 2
19 13 1
19 14 4
19 15 5
19 16 2
19 32 1
19 34 1
19 35 1
19 48 2
19 53 1
19 60 1
19 75 1
19 78 1
19 95 3
19 102 3
19 105 1
19 116 1
19 119 1
19 126 2
19 130 1
19 133 1
19 137 1
19 148 1
19 155 1
19 172 1
19 173 1
19 181 1
19 182 4
19 189 3
19 202 1
19 209 2
19 221 1
19 225 2
19 238 1
19 257 1
19 262 1
19 268 1
19 296 12
19 302 1
19 321 1
19 369 2
19 384 1
19 423 1
19 437 1
19 449 1
19 455 2
19 460 1
19 489 1
19 506 1
19 510 1
19 516 1
19 533 1
19 534 1
19 535 1
19 563 1
19 567 3
19 617 1
19 627 1
19 666 1
19 668 1
19 725 1
19 767 2
19 768 1
19 779 1
19 817 2
19 852 2
19 902 1
19 913 1
19 935 1
19 1054 1
19 1061 1
19 1100 1
19 1101 1
19 1122 2
19 1172 1
19 1186 1
19 1188 1
19 1190 1
19 1192 1
19 1199 1
19 1200 1
19 1201 2
19 1202 1
19 1203 1
19 1204 1
19 1205 1
19 1206 1
19 1207 1
20 2 1
20 10 1
20 14 4
20 15 2
20 19 1
20 32 1
20 35 5
20 54 1
20 57 1
20 64 1
20 72 1
20 77 1
20 84 8
20 85 1
20 99 1
20 112 2
20 115 1
20 139 3
20 142 2
20 146 1
20 148 1
20 149 1
20 171 6
20 172 11
20 175 2
20 177 1
20 178 3
20 181 2
20 193 1
20 200 1
20 208 1
20 213 2
20 219 2
20 231 1
20 238 1
20 239 1
20 241 1
20 245 1
20 248 1
20 251 1
20 256 1
20 259 1
20 261 3
20 262 1
20 268 1
20 271 1
20 272 1
20 276 1
20 289 6
20 293 1
20 294 1
20 314 2
20 316 1
20 319 1
20 343 1
20 355 1
20 361 1
20 368 1
20 371 1
20 389 1
20 390 1
20 428 1
20 437 1
20 440 2
20 455 1
20 462 1
20 492 1
20 505 1
20 516 1
20 577 1
20 590 2
20 617 1
20 666 1
20 692 1
20 703 1
20 717 1
20 800 1
20 805 2
20 807 1
20 814 1
20 837 1
20 839 1
20 873 2
20 954 1
20 1016 1
20 1046 1
20 1079 1
20 1087 1
20 1106 1
20 1123 2
20 1158 1
20 1171 1
20 1188 1
20 1205 2
20 1208 2
20 1209 1
20 1210 1
20 1211 1
20 1212 1
20 1213 1
20 1214 1
20 1215 1
20 1216 1
20 1217 1
20 1218 1
20 1219 1
20 1220 1
20 1221 1
20 1222 1
20 1223 1
20 1224 1
20 1225 2
20 1226 1
20 1227 1
20 1228 1
20 1229 1
20 1230 2
20 1231 1
20 1232 1
20 1233 1
20 1234 1
20 1235 1
20 1236 1
21 4 2
21 14 6
21 24 1
21 35 6
21 77 1
21 84 4
21 86 2
21 109 3
21 114 2
21 126 1
21 145 1
21 146 1
21 149 1
21 172 5
21 176 2
21 178 1
21 193 1
21 209 2
21 213 4
21 226 2
21 237 1
21 241 1
21 259 2
21 273 1
21 289 7
21 313 1
21 343 1
21 373 1
21 414 1
21 437 2
21 440 1
21 473 1
21 475 1
21 488 1
21 491 2
21 510 1
21 515 1
21 519 1
21 532 1
21 540 1
21 541 1
21 666 1
21 766 1
21 791 1
21 824 1
21 889 1
21 957 1
21 1005 1
21 1015 2
21 1059 1
21 1117 1
21 1181 1
21 1208 1
21 1221 1
21 1224 1
21 1226 1
21 1230 1
21 1234 1
21 1237 1
21 1238 1
21 1239 1
21 1240 1
21 1241 1
21 1242 1
21 1243 1
21 1244 1
21 1245 1
21 1246 1
21 1247 1
21 1248 1
21 1249 3
21 1250 1
21 1251 1
21 1252 1
21 1253 1
21 1254 1
21 1255 1
22 1 1
22 3 4
22 10 2
22 12 2
22 14 7
22 15 6
22 16 2
22 18 2
22 19 2
22 28 1
22 32 3
22 35 3
22 40 1
22 43 1
22 52 3
22 54 1
22 60 1
22 66 1
22 72 2
22 75 1
22 77 2
22 84 4
22 85 2
22 86 1
22 92 1
22 99 1
22 102 1
22 108 2
22 112 1
22 120 1
22 123 1
22 124 4
22 125 1
22 126 1
22 132 1
22 133 1
22 137 2
22 146 4
22 149 1
22 154 1
22 156 1
22 161 1
22 164 1
22 166 2
22 171 3
22 181 4
22 182 2
22 187 1
22 191 1
22 200 1
22 203 4
22 204 1
22 213 1
22 214 2
22 216 2
22 225 1
22 239 1
22 241 1
22 247 1
22 256 1
22 257 3
22 259 2
22 261 1
22 268 4
22 270 1
22 285 1
22 289 2
22 296 2
22 299 1
22 305 2
22 349 2
22 360 2
22 377 1
22 389 1
22 401 1
22 448 3
22 455 1
22 488 18
22 489 8
22 492 1
22 494 1
22 497 1
22 498 1
22 523 2
22 538 2
22 577 1
22 617 1
22 625 2
22 654 1
22 675 2
22 692 3
22 722 1
22 799 1
22 848 1
22 869 1
22 889 2
22 895 1
22 954 18
22 957 1
22 958 2
22 1005 6
22 1020 2
22 1133 2
22 1134 2
22 1137 1
22 1158 1
22 1173 6
22 1177 1
22 1200 1
22 1230 1
22 1256 1
22 1257 1
22 1258 1
22 1259 2
22 1260 1
22 1261 1
22 1262 1
22 1263 2
22 1264 7
22 1265 1
22 1266 1
22 1267 1
22 1268 2
22 1269 1
22 1270 1
22 1271 2
22 1272 1
22 1273 1
22 1274 1
22 1275 6
22 1276 1
22 1277 1
22 1278 1
22 1279 1
22 1280 1
22 1281 1
22 1282 1
23 2 2
23 3 1
23 10 7
23 13 1
23 14 8
23 15 1
23 18 1
23 19 1
23 25 1
23 35 6
23 40 1
23 48 5
23 50 2
23 52 1
23 54 2
23 56 2
23 57 2
23 60 2
23 74 2
23 85 8
23 86 1
23 95 2
23 106 1
23 112 1
23 116 1
23 119 1
23 123 1
23 124 1
23 126 2
23 127 2
23 137 1
23 140 3
23 141 5
23 142 1
23 148 2
23 152 1
23 158 1
23 160 1
23 166 1
23 168 1
23 170 1
23 171 2
23 172 2
23 174 6
23 175 5
23 177 4
23 180 11
23 181 7
23 182 2
23 184 3
23 189 5
23 191 3
23 193 2
23 200 1
23 201 1
23 202 1
23 203 1
23 204 1
23 213 1
23 221 1
23 232 4
23 234 1
23 245 3
23 247 1
23 251 4
23 255 2
23 261 1
23 262 1
23 272 5
23 280 1
23 289 6
23 293 1
23 294 1
23 297 1
23 299 2
23 302 4
23 316 2
23 321 1
23 329 9
23 343 1
23 345 2
23 352 1
23 353 1
23 354 5
23 358 5
23 371 2
23 385 1
23 398 1
23 401 1
23 402 10
23 405 1
23 407 1
23 414 14
23 420 1
23 423 3
23 428 1
23 432 2
23 436 1
23 437 1
23 438 4
23 448 1
23 450 1
23 452 1
23 454 1
23 460 1
23 468 1
23 475 1
23 476 1
23 477 1
23 478 1
23 487 2
23 489 1
23 505 1
23 510 2
23 522 1
23 562 2
23 563 3
23 596 1
23 627 1
23 630 3
23 699 1
23 710 1
23 715 2
23 717 1
23 726 7
23 728 7
23 733 1
23 753 1
23 768 1
23 771 4
23 778 3
23 785 1
23 790 1
23 799 1
23 800 1
23 824 1
23 833 1
23 837 1
23 848 1
23 884 1
23 886 1
23 891 1
23 915 2
23 926 1
23 1041 1
23 1045 6
23 1050 1
23 1056 1
23 1097 1
23 1130 2
23 1150 1
23 1175 1
23 1181 1
23 1201 1
23 1207 1
23 1211 1
23 1212 2
23 1266 1
23 1282 1
23 1283 1
23 1284 2
23 1285 1
23 1286 1
23 1287 1
23 1288 1
23 1289 1
23 1290 1
23 1291 1
23 1292 1
23 1293 3
23 1294 3
23 1295 1
23 1296 1
23 1297 1
23 1298 2
23 1299 1
23 1300 1
23 1301 2
23 1302 2
23 1303 1
23 1304 1
23 1305 2
23 1306 1
23 1307 1
23 1308 1
23 1309 2
23 1310 1
23 1311 1
23 1312 1
23 1313 1
23 1314 1
23 1315 1
23 1316 1
23 1317 1
23 1318 1
23 1319 1
23 1320 1
23 1321 2
23 1322 1
23 1323 1
24 2 1
24 3 4
24 7 2
24 10 3
24 14 6
24 15 2
24 16 1
24 26 1
24 28 2
24 32 4
24 35 2
24 37 1
24 40 2
24 43 1
24 49 6
24 50 2
24 51 1
24 53 5
24 54 3
24 55 1
24 56 1
24 64 4
24 66 1
24 72 2
24 77 6
24 84 3
24 86 2
24 91 1
24 97 1
24 102 1
24 106 1
24 108 3
24 109 1
24 120 1
24 134 11
24 136 1
24 146 8
24 148 1
24 149 1
24 156 2
24 158 1
24 161 1
24 166 1
24 171 11
24 172 4
24 174 2
24 175 1
24 178 1
24 181 2
24 182 1
24 185 1
24 189 1
24 191 3
24 200 1
24 204 1
24 208 2
24 216 2
24 219 2
24 223 1
24 224 1
24 241 5
24 248 1
24 250 1
24 259 1
24 261 1
24 284 2
24 289 9
24 301 1
24 319 4
24 321 1
24 326 1
24 337 1
24 345 3
24 355 1
24 369 1
24 383 2
24 385 1
24 428 1
24 433 1
24 460 1
24 489 1
24 492 2
24 499 1
24 510 1
24 554 1
24 563 1
24 580 1
24 648 1
24 667 2
24 703 1
24 706 1
24 717 1
24 722 2
24 750 1
24 763 1
24 771 1
24 782 1
24 789 1
24 824 1
24 873 1
24 887 1
24 893 1
24 898 1
24 960 1
24 977 1
24 1000 1
24 1016 1
24 1083 1
24 1084 1
24 1097 3
24 1106 7
24 1135 1
24 1137 1
24 1150 5
24 1151 2
24 1156 1
24 1168 1
24 1172 1
24 1177 14
24 1180 1
24 1230 1
24 1237 1
24 1258 1
24 1324 2
24 1325 1
24 1326 1
24 1327 1
24 1328 1
24 1329 1
24 1330 1
24 1331 1
24 1332 1
24 1333 2
24 1334 1
24 1335 1
24 1336 1
24 1337 1
24 1338 4
24 1339 2
24 1340 2
24 1341 1
24 1342 1
24 1343 1
24 1344 2
24 1345 1
24 1346 2
24 1347 1
24 1348 1
24 1349 3
24 1350 1
24 1351 1
24 1352 1
24 1353 3
24 1354 1
24 1355 1
24 1356 2
24 1357 1
24 1358 1
25 1 1
25 2 5
25 3 12
25 4 2
25 7 2
25 14 3
25 15 2
25 18 1
25 27 1
25 28 1
25 32 5
25 35 1
25 50 1
25 53 2
25 55 2
25 64 3
25 66 1
25 72 3
25 77 5
25 84 3
25 86 1
25 91 2
25 92 1
25 102 3
25 109 1
25 111 1
25 112 1
25 127 1
25 133 8
25 137 1
25 140 1
25 142 5
25 143 1
25 146 6
25 149 3
25 156 2
25 168 1
25 171 1
25 172 4
25 178 1
25 182 7
25 191 1
25 192 1
25 200 1
25 204 1
25 205 1
25 213 2
25 223 2
25 225 1
25 235 1
25 241 1
25 250 1
25 257 6
25 259 1
25 261 2
25 277 5
25 289 4
25 323 1
25 332 1
25 339 4
25 382 1
25 385 1
25 391 1
25 437 1
25 439 2
25 475 1
25 479 9
25 484 1
25 492 1
25 499 1
25 533 1
25 543 1
25 554 1
25 555 1
25 650 1
25 666 1
25 671 1
25 674 2
25 790 1
25 824 2
25 1007 1
25 1054 1
25 1057 1
25 1101 1
25 1106 2
25 1186 1
25 1200 1
25 1258 2
25 1325 1
25 1326 3
25 1345 1
25 1346 3
25 1359 1
25 1360 1
25 1361 1
25 1362 1
25 1363 1
25 1364 1
25 1365 1
25 1366 1
25 1367 1
25 1368 1
25 1369 1
25 1370 1
26 1 1
26 2 1
26 3 1
26 10 5
26 11 1
26 14 7
26 28 1
26 35 4
26 51 1
26 63 2
26 64 1
26 72 2
26 76 2
26 77 4
26 85 2
26 90 1
26 91 1
26 102 1
26 112 2
26 113 3
26 118 1
26 127 1
26 130 1
26 136 1
26 137 2
26 146 2
26 171 1
26 172 1
26 181 4
26 193 1
26 196 1
26 198 17
26 203 3
26 204 2
26 206 2
26 209 2
26 213 1
26 223 2
26 237 1
26 238 2
26 241 1
26 247 1
26 248 5
26 250 3
26 251 2
26 256 1
26 258 1
26 259 3
26 262 2
26 278 2
26 284 2
26 289 2
26 291 1
26 299 1
26 305 1
26 310 1
26 311 1
26 330 1
26 338 1
26 344 1
26 346 2
26 355 2
26 357 1
26 359 1
26 360 2
26 369 1
26 375 1
26 377 1
26 379 1
26 387 1
26 404 2
26 426 2
26 455 1
26 516 1
26 590 2
26 617 1
26 667 1
26 688 1
26 708 1
26 790 2
26 792 2
26 849 1
26 891 1
26 924 1
26 930 1
26 1005 1
26 1011 1
26 1017 1
26 1054 1
26 1101 1
26 1103 1
26 1144 1
26 1209 1
26 1279 1
26 1331 1
26 1353 2
26 1371 1
26 1372 1
26 1373 1
26 1374 1
26 1375 1
26 1376 1
26 1377 1
26 1378 1
26 1379 1
26 1380 1
26 1381 1
26 1382 1
26 1383 1
26 1384 1
26 1385 1
26 1386 1
27 2 1
27 3 1
27 10 9
27 14 1
27 15 1
27 27 3
27 35 4
27 42 1
27 50 1
27 53 1
27 63 1
27 108 1
27 119 1
27 142 10
27 154 2
27 172 1
27 178 1
27 181 1
27 182 2
27 184 1
27 201 1
27 220 1
27 247 3
27 248 1
27 251 1
27 261 1
27 262 1
27 266 10
27 277 2
27 289 3
27 310 1
27 341 1
27 346 1
27 351 1
27 384 3
27 391 1
27 437 1
27 651 1
27 694 1
27 742 3
27 822 1
27 862 1
27 887 1
27 889 1
27 1054 1
27 1101 1
27 1187 1
27 1225 1
27 1283 1
27 1338 2
27 1377 1
27 1387 1
27 1388 1
27 1389 1
27 1390 1
27 1391 1
27 1392 1
27 1393 1
27 1394 1
27 1395 2
27 1396 1
27 1397 3
27 1398 1
27 1399 5
27 1400 1
28 3 1
28 14 9
28 19 1
28 24 1
28 27 1
28 41 1
28 48 4
28 55 1
28 58 1
28 72 1
28 75 1
28 77 2
28 91 1
28 105 3
28 109 3
28 112 1
28 113 3
28 119 1
28 138 1
28 141 6
28 142 5
28 146 1
28 161 1
28 162 1
28 171 1
28 172 9
28 173 3
28 176 1
28 178 1
28 182 1
28 188 1
28 201 1
28 239 1
28 248 1
28 254 1
28 258 1
28 278 2
28 284 1
28 289 2
28 310 1
28 317 1
28 340 1
28 343 4
28 351 1
28 381 2
28 388 1
28 437 1
28 459 2
28 460 1
28 499 1
28 506 2
28 537 1
28 590 1
28 627 3
28 666 1
28 686 1
28 688 3
28 690 1
28 790 1
28 799 1
28 838 1
28 887 1
28 900 1
28 907 1
28 908 1
28 913 1
28 921 1
28 925 1
28 1073 1
28 1078 1
28 1084 1
28 1095 1
28 1126 1
28 1188 2
28 1206 1
28 1226 1
28 1244 1
28 1326 1
28 1353 1
28 1372 2
28 1401 1
28 1402 2
28 1403 1
28 1404 2
28 1405 2
28 1406 1
28 1407 1
28 1408 1
28 1409 1
28 1410 3
28 1411 2
28 1412 1
28 1413 1
28 1414 1
28 1415 1
28 1416 2
28 1417 1
28 1418 1
28 1419 1
28 1420 1
29 1 1
29 2 7
29 3 9
29 8 2
29 10 5
29 13 1
29 14 6
29 15 14
29 21 1
29 26 1
29 28 3
29 29 2
29 32 3
29 35 6
29 40 1
29 41 1
29 42 1
29 48 1
29 50 3
29 51 1
29 53 1
29 55 1
29 60 1
29 63 2
29 68 1
29 70 1
29 72 2
29 74 1
29 76 1
29 77 4
29 79 2
29 84 2
29 85 5
29 86 1
29 91 1
29 94 2
29 96 1
29 102 5
29 105 3
29 106 1
29 112 4
29 115 1
29 116 1
29 119 1
29 127 2
29 128 1
29 133 4
29 137 3
29 141 4
29 142 2
29 145 1
29 146 6
29 148 3
29 149 1
29 152 1
29 156 2
29 158 2
29 162 1
29 164 1
29 171 4
29 172 6
29 173 2
29 174 1
29 178 1
29 181 7
29 182 4
29 186 1
29 189 3
29 191 1
29 203 1
29 204 3
29 209 5
29 213 2
29 220 1
29 221 3
29 223 2
29 225 2
29 229 4
29 231 1
29 235 5
29 237 2
29 245 2
29 247 1
29 248 1
29 250 2
29 254 1
29 255 1
29 258 5
29 259 5
29 262 1
29 264 2
29 275 1
29 278 2
29 280 1
29 285 1
29 289 1
29 296 2
29 302 4
29 306 1
29 312 1
29 314 6
29 320 1
29 329 1
29 346 1
29 354 1
29 355 1
29 358 2
29 360 1
29 366 1
29 371 3
29 385 2
29 388 1
29 398 1
29 402 3
29 407 2
29 410 8
29 414 1
29 418 19
29 428 1
29 433 1
29 437 1
29 438 1
29 444 1
29 449 4
29 454 3
29 455 1
29 458 2
29 479 3
29 489 2
29 491 2
29 492 1
29 499 2
29 505 1
29 519 2
29 522 1
29 554 1
29 577 3
29 594 1
29 627 1
29 642 1
29 665 1
29 672 1
29 693 1
29 703 1
29 705 2
29 715 3
29 717 2
29 722 1
29 724 1
29 735 1
29 736 1
29 747 3
29 766 1
29 792 1
29 799 1
29 801 1
29 805 1
29 813 1
29 827 1
29 832 1
29 878 1
29 884 1
29 898 1
29 901 1
29 909 6
29 915 1
29 935 2
29 941 1
29 944 1
29 1011 3
29 1017 1
29 1083 1
29 1106 2
29 1137 1
29 1151 2
29 1170 1
29 1175 1
29 1177 2
29 1205 8
29 1206 1
29 1229 1
29 1283 1
29 1284 1
29 1293 3
29 1307 3
29 1314 1
29 1315 1
29 1320 1
29 1322 1
29 1326 1
29 1361 1
29 1372 2
29 1401 1
29 1421 1
29 1422 1
29 1423 1
29 1424 1
29 1425 1
29 1426 5
29 1427 1
29 1428 1
29 1429 1
29 1430 1
29 1431 1
29 1432 1
29 1433 3
29 1434 1
29 1435 1
29 1436 1
29 1437 1
29 1438 1
29 1439 1
29 1440 1
29 1441 1
29 1442 1
29 1443 1
29 1444 1
29 1445 1
29 1446 1
29 1447 1
29 1448 1
29 1449 1
29 1450 1
29 1451 1
29 1452 1
30 1 1
30 2 1
30 3 10
30 5 4
30 7 1
30 10 6
30 12 1
30 14 4
30 15 2
30 25 1
30 28 1
30 32 2
30 35 4
30 40 3
30 41 2
30 43 7
30 48 2
30 52 1
30 53 3
30 54 4
30 56 3
30 57 1
30 65 1
30 72 2
30 74 2
30 75 1
30 77 1
30 84 1
30 86 1
30 91 4
30 96 8
30 105 10
30 106 1
30 112 1
30 115 1
30 124 1
30 129 1
30 132 1
30 133 1
30 136 1
30 137 1
30 141 21
30 146 1
30 149 2
30 155 1
30 156 2
30 161 1
30 166 2
30 172 7
30 173 1
30 174 14
30 175 1
30 177 3
30 178 4
30 180 5
30 181 8
30 182 2
30 186 2
30 189 3
30 191 4
30 193 6
30 200 1
30 201 2
30 208 1
30 209 12
30 211 1
30 213 2
30 215 1
30 219 3
30 221 3
30 234 2
30 250 1
30 251 1
30 256 1
30 259 3
30 262 1
30 268 2
30 269 1
30 276 1
30 283 1
30 285 2
30 286 1
30 289 7
30 299 3
30 302 6
30 326 2
30 339 1
30 343 1
30 345 1
30 360 1
30 368 1
30 371 11
30 384 1
30 391 1
30 407 1
30 410 45
30 412 1
30 418 20
30 420 1
30 427 2
30 428 2
30 433 3
30 437 1
30 438 4
30 445 1
30 455 2
30 460 2
30 462 2
30 477 1
30 479 1
30 481 1
30 487 3
30 489 1
30 492 1
30 506 1
30 510 1
30 523 1
30 563 1
30 588 1
30 621 4
30 650 3
30 660 4
30 667 1
30 678 1
30 692 3
30 701 2
30 705 1
30 742 2
30 743 1
30 792 3
30 799 3
30 800 1
30 805 1
30 828 1
30 869 2
30 873 3
30 878 1
30 884 4
30 891 1
30 896 1
30 898 6
30 915 1
30 919 1
30 953 1
30 954 3
30 959 1
30 1050 2
30 1078 1
30 1092 1
30 1096 2
30 1150 1
30 1205 2
30 1261 1
30 1287 2
30 1313 1
30 1314 2
30 1323 2
30 1326 2
30 1344 1
30 1447 1
30 1448 1
30 1453 2
30 1454 5
30 1455 2
30 1456 2
30 1457 1
30 1458 1
30 1459 1
30 1460 1
30 1461 1
30 1462 5
30 1463 4
30 1464 1
30 1465 1
30 1466 1
30 1467 1
30 1468 1
30 1469 1
30 1470 4
30 1471 3
30 1472 1
30 1473 1
30 1474 2
30 1475 1
30 1476 1
30 1477 1
30 1478 1
30 1479 1
30 1480 2
30 1481 1
30 1482 1
30 1483 1
30 1484 1
31 2 1
31 10 6
31 13 1
31 14 2
31 15 3
31 42 1
31 50 1
31 106 1
31 111 1
31 113 4
31 143 1
31 164 1
31 172 2
31 178 1
31 200 1
31 201 1
31 202 1
31 221 1
31 239 1
31 247 1
31 262 2
31 281 6
31 351 1
31 360 1
31 404 1
31 407 1
31 437 1
31 481 2
31 482 1
31 522 1
31 534 1
31 667 1
31 703 1
31 799 1
31 862 1
31 878 3
31 901 2
31 1106 1
31 1158 4
31 1266 1
31 1270 9
31 1301 1
31 1382 3
31 1485 2
31 1486 1
31 1487 2
32 3 2
32 10 4
32 14 4
32 15 1
32 35 1
32 50 1
32 51 1
32 111 1
32 126 1
32 143 1
32 172 2
32 178 1
32 181 1
32 192 1
32 237 1
32 248 1
32 251 1
32 262 2
32 268 1
32 281 2
32 289 1
32 310 1
32 334 1
32 341 1
32 346 1
32 401 1
32 437 1
32 522 1
32 600 1
32 809 1
32 1054 1
32 1101 1
32 1158 2
32 1267 1
32 1270 2
32 1385 1
32 1488 1
32 1489 6
33 3 4
33 4 2
33 10 3
33 11 1
33 13 1
33 14 4
33 15 8
33 28 3
33 32 6
33 35 3
33 37 2
33 40 2
33 42 1
33 45 1
33 48 3
33 49 4
33 51 2
33 52 1
33 53 1
33 54 1
33 57 1
33 58 3
33 63 1
33 72 3
33 73 2
33 75 3
33 77 5
33 84 1
33 85 4
33 91 1
33 99 1
33 102 3
33 105 3
33 106 1
33 112 1
33 118 1
33 119 1
33 132 1
33 133 2
33 136 2
33 137 2
33 138 1
33 142 1
33 145 1
33 146 9
33 152 6
33 153 1
33 156 2
33 158 3
33 161 1
33 166 1
33 168 1
33 171 5
33 172 4
33 173 3
33 174 1
33 177 3
33 181 4
33 182 6
33 184 1
33 187 1
33 189 1
33 191 1
33 192 1
33 193 1
33 201 2
33 203 1
33 204 6
33 205 1
33 208 1
33 212 1
33 213 2
33 217 11
33 221 1
33 223 2
33 225 2
33 234 1
33 235 1
33 236 1
33 245 3
33 247 1
33 248 1
33 250 2
33 257 1
33 259 4
33 261 2
33 268 2
33 273 1
33 274 1
33 278 1
33 280 1
33 281 8
33 283 2
33 286 2
33 287 1
33 288 1
33 289 1
33 293 1
33 296 2
33 297 1
33 299 2
33 302 1
33 315 1
33 321 1
33 326 1
33 337 1
33 341 1
33 342 3
33 343 1
33 351 1
33 358 3
33 371 1
33 407 1
33 415 1
33 418 6
33 426 1
33 428 2
33 433 1
33 449 1
33 450 1
33 456 1
33 462 1
33 489 1
33 492 1
33 506 1
33 508 1
33 523 1
33 543 1
33 554 1
33 588 1
33 594 1
33 706 1
33 714 1
33 747 1
33 753 1
33 758 1
33 800 2
33 807 1
33 822 1
33 848 1
33 860 1
33 862 1
33 889 1
33 901 1
33 913 1
33 930 2
33 1005 1
33 1018 1
33 1083 1
33 1097 1
33 1144 1
33 1158 1
33 1166 1
33 1181 1
33 1186 1
33 1195 1
33 1205 3
33 1211 1
33 1224 1
33 1284 2
33 1305 1
33 1315 1
33 1325 1
33 1326 1
33 1351 1
33 1440 1
33 1458 1
33 1490 1
33 1491 1
33 1492 1
33 1493 1
33 1494 1
33 1495 1
33 1496 1
33 1497 1
33 1498 3
33 1499 3
33 1500 1
33 1501 1
33 1502 1
33 1503 2
33 1504 1
33 1505 1
33 1506 1
33 1507 1
33 1508 1
33 1509 1
33 1510 3
33 1511 1
33 1512 1
33 1513 1
33 1514 1
33 1515 1
33 1516 1
34 2 1
34 4 1
34 10 1
34 12 1
34 13 1
34 14 8
34 15 2
34 19 1
34 27 1
34 32 2
34 39 1
34 48 2
34 50 1
34 75 1
34 77 1
34 85 2
34 105 2
34 108 1
34 111 1
34 112 1
34 113 2
34 119 1
34 141 9
34 142 13
34 143 1
34 146 1
34 153 1
34 171 1
34 172 9
34 173 2
34 178 1
34 181 2
34 182 2
34 191 1
34 193 1
34 201 3
34 220 1
34 222 5
34 239 2
34 245 1
34 247 1
34 251 1
34 256 1
34 280 1
34 281 2
34 289 3
34 291 3
34 310 1
34 317 1
34 338 1
34 343 1
34 346 1
34 381 1
34 384 2
34 388 1
34 404 2
34 428 1
34 437 2
34 482 1
34 522 1
34 534 1
34 535 2
34 627 7
34 651 1
34 658 2
34 686 1
34 688 2
34 696 1
34 697 1
34 712 1
34 785 3
34 790 1
34 862 2
34 900 1
34 913 2
34 922 1
34 939 1
34 1047 1
34 1077 1
34 1078 1
34 1121 1
34 1128 1
34 1139 1
34 1158 1
34 1189 1
34 1226 1
34 1266 1
34 1267 1
34 1270 1
34 1283 1
34 1354 1
34 1372 2
34 1402 9
34 1404 1
34 1405 2
34 1406 1
34 1410 1
34 1411 1
34 1412 1
34 1414 1
34 1416 2
34 1419 1
34 1517 1
34 1518 1
34 1519 1
34 1520 1
34 1521 1
34 1522 1
34 1523 1
34 1524 1
34 1525 1
34 1526 1
34 1527 1
35 2 1
35 14 8
35 19 1
35 27 1
35 32 1
35 48 2
35 50 1
35 56 1
35 60 1
35 63 2
35 75 1
35 77 2
35 78 1
35 90 1
35 98 1
35 105 2
35 108 1
35 111 1
35 112 1
35 113 1
35 116 1
35 127 1
35 141 3
35 142 16
35 143 1
35 146 1
35 171 1
35 172 10
35 173 2
35 178 1
35 181 1
35 188 1
35 191 2
35 194 1
35 203 1
35 216 1
35 238 1
35 239 2
35 241 1
35 244 1
35 251 1
35 261 1
35 262 1
35 269 2
35 276 1
35 278 2
35 289 6
35 291 4
35 343 1
35 346 6
35 351 1
35 354 1
35 361 1
35 381 1
35 382 1
35 384 1
35 385 2
35 388 1
35 415 1
35 428 1
35 437 2
35 474 1
35 475 1
35 499 1
35 510 2
35 522 1
35 554 2
35 562 1
35 573 1
35 627 2
35 630 1
35 666 2
35 667 1
35 690 1
35 735 1
35 746 4
35 790 1
35 827 1
35 862 1
35 907 1
35 913 1
35 925 1
35 1007 1
35 1135 1
35 1139 1
35 1149 1
35 1182 1
35 1213 1
35 1226 1
35 1230 1
35 1244 11
35 1346 2
35 1353 1
35 1372 2
35 1387 1
35 1402 4
35 1405 2
35 1406 2
35 1410 2
35 1412 4
35 1415 1
35 1416 2
35 1427 1
35 1521 1
35 1528 2
35 1529 1
35 1530 1
35 1531 1
35 1532 2
35 1533 1
35 1534 1
35 1535 2
35 1536 1
35 1537 1
35 1538 1
35 1539 1
35 1540 1
35 1541 1
35 1542 1
35 1543 1
35 1544 1
35 1545 1
35 1546 1
35 1547 1
35 1548 1
35 1549 1
35 1550 1
36 1 1
36 2 6
36 3 4
36 6 2
36 10 17
36 13 1
36 14 7
36 15 19
36 18 2
36 26 1
36 28 1
36 32 3
36 35 3
36 40 2
36 48 1
36 50 1
36 51 1
36 52 1
36 53 1
36 54 2
36 55 2
36 66 1
36 68 1
36 70 1
36 72 2
36 75 1
36 76 4
36 77 8
36 84 5
36 85 3
36 86 2
36 91 1
36 95 8
36 99 1
36 102 1
36 105 5
36 106 1
36 108 1
36 111 1
36 112 2
36 118 2
36 127 3
36 128 4
36 132 1
36 133 1
36 143 1
36 145 1
36 146 12
36 149 4
36 156 2
36 166 1
36 171 1
36 172 16
36 173 1
36 174 7
36 175 1
36 177 2
36 178 1
36 181 4
36 182 4
36 185 1
36 191 1
36 192 1
36 200 1
36 201 3
36 202 4
36 204 1
36 205 1
36 213 3
36 216 1
36 221 1
36 223 2
36 233 1
36 239 1
36 250 3
36 258 3
36 259 1
36 262 1
36 264 3
36 278 1
36 286 8
36 293 1
36 296 1
36 313 1
36 314 1
36 341 1
36 343 2
36 351 4
36 354 1
36 358 1
36 360 1
36 407 15
36 410 4
36 418 36
36 420 1
36 428 1
36 430 1
36 435 1
36 440 1
36 444 1
36 447 1
36 472 1
36 485 1
36 492 1
36 505 1
36 506 1
36 507 1
36 510 1
36 519 2
36 534 1
36 537 2
36 554 1
36 558 1
36 577 1
36 579 5
36 648 1
36 686 1
36 692 2
36 696 1
36 705 2
36 790 1
36 824 1
36 827 1
36 884 1
36 889 2
36 905 3
36 909 1
36 914 1
36 922 1
36 926 1
36 959 1
36 997 1
36 1011 1
36 1038 1
36 1062 1
36 1064 1
36 1098 1
36 1106 1
36 1117 1
36 1181 1
36 1230 1
36 1253 1
36 1255 1
36 1258 1
36 1310 1
36 1325 1
36 1341 1
36 1374 1
36 1425 1
36 1435 1
36 1439 1
36 1447 1
36 1452 1
36 1469 1
36 1488 1
36 1521 6
36 1536 1
36 1551 1
36 1552 1
36 1553 1
36 1554 1
36 1555 1
36 1556 1
36 1557 1
36 1558 1
36 1559 2
36 1560 1
36 1561 1
36 1562 1
36 1563 1
36 1564 1
36 1565 1
36 1566 3
36 1567 4
36 1568 3
36 1569 1
36 1570 1
36 1571 1
36 1572 1
36 1573 1
36 1574 1
36 1575 1
36 1576 1
36 1577 1
36 1578 4
36 1579 14
36 1580 1
36 1581 1
36 1582 1
36 1583 1
36 1584 1
37 1 1
37 2 1
37 8 1
37 10 3
37 14 3
37 15 5
37 32 1
37 43 1
37 50 1
37 63 1
37 64 2
37 84 2
37 88 2
37 106 1
37 111 1
37 134 1
37 141 1
37 143 1
37 149 1
37 164 1
37 172 6
37 177 1
37 178 1
37 188 1
37 193 2
37 200 1
37 201 1
37 203 1
37 204 1
37 220 1
37 221 1
37 314 1
37 412 1
37 433 1
37 437 1
37 438 1
37 440 1
37 441 1
37 445 7
37 455 1
37 462 2
37 481 1
37 492 1
37 630 1
37 650 1
37 660 2
37 666 1
37 818 1
37 873 1
37 876 1
37 893 3
37 909 1
37 922 1
37 932 5
37 1016 1
37 1041 1
37 1087 1
37 1151 1
37 1181 1
37 1186 1
37 1227 1
37 1230 1
37 1585 1
37 1586 1
37 1587 1
37 1588 1
37 1589 1
38 1 1
38 3 1
38 10 4
38 14 3
38 15 3
38 35 1
38 50 1
38 84 2
38 85 1
38 95 1
38 105 1
38 106 1
38 111 1
38 126 1
38 138 1
38 143 1
38 155 2
38 162 1
38 164 1
38 172 2
38 173 1
38 178 1
38 181 1
38 182 4
38 189 2
38 191 2
38 200 1
38 204 2
38 209 4
38 221 1
38 231 3
38 232 3
38 247 1
38 261 1
38 262 1
38 266 1
38 268 1
38 287 1
38 289 1
38 345 1
38 360 1
38 368 3
38 388 1
38 391 1
38 402 2
38 425 6
38 437 1
38 462 2
38 481 2
38 482 1
38 518 4
38 534 1
38 594 1
38 650 1
38 675 4
38 706 2
38 710 1
38 719 5
38 732 1
38 827 2
38 862 1
38 874 1
38 891 1
38 919 1
38 954 7
38 1015 2
38 1445 1
38 1590 3
38 1591 1
38 1592 1
38 1593 6
38 1594 1
38 1595 2
38 1596 1
38 1597 1
39 3 2
39 10 6
39 13 1
39 14 3
39 19 1
39 30 1
39 40 2
39 43 1
39 48 2
39 50 1
39 51 1
39 52 1
39 53 3
39 54 1
39 63 4
39 66 1
39 72 3
39 76 1
39 77 5
39 85 10
39 87 1
39 91 1
39 95 1
39 96 1
39 102 1
39 105 1
39 106 1
39 111 1
39 112 1
39 113 1
39 119 1
39 123 2
39 132 1
39 143 1
39 146 5
39 155 1
39 156 2
39 164 1
39 166 2
39 170 1
39 172 2
39 173 1
39 174 4
39 177 1
39 178 1
39 181 3
39 182 8
39 185 1
39 189 1
39 191 1
39 192 2
39 193 1
39 200 1
39 201 1
39 204 1
39 205 1
39 208 1
39 209 1
39 212 1
39 213 2
39 216 3
39 221 1
39 223 2
39 231 2
39 232 6
39 233 1
39 235 1
39 238 1
39 241 1
39 243 1
39 247 2
39 250 1
39 254 1
39 258 2
39 259 4
39 261 1
39 262 3
39 268 1
39 271 1
39 272 8
39 279 2
39 280 1
39 281 2
39 284 2
39 286 6
39 287 1
39 288 1
39 289 6
39 310 1
39 329 1
39 337 1
39 341 3
39 346 6
39 354 1
39 358 1
39 360 1
39 368 1
39 376 1
39 389 1
39 401 1
39 402 3
39 405 4
39 410 1
39 418 3
39 428 1
39 432 1
39 435 1
39 448 1
39 470 1
39 492 1
39 506 1
39 510 1
39 534 2
39 635 2
39 650 1
39 673 1
39 675 1
39 688 1
39 693 1
39 701 1
39 708 2
39 715 1
39 717 3
39 722 1
39 800 1
39 824 1
39 843 2
39 881 1
39 901 1
39 935 1
39 954 1
39 968 1
39 986 1
39 1011 1
39 1050 1
39 1083 1
39 1121 1
39 1158 1
39 1180 1
39 1205 1
39 1266 4
39 1283 1
39 1288 1
39 1301 1
39 1325 1
39 1594 1
39 1598 1
39 1599 1
39 1600 1
39 1601 2
39 1602 9
39 1603 8
39 1604 1
39 1605 1
39 1606 1
39 1607 1
39 1608 2
39 1609 2
39 1610 1
39 1611 1
39 1612 1
39 1613 1
40 3 1
40 10 8
40 14 3
40 15 7
40 18 2
40 19 1
40 32 1
40 40 1
40 48 2
40 52 2
40 53 1
40 54 1
40 66 1
40 72 2
40 74 1
40 77 6
40 84 7
40 85 12
40 87 1
40 91 1
40 95 1
40 97 2
40 102 1
40 105 2
40 106 1
40 108 1
40 109 1
40 112 1
40 123 3
40 124 1
40 132 2
40 136 1
40 139 14
40 145 1
40 146 10
40 148 1
40 149 1
40 154 1
40 155 1
40 156 1
40 160 2
40 164 1
40 166 2
40 170 1
40 171 1
40 172 2
40 173 1
40 174 6
40 175 4
40 177 1
40 181 3
40 182 9
40 189 4
40 191 1
40 192 1
40 193 1
40 200 1
40 201 1
40 204 3
40 205 1
40 209 1
40 211 1
40 212 1
40 213 2
40 216 2
40 219 4
40 221 2
40 223 2
40 224 1
40 226 1
40 231 4
40 232 10
40 233 2
40 247 2
40 250 6
40 254 1
40 255 2
40 259 1
40 272 3
40 278 1
40 280 1
40 284 2
40 285 1
40 296 3
40 321 1
40 329 1
40 337 1
40 349 1
40 354 1
40 358 3
40 360 1
40 368 2
40 371 1
40 388 1
40 391 2
40 402 4
40 405 3
40 407 2
40 423 1
40 425 2
40 435 1
40 437 1
40 452 2
40 467 1
40 470 1
40 481 2
40 487 1
40 489 1
40 491 1
40 505 1
40 506 1
40 532 1
40 534 1
40 552 1
40 563 1
40 635 1
40 675 3
40 706 1
40 708 1
40 715 2
40 717 1
40 722 1
40 724 1
40 747 1
40 812 1
40 816 1
40 837 1
40 840 1
40 881 1
40 889 1
40 893 2
40 896 2
40 916 3
40 954 1
40 1027 1
40 1062 1
40 1082 1
40 1083 1
40 1106 3
40 1158 1
40 1183 1
40 1215 1
40 1225 1
40 1230 1
40 1283 1
40 1301 1
40 1325 1
40 1405 1
40 1427 1
40 1466 1
40 1551 1
40 1594 1
40 1605 1
40 1611 1
40 1612 1
40 1614 1
40 1615 1
40 1616 1
40 1617 1
40 1618 1
40 1619 2
40 1620 2
40 1621 1
40 1622 27
40 1623 1
40 1624 1
40 1625 1
40 1626 1
40 1627 2
40 1628 1
40 1629 2
41 1 1
41 2 1
41 10 3
41 14 3
41 15 1
41 27 3
41 35 3
41 42 1
41 50 1
41 74 3
41 76 1
41 77 1
41 78 1
41 85 5
41 105 1
41 111 1
41 112 1
41 123 13
41 139 1
41 141 2
41 143 1
41 146 1
41 148 1
41 152 1
41 160 2
41 172 4
41 178 1
41 181 3
41 182 5
41 209 1
41 221 3
41 229 1
41 231 1
41 232 2
41 235 2
41 247 1
41 250 3
41 256 1
41 272 4
41 279 1
41 280 1
41 284 1
41 286 1
41 293 1
41 324 1
41 342 2
41 358 2
41 360 3
41 371 1
41 381 1
41 402 4
41 414 6
41 423 2
41 437 2
41 481 2
41 500 1
41 635 4
41 706 2
41 710 1
41 728 1
41 827 1
41 874 2
41 889 1
41 916 2
41 954 1
41 1005 1
41 1136 1
41 1158 3
41 1173 1
41 1181 1
41 1198 2
41 1230 1
41 1283 1
41 1309 1
41 1445 2
41 1562 1
41 1594 1
41 1595 1
41 1626 1
41 1630 2
41 1631 1
41 1632 1
41 1633 1
41 1634 2
41 1635 1
41 1636 1
41 1637 1
42 10 7
42 14 2
42 32 3
42 42 1
42 50 1
42 72 1
42 76 1
42 84 1
42 85 2
42 88 3
42 90 1
42 93 1
42 105 2
42 106 1
42 111 1
42 123 3
42 143 1
42 149 1
42 160 1
42 164 1
42 172 5
42 178 1
42 181 1
42 182 3
42 191 1
42 200 1
42 201 1
42 220 2
42 221 1
42 229 1
42 232 1
42 238 1
42 242 2
42 245 1
42 259 1
42 262 1
42 272 2
42 289 5
42 338 1
42 358 1
42 362 1
42 368 1
42 382 1
42 385 2
42 402 1
42 403 1
42 407 1
42 414 1
42 428 1
42 438 7
42 450 1
42 453 1
42 522 1
42 534 1
42 675 3
42 680 2
42 706 2
42 728 1
42 873 1
42 916 1
42 957 1
42 1158 1
42 1180 1
42 1255 1
42 1283 1
42 1302 1
42 1433 1
42 1492 5
42 1594 1
42 1638 4
43 2 1
43 3 8
43 10 10
43 13 1
43 14 1
43 15 12
43 19 2
43 23 1
43 28 2
43 35 1
43 40 2
43 50 3
43 51 1
43 52 1
43 53 2
43 54 2
43 57 1
43 60 3
43 72 3
43 74 2
43 76 3
43 77 5
43 85 13
43 86 1
43 91 1
43 95 6
43 96 1
43 102 1
43 105 1
43 106 1
43 112 3
43 115 1
43 119 2
43 123 5
43 124 1
43 127 1
43 128 1
43 132 1
43 140 4
43 141 1
43 142 1
43 146 7
43 155 1
43 156 2
43 160 4
43 166 2
43 170 1
43 171 2
43 172 5
43 174 7
43 175 3
43 177 1
43 178 2
43 180 5
43 181 6
43 182 7
43 185 1
43 188 1
43 189 6
43 191 1
43 192 2
43 193 1
43 200 1
43 201 1
43 203 1
43 204 4
43 205 1
43 208 1
43 209 4
43 213 2
43 221 3
43 223 2
43 231 3
43 235 1
43 236 1
43 237 1
43 245 2
43 247 1
43 250 5
43 255 2
43 259 3
43 262 1
43 264 1
43 270 1
43 272 6
43 278 1
43 280 1
43 282 1
43 284 1
43 286 1
43 293 3
43 294 1
43 302 2
43 309 1
43 312 1
43 314 1
43 329 2
43 343 2
43 344 1
43 345 1
43 366 1
43 385 2
43 391 1
43 402 3
43 407 1
43 410 3
43 414 1
43 418 17
43 420 2
43 421 1
43 423 2
43 428 5
43 433 2
43 436 2
43 438 1
43 440 1
43 449 1
43 452 1
43 454 2
43 455 2
43 458 1
43 460 1
43 462 1
43 463 1
43 468 1
43 476 1
43 477 2
43 481 1
43 487 1
43 488 1
43 489 1
43 499 1
43 505 1
43 510 1
43 522 1
43 523 1
43 528 3
43 563 3
43 577 1
43 579 2
43 613 1
43 642 1
43 650 1
43 665 1
43 673 1
43 693 4
43 695 1
43 706 2
43 715 3
43 727 1
43 728 1
43 735 1
43 747 2
43 781 1
43 797 1
43 800 2
43 809 3
43 832 1
43 840 1
43 852 1
43 874 1
43 878 1
43 886 1
43 888 1
43 891 2
43 905 2
43 909 5
43 912 2
43 915 1
43 916 1
43 924 1
43 937 1
43 957 1
43 1050 1
43 1053 1
43 1100 1
43 1106 1
43 1170 1
43 1205 6
43 1206 2
43 1212 1
43 1230 1
43 1283 2
43 1284 1
43 1287 2
43 1293 2
43 1298 1
43 1299 1
43 1305 1
43 1307 1
43 1309 1
43 1314 1
43 1315 1
43 1320 3
43 1323 2
43 1325 1
43 1384 1
43 1401 1
43 1421 1
43 1422 1
43 1428 1
43 1431 1
43 1436 1
43 1437 2
43 1445 1
43 1446 1
43 1467 1
43 1471 1
43 1482 1
43 1488 2
43 1594 1
43 1639 2
43 1640 1
43 1641 2
43 1642 1
43 1643 1
43 1644 1
43 1645 1
43 1646 1
43 1647 2
43 1648 1
43 1649 1
43 1650 1
43 1651 3
44 14 3
44 15 7
44 16 1
44 28 2
44 35 2
44 40 4
44 41 1
44 50 2
44 53 7
44 54 2
44 57 1
44 64 1
44 72 3
44 77 4
44 84 1
44 85 2
44 91 3
44 93 1
44 102 1
44 106 1
44 112 2
44 127 2
44 146 6
44 156 3
44 158 7
44 166 3
44 171 3
44 172 2
44 178 2
44 181 2
44 189 1
44 192 2
44 194 2
44 197 2
44 198 3
44 199 7
44 200 1
44 201 1
44 202 1
44 203 3
44 204 1
44 205 1
44 206 2
44 208 1
44 209 2
44 213 2
44 215 1
44 216 1
44 220 1
44 221 3
44 223 2
44 227 1
44 231 1
44 232 3
44 233 1
44 235 1
44 236 1
44 238 1
44 240 1
44 241 1
44 244 2
44 245 3
44 249 1
44 250 1
44 251 1
44 252 1
44 255 1
44 256 2
44 259 1
44 261 1
44 268 1
44 271 1
44 272 1
44 279 1
44 282 1
44 299 1
44 303 1
44 306 3
44 310 1
44 330 1
44 337 1
44 357 1
44 359 1
44 360 1
44 371 4
44 374 3
44 375 1
44 379 1
44 382 1
44 387 1
44 389 1
44 390 1
44 403 1
44 407 1
44 409 1
44 418 1
44 437 1
44 466 1
44 475 1
44 489 9
44 490 2
44 499 1
44 506 1
44 579 1
44 627 3
44 670 1
44 673 1
44 678 1
44 681 1
44 683 1
44 685 1
44 703 1
44 706 1
44 715 1
44 717 5
44 731 1
44 737 1
44 743 1
44 773 1
44 781 1
44 789 1
44 845 1
44 933 2
44 1053 1
44 1155 1
44 1205 2
44 1215 2
44 1335 1
44 1372 1
44 1373 1
44 1405 3
44 1416 2
44 1475 1
44 1562 1
44 1630 1
44 1643 1
44 1652 1
44 1653 1
44 1654 1
44 1655 1
44 1656 1
44 1657 1
44 1658 1
44 1659 1
44 1660 1
44 1661 1
44 1662 1
44 1663 1
44 1664 5
44 1665 1
44 1666 1
44 1667 1
44 1668 1
44 1669 1
44 1670 1
44 1671 2
44 1672 1
44 1673 1
44 1674 1
44 1675 1
45 2 1
45 3 1
45 10 4
45 14 1
45 15 3
45 45 1
45 50 1
45 56 1
45 60 11
45 84 7
45 105 2
45 106 1
45 108 1
45 111 1
45 119 1
45 143 1
45 152 1
45 164 1
45 172 1
45 178 2
45 180 1
45 181 1
45 182 2
45 185 1
45 189 2
45 193 1
45 200 1
45 216 1
45 239 1
45 251 1
45 261 1
45 262 1
45 302 1
45 316 1
45 391 1
45 433 1
45 437 1
45 503 2
45 528 2
45 604 1
45 615 1
45 675 1
45 680 1
45 742 1
45 753 2
45 767 1
45 815 1
45 823 1
45 902 1
45 939 1
45 960 1
45 1187 1
45 1213 1
45 1503 1
45 1508 2
45 1595 1
45 1676 1
45 1677 3
45 1678 1
45 1679 1
45 1680 2
45 1681 1
45 1682 1
46 2 3
46 10 4
46 12 2
46 14 3
46 15 8
46 19 1
46 34 2
46 35 3
46 40 2
46 41 1
46 48 4
46 52 1
46 53 4
46 54 2
46 57 1
46 64 1
46 72 2
46 75 1
46 76 1
46 91 1
46 105 1
46 106 1
46 109 2
46 119 1
46 130 1
46 139 8
46 140 1
46 141 2
46 145 1
46 155 1
46 156 1
46 161 2
46 164 1
46 166 2
46 172 5
46 173 1
46 174 4
46 175 1
46 177 1
46 182 2
46 184 1
46 189 1
46 200 1
46 201 2
46 202 1
46 211 1
46 221 5
46 243 5
46 245 4
46 247 1
46 250 4
46 254 1
46 262 1
46 277 1
46 287 1
46 289 1
46 299 1
46 316 1
46 338 1
46 354 1
46 363 2
46 368 1
46 369 1
46 371 2
46 377 2
46 384 1
46 428 1
46 433 2
46 435 2
46 437 1
46 448 1
46 462 5
46 466 1
46 473 1
46 477 2
46 489 2
46 491 1
46 492 1
46 494 2
46 510 1
46 523 2
46 537 1
46 548 1
46 563 1
46 577 1
46 580 1
46 596 1
46 622 1
46 641 1
46 650 1
46 680 3
46 710 1
46 717 2
46 720 21
46 737 1
46 744 2
46 747 3
46 767 1
46 791 3
46 805 4
46 838 1
46 871 1
46 889 1
46 909 1
46 952 1
46 973 1
46 1011 1
46 1027 1
46 1100 1
46 1158 5
46 1210 1
46 1246 1
46 1287 5
46 1304 3
46 1305 1
46 1323 5
46 1388 2
46 1410 2
46 1425 1
46 1545 1
46 1566 1
46 1593 1
46 1683 3
46 1684 1
46 1685 10
46 1686 1
46 1687 1
46 1688 1
46 1689 1
46 1690 1
46 1691 1
46 1692 1
46 1693 1
46 1694 1
46 1695 1
46 1696 2
46 1697 1
46 1698 1
46 1699 1
46 1700 2
46 1701 1
46 1702 1
46 1703 1
47 10 2
47 12 2
47 14 4
47 26 2
47 40 2
47 41 2
47 48 1
47 52 1
47 53 2
47 54 2
47 55 1
47 57 1
47 70 2
47 72 2
47 75 3
47 76 1
47 84 1
47 91 1
47 105 8
47 106 1
47 139 5
47 140 2
47 141 4
47 142 2
47 145 1
47 155 6
47 156 1
47 158 1
47 162 1
47 172 4
47 174 7
47 175 1
47 176 1
47 177 1
47 181 2
47 182 3
47 189 2
47 191 1
47 193 1
47 201 2
47 202 2
47 208 1
47 211 3
47 215 1
47 221 5
47 229 2
47 234 1
47 243 8
47 245 5
47 250 3
47 262 2
47 263 1
47 277 1
47 283 1
47 284 1
47 287 5
47 289 15
47 319 2
47 344 1
47 346 1
47 363 4
47 366 1
47 368 1
47 369 1
47 371 9
47 377 2
47 382 1
47 384 2
47 385 1
47 401 1
47 428 1
47 433 2
47 435 2
47 437 1
47 448 2
47 462 6
47 466 1
47 477 4
47 489 6
47 491 1
47 492 3
47 494 3
47 506 1
47 510 1
47 523 1
47 534 1
47 537 2
47 548 2
47 563 1
47 580 1
47 622 1
47 625 1
47 627 2
47 641 1
47 649 1
47 650 1
47 651 1
47 680 1
47 683 3
47 685 1
47 691 1
47 708 1
47 717 1
47 720 14
47 735 1
47 737 1
47 747 3
47 755 1
47 760 1
47 767 1
47 782 6
47 785 1
47 791 2
47 805 8
47 827 1
47 838 1
47 871 1
47 925 2
47 973 1
47 984 1
47 1011 1
47 1014 1
47 1027 2
47 1083 1
47 1138 1
47 1158 1
47 1200 1
47 1204 2
47 1246 2
47 1267 1
47 1287 6
47 1304 4
47 1323 6
47 1360 1
47 1405 1
47 1410 2
47 1421 1
47 1533 2
47 1683 2
47 1684 3
47 1685 31
47 1690 1
47 1691 1
47 1695 2
47 1696 1
47 1700 6
47 1703 3
47 1704 1
47 1705 1
47 1706 1
47 1707 1
47 1708 1
47 1709 1
47 1710 1
47 1711 1
47 1712 1
47 1713 1
47 1714 1
47 1715 1
47 1716 1
47 1717 1
47 1718 1
47 1719 2
47 1720 1
47 1721 2
47 1722 1
47 1723 1
47 1724 1
47 1725 1
47 1726 1
47 1727 1
48 2 3
48 3 2
48 14 3
48 15 3
48 43 1
48 54 1
48 84 1
48 86 1
48 95 3
48 105 1
48 106 1
48 120 1
48 126 2
48 155 7
48 172 4
48 175 2
48 181 1
48 189 6
48 193 1
48 200 1
48 209 1
48 216 1
48 221 1
48 225 1
48 237 1
48 239 1
48 244 1
48 255 7
48 285 1
48 293 1
48 316 1
48 341 1
48 342 1
48 343 1
48 350 1
48 391 1
48 407 1
48 428 1
48 433 2
48 468 2
48 494 1
48 523 1
48 660 1
48 701 1
48 781 2
48 824 1
48 861 1
48 891 1
48 907 1
48 1062 1
48 1071 1
48 1168 1
48 1205 1
48 1234 1
48 1482 3
48 1587 3
48 1589 1
48 1728 1
48 1729 1
48 1730 1
48 1731 1
48 1732 1
48 1733 1
48 1734 1
49 2 1
49 3 1
49 7 1
49 14 4
49 15 1
49 19 1
49 32 1
49 54 1
49 95 1
49 106 1
49 120 1
49 130 1
49 139 1
49 148 1
49 155 6
49 172 3
49 175 2
49 189 7
49 193 1
49 200 1
49 216 1
49 237 1
49 239 1
49 285 1
49 293 1
49 311 1
49 316 1
49 342 1
49 349 1
49 428 1
49 433 2
49 468 2
49 506 1
49 627 8
49 660 1
49 701 1
49 824 1
49 861 1
49 891 1
49 907 1
49 977 1
49 1062 2
49 1168 1
49 1205 1
49 1234 1
49 1482 2
49 1587 2
49 1589 1
49 1728 1
49 1730 1
49 1731 1
49 1732 1
49 1734 1
49 1735 1
49 1736 2
49 1737 1
50 2 2
50 14 1
50 84 1
50 99 1
50 102 1
50 106 1
50 116 2
50 137 2
50 181 3
50 184 1
50 200 1
50 203 1
50 209 2
50 235 2
50 250 5
50 289 7
50 299 2
50 308 1
50 343 1
50 407 1
50 423 1
50 433 3
50 437 1
50 462 1
50 541 2
50 558 1
50 579 1
50 660 1
50 663 1
50 693 1
50 719 1
50 791 3
50 799 1
50 860 1
50 889 2
50 918 1
50 954 12
50 985 1
50 1015 5
50 1095 1
50 1158 5
50 1230 1
50 1305 1
50 1388 1
50 1566 1
50 1581 1
50 1628 1
50 1738 16
50 1739 1
50 1740 2
50 1741 1
50 1742 1
50 1743 1
50 1744 2
50 1745 6
50 1746 3
50 1747 1
51 1 3
51 3 3
51 10 5
51 14 5
51 19 1
51 26 1
51 27 2
51 35 5
51 45 1
51 46 5
51 50 1
51 56 1
51 63 1
51 72 1
51 74 1
51 77 4
51 84 2
51 91 1
51 105 5
51 106 1
51 108 2
51 112 4
51 114 1
51 116 3
51 127 2
51 128 1
51 133 1
51 137 2
51 140 2
51 142 1
51 146 3
51 148 1
51 152 1
51 171 2
51 172 4
51 176 3
51 178 1
51 180 2
51 181 3
51 182 1
51 191 1
51 200 1
51 201 1
51 203 1
51 208 1
51 209 3
51 213 2
51 221 8
51 229 1
51 241 1
51 243 2
51 247 1
51 248 2
51 250 7
51 251 1
51 258 1
51 259 1
51 261 3
51 262 2
51 268 1
51 272 1
51 278 2
51 283 2
51 287 6
51 289 7
51 293 1
51 302 1
51 311 1
51 314 1
51 315 1
51 316 1
51 321 2
51 329 2
51 337 1
51 358 1
51 360 1
51 363 1
51 366 2
51 369 1
51 371 1
51 381 1
51 389 1
51 391 2
51 401 1
51 407 1
51 414 2
51 418 2
51 433 2
51 489 1
51 491 1
51 499 1
51 522 1
51 534 1
51 543 4
51 596 1
51 617 1
51 625 1
51 627 1
51 667 1
51 670 1
51 675 5
51 706 1
51 728 1
51 735 1
51 744 1
51 747 1
51 753 2
51 754 1
51 775 3
51 778 1
51 781 8
51 790 2
51 799 1
51 824 1
51 827 1
51 832 1
51 848 1
51 878 1
51 889 2
51 898 1
51 900 1
51 909 2
51 918 1
51 922 2
51 935 2
51 952 1
51 957 1
51 969 25
51 976 12
51 984 4
51 1003 1
51 1016 2
51 1020 2
51 1116 1
51 1201 2
51 1206 1
51 1209 2
51 1230 1
51 1237 1
51 1278 1
51 1287 3
51 1313 1
51 1351 1
51 1352 2
51 1353 1
51 1360 1
51 1365 1
51 1372 2
51 1379 1
51 1387 1
51 1388 1
51 1405 2
51 1416 2
51 1425 1
51 1435 1
51 1508 1
51 1536 1
51 1566 5
51 1593 8
51 1626 1
51 1679 2
51 1696 4
51 1748 1
51 1749 1
51 1750 1
51 1751 1
51 1752 2
51 1753 1
51 1754 1
51 1755 1
51 1756 1
51 1757 1
51 1758 2
51 1759 1
51 1760 2
51 1761 1
51 1762 6
51 1763 1
51 1764 1
51 1765 2
51 1766 1
52 1 1
52 2 1
52 3 1
52 10 3
52 14 7
52 15 5
52 26 3
52 32 2
52 40 2
52 45 1
52 53 1
52 54 3
52 57 1
52 58 1
52 72 2
52 77 1
52 84 1
52 91 1
52 102 2
52 106 1
52 109 3
52 112 1
52 113 4
52 127 1
52 138 1
52 140 2
52 141 6
52 142 10
52 143 1
52 146 1
52 156 2
52 162 1
52 166 1
52 170 1
52 172 13
52 174 3
52 176 1
52 180 3
52 181 4
52 189 6
52 200 1
52 201 4
52 208 1
52 211 1
52 234 2
52 237 1
52 239 5
52 242 1
52 244 1
52 256 1
52 261 2
52 270 1
52 291 1
52 306 2
52 310 1
52 312 2
52 314 1
52 338 1
52 339 1
52 358 5
52 360 2
52 377 1
52 391 1
52 404 1
52 437 1
52 440 1
52 462 2
52 477 1
52 479 1
52 510 1
52 515 1
52 563 2
52 608 1
52 621 2
52 627 6
52 705 1
52 766 1
52 793 2
52 798 1
52 824 1
52 845 1
52 862 1
52 864 1
52 886 2
52 904 1
52 908 1
52 909 1
52 915 1
52 922 2
52 954 9
52 959 1
52 971 3
52 976 10
52 986 1
52 1081 1
52 1135 1
52 1137 2
52 1139 5
52 1212 1
52 1263 2
52 1372 2
52 1380 1
52 1387 1
52 1402 1
52 1405 2
52 1406 2
52 1411 3
52 1415 2
52 1416 2
52 1417 1
52 1420 1
52 1526 1
52 1532 1
52 1672 1
52 1700 6
52 1767 1
52 1768 1
52 1769 1
52 1770 1
52 1771 1
52 1772 1
52 1773 1
52 1774 1
52 1775 1
52 1776 2
52 1777 1
52 1778 1
52 1779 1
52 1780 2
52 1781 1
52 1782 1
52 1783 1
53 2 1
53 10 1
53 14 1
53 15 3
53 26 2
53 27 1
53 32 1
53 35 4
53 48 2
53 56 1
53 77 2
53 86 1
53 105 2
53 109 1
53 112 1
53 121 1
53 137 1
53 138 1
53 142 1
53 146 1
53 155 2
53 172 6
53 173 2
53 175 1
53 181 1
53 189 4
53 193 1
53 208 1
53 209 23
53 221 1
53 229 2
53 235 2
53 242 1
53 250 8
53 251 1
53 254 1
53 255 2
53 261 2
53 270 4
53 275 1
53 289 6
53 338 1
53 343 1
53 360 1
53 363 1
53 381 1
53 384 1
53 388 1
53 407 1
53 412 1
53 418 2
53 428 1
53 437 2
53 440 2
53 491 3
53 505 1
53 510 1
53 539 1
53 585 1
53 588 1
53 691 1
53 732 1
53 790 1
53 791 3
53 860 1
53 952 1
53 954 3
53 1005 1
53 1188 1
53 1200 1
53 1215 1
53 1226 1
53 1237 2
53 1358 1
53 1361 1
53 1370 1
53 1435 2
53 1535 1
53 1566 2
53 1587 1
53 1593 1
53 1690 1
53 1700 1
53 1745 1
53 1746 7
53 1765 3
53 1784 1
53 1785 1
53 1786 2
53 1787 1
53 1788 1
53 1789 1
53 1790 1
53 1791 1
53 1792 1
53 1793 1
53 1794 1
53 1795 1
53 1796 1
54 2 1
54 10 2
54 14 4
54 15 3
54 50 1
54 54 2
54 76 1
54 84 2
54 105 6
54 106 1
54 111 1
54 113 1
54 143 1
54 172 4
54 178 1
54 181 2
54 200 1
54 226 1
54 237 1
54 341 2
54 382 1
54 407 3
54 418 6
54 430 1
54 437 1
54 625 1
54 793 1
54 1122 1
54 1212 1
54 1230 1
54 1261 1
54 1447 5
54 1473 1
54 1480 1
54 1487 1
54 1571 1
54 1579 1
54 1731 3
55 1 4
55 2 1
55 3 1
55 10 5
55 14 6
55 15 12
55 16 2
55 19 1
55 25 1
55 28 2
55 40 3
55 42 4
55 48 1
55 49 4
55 50 3
55 52 1
55 53 2
55 54 3
55 57 1
55 61 1
55 72 2
55 76 2
55 77 2
55 84 1
55 85 9
55 87 1
55 91 1
55 95 1
55 96 1
55 106 1
55 109 3
55 112 1
55 114 1
55 118 1
55 121 1
55 123 1
55 127 2
55 128 1
55 130 1
55 132 1
55 133 1
55 139 5
55 142 2
55 145 2
55 146 4
55 148 1
55 155 1
55 156 1
55 158 3
55 160 1
55 161 1
55 163 1
55 164 1
55 166 3
55 170 2
55 171 5
55 172 7
55 174 8
55 175 1
55 177 1
55 178 3
55 181 7
55 182 4
55 183 1
55 184 1
55 189 3
55 191 1
55 192 1
55 193 2
55 200 1
55 204 21
55 205 1
55 209 1
55 213 1
55 216 1
55 219 2
55 223 2
55 229 1
55 231 2
55 232 9
55 235 1
55 236 1
55 240 1
55 245 3
55 257 1
55 258 4
55 259 1
55 262 1
55 272 2
55 282 1
55 284 1
55 299 1
55 305 1
55 314 2
55 316 1
55 321 1
55 329 4
55 335 1
55 342 1
55 343 1
55 345 2
55 354 1
55 358 3
55 371 4
55 385 1
55 391 2
55 402 1
55 410 4
55 412 1
55 418 1
55 428 1
55 433 3
55 437 1
55 438 1
55 449 1
55 454 1
55 463 2
55 479 1
55 486 1
55 489 1
55 490 1
55 491 1
55 495 2
55 506 1
55 529 1
55 537 1
55 553 1
55 562 1
55 563 1
55 650 1
55 675 1
55 688 1
55 690 1
55 692 2
55 715 7
55 717 1
55 733 1
55 747 1
55 779 1
55 781 1
55 789 1
55 805 1
55 813 1
55 814 2
55 820 1
55 837 4
55 846 1
55 859 1
55 861 2
55 868 1
55 869 1
55 884 1
55 885 1
55 887 1
55 892 1
55 909 2
55 913 1
55 926 1
55 930 1
55 945 1
55 954 1
55 972 1
55 976 1
55 1029 1
55 1041 1
55 1090 1
55 1095 1
55 1121 1
55 1150 1
55 1189 1
55 1200 1
55 1215 1
55 1229 1
55 1243 1
55 1284 2
55 1288 1
55 1313 1
55 1315 1
55 1426 1
55 1452 1
55 1476 2
55 1485 1
55 1571 1
55 1572 1
55 1582 1
55 1592 12
55 1622 4
55 1639 2
55 1648 1
55 1651 1
55 1677 1
55 1702 1
55 1797 1
55 1798 2
55 1799 2
55 1800 1
55 1801 1
55 1802 1
55 1803 1
55 1804 1
55 1805 1
55 1806 1
55 1807 1
55 1808 1
55 1809 1
55 1810 1
55 1811 1
55 1812 1
55 1813 2
55 1814 1
55 1815 1
55 1816 1
55 1817 3
55 1818 1
55 1819 1
55 1820 1
55 1821 1
55 1822 1
55 1823 1
55 1824 1
55 1825 1
56 3 1
56 10 1
56 14 4
56 15 1
56 23 2
56 26 1
56 35 3
56 37 2
56 41 1
56 45 1
56 48 1
56 50 1
56 53 1
56 56 1
56 75 1
56 96 1
56 105 2
56 106 1
56 108 1
56 111 1
56 130 1
56 141 1
56 142 7
56 143 1
56 148 1
56 161 1
56 164 1
56 171 2
56 172 6
56 173 1
56 174 1
56 178 3
56 182 2
56 200 1
56 220 2
56 221 1
56 251 1
56 285 1
56 289 4
56 319 1
56 341 8
56 343 1
56 345 1
56 377 1
56 383 1
56 407 1
56 418 8
56 423 1
56 433 5
56 435 1
56 437 1
56 440 1
56 482 1
56 487 1
56 492 1
56 494 1
56 506 1
56 517 1
56 534 1
56 537 1
56 559 1
56 596 3
56 650 1
56 660 1
56 690 1
56 725 3
56 743 1
56 878 1
56 901 1
56 905 1
56 984 1
56 1017 1
56 1050 1
56 1091 1
56 1139 1
56 1171 1
56 1213 1
56 1228 1
56 1230 1
56 1234 1
56 1261 1
56 1326 1
56 1482 2
56 1488 1
56 1626 1
56 1677 1
56 1708 1
56 1815 1
56 1826 2
56 1827 1
56 1828 1
56 1829 1
56 1830 1
56 1831 2
56 1832 1
56 1833 1
56 1834 1
56 1835 1
56 1836 1
56 1837 1
56 1838 1
57 3 1
57 6 1
57 12 2
57 13 1
57 14 7
57 28 1
57 34 2
57 50 1
57 60 1
57 66 1
57 73 1
57 77 1
57 94 1
57 108 1
57 111 1
57 142 2
57 143 1
57 146 4
57 172 1
57 178 1
57 181 2
57 182 1
57 193 3
57 209 3
57 211 1
57 221 1
57 235 1
57 249 1
57 289 4
57 296 4
57 343 1
57 358 1
57 389 1
57 418 1
57 435 1
57 437 2
57 485 1
57 533 1
57 534 1
57 541 1
57 558 1
57 573 2
57 579 1
57 649 2
57 651 1
57 666 1
57 686 1
57 727 1
57 729 1
57 768 1
57 790 1
57 791 1
57 889 5
57 913 2
57 954 7
57 1073 1
57 1083 1
57 1088 2
57 1090 11
57 1106 1
57 1226 1
57 1440 1
57 1744 1
57 1746 5
57 1784 2
57 1839 1
57 1840 1
57 1841 1
57 1842 1
57 1843 1
57 1844 1
57 1845 1
58 10 1
58 14 2
58 15 4
58 32 3
58 35 8
58 50 1
58 53 1
58 60 1
58 77 1
58 85 8
58 99 1
58 102 1
58 111 1
58 120 2
58 143 1
58 148 1
58 161 1
58 168 1
58 172 5
58 178 2
58 181 2
58 182 2
58 188 1
58 193 1
58 201 2
58 221 1
58 248 4
58 281 2
58 302 1
58 311 1
58 313 1
58 330 2
58 338 1
58 343 1
58 358 2
58 360 1
58 401 2
58 402 1
58 403 1
58 418 1
58 437 1
58 485 1
58 555 1
58 579 1
58 635 2
58 666 1
58 703 1
58 706 1
58 710 1
58 715 1
58 728 1
58 785 1
58 801 1
58 833 1
58 878 1
58 901 1
58 903 1
58 908 2
58 922 4
58 935 1
58 1054 1
58 1101 1
58 1106 1
58 1158 1
58 1177 1
58 1258 1
58 1266 2
58 1283 1
58 1303 1
58 1735 1
58 1846 1
58 1847 1
58 1848 1
58 1849 1
58 1850 1
59 10 2
59 14 2
59 18 1
59 32 1
59 50 1
59 77 1
59 109 1
59 111 1
59 112 1
59 141 1
59 142 4
59 143 1
59 146 1
59 178 2
59 181 2
59 182 1
59 192 1
59 201 1
59 204 1
59 205 1
59 223 2
59 245 1
59 251 1
59 289 3
59 316 1
59 341 3
59 390 1
59 418 1
59 426 1
59 437 2
59 491 1
59 519 1
59 543 1
59 554 1
59 894 1
59 925 1
59 1083 1
59 1166 1
59 1171 1
59 1205 1
59 1207 1
59 1226 1
59 1385 1
59 1387 1
59 1393 1
59 1746 2
59 1851 1
59 1852 1
59 1853 1
60 2 1
60 10 6
60 14 1
60 43 1
60 51 2
60 53 1
60 56 1
60 58 1
60 79 1
60 84 6
60 106 1
60 108 1
60 113 1
60 127 1
60 140 1
60 142 1
60 149 5
60 160 1
60 172 1
60 175 1
60 181 1
60 189 2
60 200 1
60 208 1
60 209 3
60 213 1
60 221 1
60 239 2
60 251 1
60 259 1
60 268 1
60 289 6
60 341 1
60 345 1
60 360 1
60 369 1
60 377 2
60 385 1
60 418 10
60 426 1
60 437 2
60 510 1
60 563 1
60 623 2
60 630 1
60 701 2
60 720 2
60 742 1
60 754 1
60 876 1
60 898 1
60 922 1
60 926 1
60 1143 1
60 1246 1
60 1339 1
60 1352 1
60 1361 1
60 1414 1
60 1447 8
60 1487 1
60 1713 1
60 1750 1
60 1854 2
60 1855 1
60 1856 1
60 1857 1
61 2 2
61 3 1
61 14 5
61 35 4
61 77 1
61 84 2
61 106 1
61 109 1
61 114 1
61 126 1
61 130 1
61 146 1
61 149 1
61 160 1
61 161 1
61 164 1
61 172 1
61 175 1
61 176 1
61 208 1
61 209 3
61 251 1
61 259 2
61 261 2
61 289 7
61 313 1
61 341 1
61 437 5
61 467 1
61 474 1
61 480 1
61 491 3
61 498 1
61 501 1
61 532 4
61 534 1
61 540 3
61 541 3
61 562 1
61 755 1
61 791 2
61 799 1
61 852 1
61 889 1
61 1000 1
61 1205 1
61 1224 1
61 1237 1
61 1246 1
61 1249 1
61 1339 1
61 1692 1
61 1745 2
61 1858 1
61 1859 1
61 1860 2
61 1861 1
61 1862 1
61 1863 1
61 1864 1
62 10 2
62 14 3
62 24 1
62 25 1
62 48 2
62 75 1
62 77 1
62 84 3
62 86 1
62 91 3
62 92 1
62 105 1
62 106 1
62 109 16
62 114 2
62 115 2
62 119 1
62 126 2
62 138 2
62 144 1
62 146 1
62 149 1
62 152 1
62 154 1
62 156 1
62 157 1
62 172 5
62 173 1
62 175 2
62 176 8
62 187 1
62 193 1
62 200 1
62 209 1
62 213 1
62 215 1
62 259 1
62 268 1
62 270 1
62 289 6
62 293 1
62 313 1
62 334 1
62 437 1
62 444 1
62 490 1
62 491 3
62 519 1
62 522 1
62 523 1
62 532 4
62 534 1
62 552 1
62 601 1
62 625 1
62 727 1
62 735 1
62 791 1
62 799 1
62 822 1
62 824 1
62 869 1
62 873 1
62 1007 1
62 1015 2
62 1056 1
62 1059 1
62 1117 1
62 1137 1
62 1179 1
62 1212 1
62 1243 1
62 1251 1
62 1258 1
62 1273 1
62 1543 1
62 1685 1
62 1700 1
62 1744 1
62 1863 1
62 1865 1
62 1866 1
62 1867 1
62 1868 1
62 1869 1
62 1870 1
62 1871 1
62 1872 1
62 1873 1
62 1874 2
62 1875 2
62 1876 1
63 2 1
63 3 5
63 10 7
63 14 2
63 15 1
63 18 1
63 23 7
63 27 1
63 32 1
63 48 8
63 50 1
63 51 3
63 53 1
63 56 1
63 58 2
63 63 1
63 72 3
63 73 1
63 75 1
63 77 2
63 91 2
63 93 12
63 95 2
63 101 1
63 102 1
63 105 1
63 106 1
63 112 1
63 113 1
63 119 1
63 126 1
63 128 1
63 133 1
63 146 3
63 156 3
63 171 1
63 172 2
63 173 1
63 174 2
63 181 2
63 188 1
63 191 2
63 192 2
63 193 1
63 202 1
63 203 4
63 204 1
63 205 1
63 221 1
63 223 2
63 231 1
63 235 2
63 245 2
63 247 1
63 248 1
63 250 2
63 287 2
63 289 4
63 299 1
63 311 1
63 343 1
63 354 3
63 363 5
63 364 1
63 366 2
63 371 1
63 382 1
63 383 1
63 385 1
63 389 1
63 418 2
63 420 2
63 423 5
63 428 1
63 437 1
63 448 2
63 492 2
63 508 1
63 543 1
63 635 1
63 672 2
63 673 3
63 691 1
63 699 1
63 701 3
63 703 1
63 706 2
63 755 1
63 785 2
63 792 1
63 799 1
63 827 2
63 889 1
63 909 3
63 953 1
63 973 1
63 1062 1
63 1122 1
63 1183 2
63 1205 2
63 1224 1
63 1246 1
63 1306 1
63 1325 1
63 1347 1
63 1351 1
63 1433 3
63 1510 1
63 1566 1
63 1569 1
63 1578 1
63 1579 1
63 1581 1
63 1647 1
63 1877 1
63 1878 1
63 1879 1
63 1880 1
63 1881 1
63 1882 1
63 1883 4
63 1884 1
63 1885 1
63 1886 1
63 1887 1
64 3 3
64 10 4
64 14 15
64 15 2
64 19 1
64 21 2
64 28 1
64 32 1
64 35 1
64 40 4
64 53 1
64 54 3
64 56 1
64 66 2
64 70 2
64 72 1
64 77 3
64 78 2
64 96 3
64 102 4
64 105 1
64 106 1
64 109 2
64 113 1
64 115 3
64 121 1
64 124 1
64 126 1
64 139 1
64 142 1
64 146 5
64 153 1
64 160 1
64 161 1
64 171 13
64 172 2
64 174 11
64 175 5
64 177 3
64 178 1
64 181 5
64 182 8
64 184 1
64 191 4
64 193 3
64 208 2
64 212 1
64 213 1
64 215 1
64 216 7
64 225 2
64 238 3
64 239 1
64 240 1
64 241 6
64 250 1
64 259 1
64 261 2
64 266 1
64 273 2
64 286 1
64 293 1
64 296 8
64 299 6
64 305 3
64 317 1
64 319 1
64 320 2
64 321 1
64 326 1
64 342 1
64 343 1
64 345 1
64 371 1
64 381 1
64 389 1
64 402 1
64 407 1
64 410 1
64 413 1
64 433 1
64 437 1
64 438 1
64 449 29
64 460 1
64 467 1
64 470 1
64 479 7
64 480 1
64 489 1
64 499 1
64 517 2
64 529 1
64 532 2
64 534 1
64 573 1
64 579 1
64 614 7
64 625 1
64 627 1
64 648 1
64 650 1
64 660 3
64 666 1
64 689 1
64 705 1
64 708 1
64 747 2
64 772 1
64 781 1
64 785 1
64 789 1
64 793 4
64 797 1
64 799 1
64 805 1
64 814 1
64 911 1
64 914 3
64 968 1
64 1033 2
64 1049 21
64 1073 2
64 1091 1
64 1095 1
64 1103 1
64 1107 2
64 1131 1
64 1133 4
64 1142 1
64 1215 1
64 1225 1
64 1266 1
64 1304 1
64 1392 2
64 1434 4
64 1437 1
64 1446 1
64 1452 1
64 1458 1
64 1523 1
64 1526 2
64 1562 1
64 1627 9
64 1639 3
64 1645 1
64 1677 1
64 1706 2
64 1726 1
64 1735 1
64 1783 8
64 1839 1
64 1863 1
64 1888 1
64 1889 1
64 1890 1
64 1891 1
64 1892 1
64 1893 1
64 1894 5
64 1895 1
64 1896 1
64 1897 1
64 1898 1
64 1899 1
64 1900 1
64 1901 1
64 1902 1
64 1903 2
64 1904 1
64 1905 1
64 1906 1
64 1907 1
64 1908 1
64 1909 1
65 3 1
65 8 1
65 10 4
65 14 1
65 15 3
65 27 1
65 39 1
65 50 3
65 56 1
65 64 1
65 85 1
65 106 1
65 111 1
65 120 1
65 127 1
65 143 1
65 162 1
65 164 1
65 172 2
65 178 1
65 182 1
65 189 1
65 191 3
65 200 1
65 204 1
65 220 1
65 221 1
65 225 1
65 238 1
65 245 1
65 255 2
65 273 2
65 299 1
65 311 1
65 360 2
65 428 1
65 432 1
65 437 1
65 438 3
65 453 1
65 455 1
65 460 10
65 461 2
65 489 1
65 510 1
65 534 1
65 554 1
65 563 1
65 621 1
65 670 1
65 810 3
65 832 1
65 933 1
65 964 1
65 1084 1
65 1090 2
65 1328 1
65 1358 1
65 1361 1
65 1574 1
65 1654 1
65 1910 1
65 1911 1
65 1912 3
65 1913 1
65 1914 1
66 2 2
66 3 1
66 14 2
66 15 7
66 32 2
66 41 1
66 53 1
66 56 1
66 58 1
66 72 1
66 73 1
66 84 3
66 86 2
66 109 4
66 118 1
66 119 2
66 155 3
66 172 3
66 181 1
66 182 1
66 214 1
66 221 1
66 237 1
66 248 2
66 251 2
66 305 1
66 358 1
66 371 1
66 384 1
66 479 1
66 488 1
66 489 4
66 491 1
66 494 3
66 548 1
66 617 1
66 627 2
66 690 2
66 729 2
66 732 2
66 774 1
66 790 1
66 889 1
66 914 1
66 954 2
66 1034 1
66 1054 1
66 1101 1
66 1221 1
66 1229 1
66 1255 1
66 1277 1
66 1361 1
66 1394 1
66 1421 1
66 1424 2
66 1425 1
66 1581 2
66 1677 1
66 1695 1
66 1735 1
66 1915 2
66 1916 1
66 1917 1
66 1918 4
66 1919 1
66 1920 1
66 1921 1
66 1922 1
67 1 1
67 14 1
67 35 4
67 53 1
67 60 1
67 72 1
67 84 3
67 86 1
67 106 1
67 127 1
67 155 2
67 172 1
67 181 1
67 188 1
67 191 1
67 200 1
67 208 1
67 221 1
67 247 1
67 248 2
67 250 4
67 277 1
67 280 1
67 285 1
67 289 4
67 358 1
67 361 1
67 371 3
67 377 1
67 382 1
67 466 2
67 489 2
67 506 1
67 675 1
67 753 1
67 773 1
67 805 1
67 812 1
67 824 1
67 862 1
67 922 2
67 954 1
67 962 3
67 1133 1
67 1328 1
67 1435 1
67 1620 1
67 1700 3
67 1754 2
67 1923 1
67 1924 2
67 1925 1
67 1926 1
67 1927 2
67 1928 1
67 1929 3
67 1930 1
67 1931 2
68 1 1
68 3 1
68 6 3
68 12 1
68 14 16
68 16 1
68 18 2
68 21 1
68 22 1
68 23 3
68 24 1
68 25 2
68 26 1
68 27 2
68 28 1
68 32 2
68 34 5
68 35 3
68 40 3
68 41 1
68 42 1
68 48 7
68 50 1
68 52 3
68 53 2
68 54 2
68 60 1
68 66 2
68 72 2
68 75 4
68 76 1
68 77 3
68 84 20
68 85 1
68 91 1
68 95 10
68 105 8
68 106 1
68 108 4
68 109 1
68 112 4
68 115 4
68 119 3
68 126 1
68 130 1
68 133 1
68 146 6
68 149 3
68 155 10
68 156 1
68 158 3
68 161 5
68 165 2
68 166 2
68 171 1
68 172 20
68 173 4
68 174 15
68 177 1
68 178 1
68 180 6
68 181 6
68 182 19
68 188 1
68 189 5
68 191 1
68 193 1
68 200 1
68 208 4
68 209 1
68 213 2
68 221 3
68 234 2
68 235 1
68 241 1
68 243 2
68 245 1
68 250 2
68 255 6
68 259 2
68 261 3
68 266 2
68 268 1
68 270 2
68 277 4
68 283 2
68 284 1
68 285 1
68 287 1
68 289 14
68 293 2
68 296 3
68 299 1
68 304 1
68 315 2
68 321 2
68 325 1
68 336 1
68 337 2
68 342 8
68 345 1
68 354 1
68 360 4
68 371 2
68 383 2
68 384 2
68 385 1
68 407 5
68 418 1
68 420 3
68 423 4
68 426 1
68 428 3
68 433 1
68 435 7
68 437 1
68 452 1
68 462 3
68 467 3
68 468 1
68 477 16
68 479 8
68 490 1
68 503 1
68 505 1
68 507 1
68 513 2
68 518 10
68 523 1
68 533 1
68 534 2
68 539 2
68 543 1
68 548 12
68 554 1
68 558 1
68 559 3
68 563 1
68 565 1
68 567 6
68 573 2
68 574 1
68 575 1
68 579 3
68 598 1
68 605 1
68 608 2
68 615 1
68 616 1
68 621 1
68 627 1
68 667 1
68 671 1
68 673 1
68 674 1
68 691 2
68 695 1
68 701 1
68 703 1
68 706 3
68 722 1
68 729 3
68 742 1
68 743 1
68 760 1
68 782 4
68 790 2
68 824 1
68 827 4
68 833 1
68 845 2
68 913 16
68 914 1
68 915 2
68 924 1
68 937 1
68 946 1
68 950 1
68 953 1
68 954 9
68 957 1
68 968 1
68 1000 1
68 1007 1
68 1060 1
68 1076 1
68 1091 1
68 1095 1
68 1106 3
68 1107 1
68 1140 4
68 1142 1
68 1157 1
68 1176 1
68 1190 2
68 1198 1
68 1215 1
68 1234 2
68 1287 2
68 1323 2
68 1336 1
68 1342 2
68 1352 2
68 1393 1
68 1469 1
68 1478 1
68 1486 1
68 1496 3
68 1510 1
68 1533 1
68 1543 1
68 1551 2
68 1566 1
68 1593 3
68 1596 1
68 1612 1
68 1631 1
68 1643 1
68 1651 1
68 1677 5
68 1699 1
68 1735 2
68 1742 2
68 1746 1
68 1750 2
68 1796 2
68 1801 1
68 1803 2
68 1813 3
68 1852 2
68 1877 3
68 1902 1
68 1912 1
68 1915 8
68 1932 1
68 1933 2
68 1934 1
68 1935 1
68 1936 1
68 1937 1
68 1938 1
68 1939 1
68 1940 2
68 1941 1
68 1942 2
68 1943 1
68 1944 1
68 1945 1
68 1946 1
68 1947 1
68 1948 1
68 1949 1
68 1950 1
68 1951 1
68 1952 1
68 1953 1
68 1954 1
68 1955 2
68 1956 2
68 1957 1
68 1958 4
68 1959 1
68 1960 1
68 1961 2
68 1962 4
68 1963 1
68 1964 1
68 1965 1
68 1966 12
68 1967 1
68 1968 3
68 1969 1
68 1970 1
68 1971 1
68 1972 1
68 1973 1
68 1974 1
68 1975 1
68 1976 1
68 1977 1
68 1978 1
68 1979 1
68 1980 1
68 1981 1
68 1982 5
68 1983 3
68 1984 1
68 1985 1
68 1986 1
68 1987 1
68 1988 1
68 1989 2
68 1990 1
68 1991 1
68 1992 1
68 1993 1
69 3 2
69 6 5
69 10 1
69 14 9
69 22 3
69 23 4
69 25 1
69 26 1
69 27 1
69 28 1
69 32 1
69 34 4
69 35 1
69 40 6
69 42 1
69 53 2
69 54 3
69 60 1
69 66 1
69 70 1
69 72 2
69 75 1
69 77 3
69 78 1
69 84 8
69 85 1
69 91 1
69 95 7
69 99 1
69 105 4
69 106 1
69 108 8
69 112 1
69 113 2
69 115 4
69 119 2
69 142 2
69 146 5
69 149 4
69 155 10
69 156 1
69 158 1
69 165 2
69 166 3
69 172 4
69 174 8
69 177 1
69 178 1
69 180 7
69 181 5
69 182 11
69 189 5
69 191 1
69 200 1
69 208 3
69 209 1
69 213 1
69 220 1
69 221 1
69 234 1
69 241 1
69 250 1
69 255 6
69 259 1
69 261 3
69 268 1
69 275 2
69 289 12
69 293 1
69 296 1
69 304 1
69 314 1
69 315 1
69 319 1
69 321 2
69 325 1
69 337 1
69 342 7
69 345 2
69 354 1
69 355 1
69 360 3
69 383 1
69 384 1
69 407 3
69 420 1
69 423 3
69 426 1
69 428 4
69 435 7
69 437 1
69 449 1
69 451 1
69 455 1
69 462 4
69 467 4
69 468 1
69 476 1
69 477 13
69 479 7
69 503 1
69 510 1
69 513 3
69 515 3
69 533 1
69 534 4
69 537 1
69 539 1
69 548 9
69 554 1
69 561 1
69 563 1
69 567 3
69 569 1
69 575 1
69 579 1
69 580 1
69 615 1
69 616 1
69 621 4
69 627 1
69 635 11
69 667 1
69 691 2
69 703 2
69 706 3
69 729 6
69 782 4
69 790 2
69 796 1
69 824 1
69 827 3
69 833 1
69 913 16
69 914 3
69 915 1
69 946 1
69 950 1
69 954 14
69 984 1
69 998 1
69 1007 1
69 1014 1
69 1060 1
69 1076 1
69 1095 1
69 1140 1
69 1142 1
69 1157 1
69 1190 2
69 1230 2
69 1231 1
69 1287 2
69 1309 1
69 1317 1
69 1323 2
69 1351 1
69 1352 1
69 1424 1
69 1452 1
69 1478 1
69 1496 1
69 1510 1
69 1533 1
69 1543 1
69 1593 1
69 1643 1
69 1651 2
69 1677 1
69 1699 1
69 1730 1
69 1735 1
69 1746 1
69 1750 2
69 1762 4
69 1780 1
69 1813 3
69 1842 1
69 1852 2
69 1915 2
69 1933 2
69 1936 1
69 1938 1
69 1941 1
69 1948 1
69 1953 1
69 1958 4
69 1959 1
69 1960 1
69 1962 1
69 1963 1
69 1964 1
69 1966 7
69 1967 1
69 1968 2
69 1971 3
69 1977 1
69 1988 1
69 1991 1
69 1992 1
69 1994 1
69 1995 3
69 1996 1
69 1997 1
69 1998 8
69 1999 1
69 2000 1
69 2001 1
69 2002 1
69 2003 1
70 1 1
70 10 7
70 14 8
70 15 2
70 26 1
70 32 2
70 37 1
70 50 2
70 55 1
70 84 3
70 105 1
70 111 1
70 119 1
70 133 1
70 142 1
70 143 1
70 149 1
70 172 2
70 175 1
70 178 1
70 181 1
70 192 1
70 198 1
70 201 3
70 209 1
70 220 2
70 233 1
70 235 1
70 248 3
70 250 1
70 251 1
70 252 1
70 261 1
70 262 1
70 285 1
70 299 1
70 321 1
70 341 2
70 418 11
70 432 1
70 435 1
70 437 1
70 492 3
70 596 1
70 666 1
70 680 2
70 703 1
70 775 1
70 805 1
70 887 1
70 903 1
70 918 1
70 922 2
70 925 2
70 1011 1
70 1054 1
70 1101 1
70 1106 2
70 1303 1
70 1352 1
70 1366 1
70 1387 1
70 1424 1
70 1492 3
70 1686 1
70 2004 1
70 2005 1
70 2006 1
71 2 2
71 3 1
71 7 1
71 10 7
71 11 1
71 14 4
71 15 3
71 26 2
71 32 2
71 42 1
71 50 2
71 63 3
71 64 4
71 78 1
71 86 1
71 106 1
71 108 1
71 111 1
71 119 2
71 137 1
71 143 1
71 160 1
71 164 1
71 171 1
71 172 3
71 178 1
71 188 1
71 200 1
71 220 1
71 241 1
71 244 1
71 250 1
71 297 1
71 311 1
71 319 1
71 333 1
71 345 1
71 350 1
71 355 1
71 368 2
71 369 1
71 382 1
71 384 1
71 437 1
71 444 1
71 445 1
71 453 1
71 489 1
71 492 9
71 537 1
71 580 1
71 594 1
71 627 1
71 645 1
71 674 1
71 717 1
71 745 2
71 785 2
71 815 1
71 869 1
71 1047 1
71 1073 1
71 1158 2
71 1182 8
71 1351 1
71 1352 4
71 1508 1
71 2007 1
71 2008 1
71 2009 2
71 2010 1
71 2011 1
71 2012 1
71 2013 1
72 3 1
72 11 1
72 15 1
72 41 1
72 42 1
72 43 1
72 51 1
72 63 1
72 106 1
72 114 1
72 158 4
72 164 1
72 174 2
72 175 1
72 178 1
72 200 1
72 237 1
72 261 1
72 294 2
72 319 1
72 386 1
72 437 1
72 438 2
72 517 1
72 594 1
72 672 2
72 690 3
72 694 1
72 873 1
72 878 1
72 1183 2
72 1708 1
72 1848 1
72 1912 1
72 2014 1
72 2015 2
72 2016 1
72 2017 1
72 2018 1
72 2019 1
73 3 1
73 6 1
73 15 3
73 35 7
73 43 1
73 48 2
73 53 1
73 57 1
73 64 1
73 105 1
73 106 1
73 128 1
73 140 1
73 145 1
73 148 2
73 171 6
73 172 2
73 173 1
73 175 1
73 178 1
73 181 2
73 191 1
73 200 1
73 202 1
73 204 1
73 213 1
73 254 1
73 258 1
73 259 1
73 269 1
73 273 1
73 286 1
73 314 1
73 345 1
73 351 1
73 377 2
73 391 2
73 398 1
73 410 2
73 412 2
73 418 8
73 437 1
73 460 1
73 479 1
73 534 1
73 556 9
73 588 1
73 648 2
73 703 1
73 742 1
73 813 2
73 832 1
73 862 2
73 905 1
73 909 2
73 930 3
73 932 2
73 1121 1
73 1166 7
73 1249 9
73 1258 1
73 1291 1
73 1313 2
73 1383 1
73 1420 2
73 1626 1
73 1628 4
73 1655 1
73 1750 1
73 2020 1
73 2021 1
73 2022 1
73 2023 1
73 2024 1
73 2025 1
73 2026 1
73 2027 2
74 3 1
74 10 7
74 12 1
74 14 6
74 15 3
74 22 1
74 23 1
74 27 1
74 35 2
74 37 2
74 40 1
74 48 2
74 54 1
74 57 2
74 67 1
74 72 1
74 74 2
74 75 2
74 76 3
74 77 1
74 84 14
74 85 1
74 86 1
74 96 2
74 102 1
74 105 7
74 109 12
74 113 2
74 119 1
74 121 4
74 127 1
74 137 1
74 138 1
74 139 8
74 140 3
74 141 2
74 145 4
74 146 1
74 148 2
74 149 1
74 152 3
74 156 1
74 157 1
74 161 1
74 166 1
74 171 9
74 172 4
74 173 2
74 174 7
74 175 6
74 176 1
74 178 5
74 181 5
74 185 2
74 186 1
74 187 1
74 193 1
74 201 1
74 202 1
74 203 1
74 216 1
74 221 5
74 225 1
74 226 1
74 229 3
74 251 2
74 259 1
74 261 1
74 262 4
74 269 1
74 270 3
74 275 1
74 283 2
74 284 1
74 289 4
74 290 1
74 293 2
74 304 1
74 305 1
74 308 1
74 316 1
74 345 1
74 355 1
74 368 1
74 371 2
74 374 1
74 389 1
74 392 1
74 401 2
74 407 1
74 423 3
74 428 3
74 433 3
74 435 2
74 444 3
74 449 3
74 462 4
74 467 2
74 470 1
74 477 6
74 480 1
74 487 1
74 491 1
74 492 3
74 498 1
74 501 2
74 506 1
74 510 1
74 522 3
74 534 1
74 537 1
74 554 2
74 561 1
74 573 1
74 621 1
74 624 2
74 625 2
74 627 2
74 648 4
74 649 1
74 667 1
74 683 1
74 688 1
74 701 1
74 703 1
74 743 1
74 747 1
74 760 2
74 767 1
74 781 1
74 782 7
74 798 5
74 800 1
74 805 1
74 814 2
74 824 1
74 847 1
74 860 1
74 867 1
74 876 1
74 878 1
74 889 1
74 935 1
74 941 1
74 952 1
74 954 1
74 980 1
74 984 3
74 1005 2
74 1030 1
74 1057 1
74 1069 1
74 1096 1
74 1122 1
74 1144 1
74 1196 1
74 1201 1
74 1212 1
74 1221 1
74 1226 1
74 1234 1
74 1243 3
74 1250 7
74 1287 4
74 1302 1
74 1304 1
74 1312 1
74 1313 4
74 1323 4
74 1342 2
74 1353 1
74 1361 1
74 1408 1
74 1444 2
74 1452 2
74 1456 1
74 1468 2
74 1476 8
74 1479 1
74 1525 1
74 1554 2
74 1569 1
74 1593 1
74 1631 1
74 1643 1
74 1677 3
74 1685 2
74 1708 1
74 1713 3
74 1727 1
74 1732 1
74 1769 1
74 1773 1
74 1802 1
74 1814 1
74 1842 1
74 1848 1
74 1876 1
74 1933 1
74 1971 6
74 2014 3
74 2028 3
74 2029 1
74 2030 1
74 2031 1
74 2032 1
74 2033 1
74 2034 1
74 2035 1
74 2036 1
74 2037 1
74 2038 1
74 2039 1
74 2040 2
74 2041 1
74 2042 5
74 2043 7
74 2044 5
74 2045 1
74 2046 1
74 2047 2
74 2048 1
74 2049 2
74 2050 1
74 2051 1
74 2052 1
74 2053 1
74 2054 1
74 2055 1
74 2056 3
74 2057 1
74 2058 3
74 2059 2
74 2060 4
74 2061 7
74 2062 5
74 2063 1
74 2064 1
74 2065 2
74 2066 1
74 2067 1
74 2068 1
74 2069 1
74 2070 1
74 2071 1
74 2072 3
74 2073 1
74 2074 1
74 2075 1
74 2076 1
74 2077 1
74 2078 1
74 2079 2
74 2080 1
74 2081 1
74 2082 1
74 2083 1
74 2084 1
74 2085 2
74 2086 1
74 2087 3
75 1 2
75 3 7
75 7 1
75 13 1
75 14 2
75 15 5
75 25 1
75 26 1
75 28 3
75 29 1
75 32 2
75 41 1
75 42 3
75 48 1
75 49 1
75 50 5
75 51 1
75 53 3
75 58 1
75 66 1
75 68 1
75 72 2
75 73 1
75 75 1
75 76 3
75 77 4
75 94 1
75 105 1
75 106 1
75 112 1
75 125 1
75 127 1
75 128 2
75 133 3
75 145 1
75 146 8
75 152 1
75 156 1
75 164 1
75 169 1
75 171 6
75 173 1
75 174 1
75 178 1
75 181 1
75 188 1
75 189 3
75 191 4
75 192 1
75 204 2
75 205 1
75 213 2
75 220 1
75 221 1
75 223 2
75 225 1
75 235 1
75 236 1
75 245 1
75 250 1
75 257 2
75 258 3
75 259 1
75 264 1
75 284 1
75 297 1
75 314 2
75 320 1
75 345 1
75 354 1
75 371 6
75 385 1
75 391 1
75 404 1
75 410 3
75 418 6
75 420 1
75 438 1
75 463 1
75 479 1
75 486 1
75 490 1
75 491 2
75 492 3
75 522 1
75 523 1
75 594 1
75 627 1
75 672 3
75 690 1
75 692 1
75 714 3
75 717 3
75 800 1
75 909 1
75 954 1
75 1005 1
75 1041 1
75 1106 1
75 1151 2
75 1174 1
75 1177 6
75 1197 1
75 1271 1
75 1319 1
75 1423 1
75 1432 1
75 1438 1
75 1440 1
75 1444 1
75 1453 1
75 1587 1
75 1813 1
75 1819 1
75 1820 1
75 2088 1
75 2089 1
75 2090 1
75 2091 1
75 2092 1
75 2093 1
76 8 1
76 10 8
76 14 3
76 15 13
76 28 1
76 37 1
76 40 1
76 50 1
76 52 3
76 54 1
76 72 1
76 74 7
76 76 6
76 77 1
76 84 11
76 86 1
76 90 1
76 92 1
76 105 1
76 106 1
76 108 1
76 109 1
76 112 1
76 114 1
76 119 3
76 138 2
76 139 2
76 141 7
76 146 1
76 155 1
76 156 1
76 158 7
76 161 2
76 166 2
76 172 4
76 174 9
76 175 8
76 178 7
76 180 1
76 181 1
76 189 17
76 193 2
76 200 1
76 201 1
76 202 2
76 203 1
76 204 3
76 208 1
76 209 1
76 216 1
76 219 7
76 221 2
76 232 1
76 250 1
76 251 1
76 255 5
76 261 1
76 275 1
76 283 4
76 284 1
76 293 2
76 297 2
76 304 1
76 326 1
76 341 1
76 371 22
76 384 1
76 389 1
76 393 2
76 395 1
76 396 1
76 401 1
76 404 1
76 410 1
76 418 4
76 420 1
76 423 2
76 425 3
76 428 1
76 430 1
76 433 1
76 448 1
76 460 1
76 462 9
76 467 1
76 473 1
76 487 4
76 492 1
76 495 1
76 501 3
76 510 1
76 534 2
76 554 1
76 563 1
76 579 2
76 588 4
76 621 1
76 627 2
76 635 2
76 649 1
76 651 1
76 675 1
76 678 1
76 688 1
76 695 1
76 724 1
76 750 2
76 767 1
76 780 2
76 800 1
76 805 11
76 812 1
76 814 6
76 824 1
76 828 3
76 837 3
76 867 1
76 876 1
76 878 1
76 887 2
76 903 2
76 909 9
76 954 2
76 991 1
76 1021 1
76 1090 1
76 1091 1
76 1096 1
76 1137 1
76 1144 1
76 1148 1
76 1177 1
76 1179 2
76 1234 1
76 1244 1
76 1285 2
76 1287 3
76 1297 1
76 1308 1
76 1313 1
76 1328 1
76 1361 1
76 1452 1
76 1456 1
76 1468 1
76 1469 1
76 1554 2
76 1565 1
76 1651 1
76 1677 2
76 1682 1
76 1683 1
76 1697 1
76 1727 1
76 1802 6
76 1843 1
76 2009 2
76 2025 1
76 2035 1
76 2036 1
76 2041 2
76 2043 1
76 2044 1
76 2050 1
76 2063 1
76 2078 1
76 2083 1
76 2094 1
76 2095 1
76 2096 1
76 2097 1
76 2098 1
76 2099 1
76 2100 1
76 2101 1
76 2102 1
76 2103 2
76 2104 1
76 2105 1
76 2106 1
76 2107 1
76 2108 1
76 2109 1
76 2110 2
76 2111 1
76 2112 1
76 2113 1
76 2114 1
77 14 2
77 32 1
77 126 2
77 182 1
77 248 1
77 281 2
77 326 1
77 764 3
77 766 1
77 767 1
77 768 1
77 1101 1
77 1496 1
78 2 2
78 6 8
78 14 3
78 28 2
78 32 2
78 46 1
78 72 2
78 77 1
78 86 1
78 95 1
78 112 1
78 127 4
78 139 1
78 146 3
78 148 1
78 155 1
78 158 1
78 178 1
78 181 1
78 182 6
78 189 1
78 209 1
78 221 1
78 229 1
78 235 1
78 236 1
78 245 1
78 255 1
78 261 1
78 262 1
78 268 1
78 283 1
78 285 1
78 289 5
78 307 1
78 338 1
78 360 1
78 476 1
78 515 2
78 516 2
78 548 2
78 555 1
78 564 1
78 567 2
78 570 1
78 579 1
78 624 1
78 625 1
78 641 1
78 732 1
78 753 1
78 869 1
78 925 1
78 1005 3
78 1053 1
78 1137 1
78 1140 1
78 1177 2
78 1201 1
78 1207 1
78 1226 1
78 1309 1
78 1317 2
78 1342 1
78 1353 1
78 1387 1
78 1421 1
78 1452 1
78 1702 1
78 1735 1
78 1746 1
78 1841 1
78 1844 1
78 1852 2
78 2115 1
78 2116 1
78 2117 1
78 2118 1
78 2119 1
78 2120 1
78 2121 1
78 2122 1
78 2123 1
79 1 1
79 2 1
79 3 2
79 10 4
79 12 1
79 14 7
79 15 6
79 18 1
79 26 1
79 28 1
79 32 3
79 35 4
79 37 1
79 40 2
79 41 1
79 50 3
79 51 1
79 52 1
79 53 1
79 54 3
79 55 1
79 60 3
79 63 1
79 68 1
79 72 1
79 74 3
79 76 1
79 77 2
79 84 1
79 85 3
79 86 2
79 91 1
79 95 3
79 96 3
79 104 2
79 105 4
79 106 1
79 108 3
79 112 2
79 116 1
79 123 26
79 136 1
79 140 2
79 141 1
79 146 2
79 152 1
79 156 1
79 166 1
79 174 9
79 178 4
79 180 9
79 181 3
79 182 6
79 185 2
79 189 4
79 190 1
79 191 1
79 192 1
79 193 1
79 200 1
79 202 1
79 203 2
79 204 1
79 205 1
79 208 1
79 209 1
79 211 4
79 215 1
79 216 2
79 221 3
79 223 2
79 231 9
79 232 9
79 234 2
79 238 1
79 241 1
79 242 4
79 243 1
79 245 5
79 251 1
79 255 2
79 259 2
79 262 2
79 266 6
79 281 1
79 284 2
79 285 1
79 289 7
79 293 2
79 299 3
79 309 1
79 313 1
79 321 1
79 326 1
79 332 1
79 341 2
79 343 1
79 349 1
79 360 1
79 371 3
79 377 1
79 405 1
79 407 1
79 408 1
79 418 25
79 420 1
79 422 1
79 424 5
79 428 1
79 437 2
79 448 1
79 458 2
79 460 1
79 462 1
79 477 1
79 482 1
79 508 1
79 529 1
79 534 3
79 537 3
79 548 2
79 563 2
79 567 3
79 579 1
79 584 40
79 591 5
79 598 1
79 621 2
79 625 1
79 670 14
79 678 2
79 690 17
79 693 2
79 705 1
79 707 2
79 715 1
79 753 2
79 758 1
79 771 1
79 775 3
79 776 1
79 780 2
79 781 15
79 782 3
79 804 2
79 810 3
79 817 1
79 827 1
79 832 1
79 878 1
79 881 2
79 886 2
79 889 1
79 915 1
79 933 3
79 957 10
79 959 2
79 990 4
79 1010 1
79 1158 3
79 1265 1
79 1287 2
79 1326 1
79 1360 1
79 1436 2
79 1443 1
79 1462 1
79 1469 1
79 1474 1
79 1510 3
79 1529 1
79 1533 1
79 1567 1
79 1611 1
79 1662 2
79 1852 2
79 1911 1
79 2124 1
79 2125 1
79 2126 1
79 2127 1
79 2128 1
79 2129 1
79 2130 1
79 2131 1
79 2132 7
79 2133 1
79 2134 1
79 2135 1
79 2136 1
79 2137 3
79 2138 3
79 2139 1
79 2140 1
79 2141 1
79 2142 1
79 2143 1
79 2144 1
79 2145 1
79 2146 1
80 2 2
80 10 5
80 14 2
80 15 1
80 24 1
80 32 1
80 41 1
80 50 3
80 53 1
80 63 1
80 72 1
80 76 1
80 93 1
80 108 1
80 123 2
80 126 1
80 132 1
80 145 2
80 152 1
80 161 1
80 172 3
80 178 1
80 181 3
80 188 1
80 203 11
80 211 1
80 221 1
80 229 1
80 232 2
80 237 2
80 242 2
80 262 1
80 281 1
80 289 4
80 334 1
80 341 1
80 382 1
80 418 4
80 428 6
80 437 1
80 448 1
80 548 1
80 649 1
80 666 1
80 673 1
80 704 1
80 747 1
80 785 1
80 828 2
80 832 1
80 1003 1
80 1017 1
80 1226 1
80 1360 1
80 1668 1
80 1794 1
80 2147 3
81 1 1
81 3 1
81 10 7
81 14 1
81 15 2
81 32 2
81 48 1
81 49 3
81 51 1
81 105 1
81 120 1
81 152 1
81 153 1
81 172 3
81 173 1
81 181 1
81 221 1
81 247 1
81 248 3
81 254 1
81 345 1
81 351 1
81 418 4
81 437 1
81 440 1
81 492 4
81 673 3
81 729 1
81 887 1
81 1054 1
81 1101 1
81 1137 1
81 1181 1
81 1387 3
81 1433 1
81 1566 1
81 1927 1
81 2148 1
81 2149 1
81 2150 1
82 2 1
82 3 1
82 10 14
82 14 2
82 15 8
82 32 1
82 43 1
82 48 2
82 53 1
82 56 1
82 57 1
82 68 1
82 72 2
82 75 1
82 105 8
82 106 1
82 118 2
82 124 1
82 127 1
82 130 2
82 132 1
82 133 1
82 137 4
82 160 1
82 171 3
82 172 4
82 173 1
82 178 1
82 181 2
82 193 1
82 200 1
82 202 1
82 208 1
82 218 1
82 242 2
82 245 1
82 247 2
82 248 1
82 251 1
82 257 1
82 277 1
82 281 1
82 299 1
82 339 1
82 341 1
82 345 1
82 373 1
82 403 1
82 407 4
82 410 5
82 418 20
82 428 4
82 492 1
82 503 1
82 510 1
82 596 2
82 642 1
82 660 1
82 672 1
82 673 2
82 691 1
82 701 6
82 705 1
82 785 1
82 815 1
82 913 1
82 1005 1
82 1106 1
82 1205 2
82 1421 1
82 1433 1
82 1581 1
82 1714 1
82 1730 1
82 1888 1
82 2058 1
82 2150 3
82 2151 1
82 2152 1
82 2153 2
82 2154 1
82 2155 1
82 2156 1
82 2157 1
82 2158 1
83 2 2
83 3 3
83 10 16
83 14 3
83 15 16
83 18 2
83 19 1
83 23 1
83 32 3
83 40 3
83 50 8
83 52 1
83 53 4
83 54 2
83 64 1
83 66 1
83 76 2
83 77 5
83 84 1
83 91 1
83 95 3
83 102 1
83 106 1
83 108 1
83 112 1
83 116 1
83 123 6
83 126 1
83 132 1
83 136 1
83 140 3
83 146 9
83 156 1
83 161 1
83 162 1
83 166 2
83 172 7
83 174 7
83 177 1
83 180 7
83 181 2
83 182 1
83 191 3
83 192 1
83 193 1
83 200 1
83 201 3
83 203 1
83 204 3
83 205 1
83 208 1
83 209 3
83 211 2
83 213 2
83 221 2
83 223 2
83 229 3
83 231 4
83 234 1
83 242 2
83 245 8
83 248 1
83 250 3
83 259 1
83 264 1
83 270 1
83 281 8
83 284 1
83 296 1
83 305 1
83 336 2
83 337 1
83 341 1
83 343 1
83 353 1
83 360 1
83 371 1
83 382 2
83 391 1
83 395 1
83 405 2
83 407 2
83 408 2
83 409 1
83 418 14
83 420 2
83 423 1
83 428 3
83 433 2
83 437 3
83 449 1
83 461 1
83 462 1
83 475 1
83 477 1
83 482 1
83 489 2
83 492 1
83 505 1
83 533 1
83 534 2
83 548 3
83 563 5
83 584 38
83 591 4
83 621 1
83 641 1
83 665 3
83 673 2
83 678 1
83 692 1
83 717 1
83 732 1
83 747 5
83 781 4
83 782 4
83 809 1
83 832 5
83 838 1
83 886 2
83 909 1
83 915 1
83 919 1
83 933 1
83 957 4
83 959 3
83 976 2
83 990 1
83 1017 1
83 1106 1
83 1158 1
83 1207 1
83 1212 1
83 1287 3
83 1325 1
83 1326 1
83 1551 1
83 1574 2
83 1594 1
83 1763 1
83 1801 1
83 1912 1
83 2008 1
83 2048 1
83 2049 1
83 2129 3
83 2132 1
83 2159 2
83 2160 1
83 2161 1
83 2162 2
83 2163 1
83 2164 7
83 2165 1
83 2166 1
83 2167 1
83 2168 1
83 2169 1
83 2170 2
83 2171 1
83 2172 4
83 2173 1
83 2174 1
84 2 2
84 14 6
84 15 3
84 23 1
84 32 1
84 42 2
84 43 1
84 47 1
84 55 1
84 60 1
84 63 1
84 84 1
84 88 1
84 91 1
84 106 1
84 108 2
84 119 1
84 123 1
84 126 2
84 137 1
84 139 2
84 141 1
84 142 1
84 148 1
84 155 2
84 164 1
84 172 2
84 181 1
84 182 1
84 189 3
84 191 2
84 200 1
84 201 2
84 208 1
84 209 2
84 221 1
84 226 1
84 232 1
84 255 5
84 261 1
84 262 1
84 273 1
84 282 1
84 284 2
84 313 1
84 327 1
84 341 1
84 343 1
84 349 1
84 360 2
84 371 3
84 384 1
84 391 1
84 437 1
84 452 1
84 457 1
84 494 1
84 510 1
84 516 1
84 535 1
84 554 1
84 627 2
84 643 1
84 669 1
84 717 1
84 760 2
84 837 2
84 889 1
84 909 1
84 1121 1
84 1172 1
84 1207 1
84 1361 1
84 1414 1
84 1697 1
84 1862 1
84 2017 2
84 2036 1
84 2175 1
84 2176 1
84 2177 2
84 2178 9
85 1 5
85 3 1
85 6 1
85 10 6
85 14 9
85 15 10
85 19 1
85 28 2
85 34 2
85 35 1
85 40 4
85 46 10
85 48 6
85 50 7
85 51 1
85 52 1
85 53 6
85 54 3
85 55 1
85 60 2
85 72 3
85 76 8
85 77 2
85 79 1
85 84 4
85 85 6
85 91 1
85 95 2
85 96 3
85 97 1
85 106 3
85 109 2
85 112 1
85 113 1
85 114 2
85 119 1
85 123 1
85 124 1
85 127 2
85 136 1
85 140 4
85 141 2
85 146 4
85 149 1
85 155 2
85 156 2
85 158 1
85 160 1
85 166 1
85 171 2
85 172 7
85 174 11
85 175 4
85 178 2
85 180 1
85 181 6
85 182 7
85 185 3
85 189 6
85 190 1
85 191 2
85 192 1
85 200 2
85 201 2
85 204 3
85 205 1
85 209 7
85 215 1
85 216 3
85 223 2
85 226 1
85 229 2
85 231 6
85 232 3
85 235 1
85 236 1
85 242 3
85 245 9
85 247 1
85 250 1
85 255 2
85 256 1
85 259 2
85 262 1
85 268 1
85 270 1
85 277 1
85 289 2
85 293 3
85 294 1
85 305 1
85 309 2
85 319 1
85 329 1
85 336 1
85 339 1
85 340 1
85 345 3
85 353 1
85 354 6
85 355 1
85 358 1
85 364 1
85 371 3
85 376 1
85 383 2
85 390 1
85 395 2
85 398 1
85 402 1
85 405 1
85 407 3
85 412 1
85 418 2
85 420 1
85 423 1
85 428 3
85 432 3
85 436 1
85 449 1
85 454 2
85 460 22
85 461 1
85 462 2
85 466 4
85 468 1
85 476 1
85 477 3
85 478 1
85 486 1
85 487 2
85 489 9
85 490 1
85 499 2
85 505 1
85 507 1
85 517 2
85 520 1
85 522 2
85 529 1
85 533 3
85 534 2
85 548 3
85 555 1
85 563 10
85 576 1
85 579 2
85 591 7
85 596 1
85 601 1
85 608 1
85 627 1
85 650 2
85 651 1
85 660 3
85 665 5
85 670 2
85 672 1
85 675 1
85 678 1
85 683 1
85 685 1
85 692 3
85 693 3
85 715 4
85 717 7
85 719 1
85 733 1
85 747 3
85 771 4
85 780 1
85 781 4
85 793 2
85 800 6
85 804 1
85 816 1
85 838 1
85 886 1
85 887 2
85 891 1
85 901 1
85 915 2
85 926 1
85 933 5
85 954 4
85 959 6
85 976 3
85 980 2
85 988 2
85 989 1
85 993 1
85 1050 1
85 1062 1
85 1106 8
85 1170 1
85 1172 1
85 1208 1
85 1212 2
85 1215 1
85 1225 1
85 1286 1
85 1299 1
85 1360 1
85 1374 1
85 1452 2
85 1493 2
85 1597 1
85 1611 1
85 1627 1
85 1664 1
85 1671 1
85 1677 1
85 1694 1
85 1746 1
85 1754 1
85 1789 3
85 1801 1
85 1809 1
85 1820 1
85 1823 1
85 1842 1
85 1951 1
85 1989 1
85 2008 3
85 2018 1
85 2129 5
85 2162 5
85 2179 1
85 2180 1
85 2181 1
85 2182 1
85 2183 1
85 2184 1
85 2185 3
85 2186 2
85 2187 1
85 2188 1
85 2189 1
85 2190 1
85 2191 1
86 2 5
86 3 30
86 5 1
86 6 4
86 10 3
86 11 3
86 14 6
86 15 16
86 16 2
86 18 1
86 19 1
86 21 1
86 29 1
86 32 17
86 35 5
86 39 1
86 40 2
86 42 1
86 43 1
86 50 3
86 52 1
86 53 6
86 54 3
86 56 2
86 63 8
86 64 4
86 66 1
86 68 1
86 69 1
86 70 1
86 72 1
86 76 4
86 77 6
86 86 1
86 88 1
86 91 1
86 92 1
86 95 1
86 102 3
86 105 1
86 106 1
86 108 1
86 109 1
86 111 1
86 112 1
86 114 1
86 115 1
86 119 2
86 126 2
86 127 2
86 132 1
86 133 1
86 136 1
86 137 1
86 142 2
86 143 1
86 146 7
86 148 7
86 149 3
86 153 1
86 155 1
86 156 2
86 160 1
86 164 1
86 170 2
86 171 2
86 172 5
86 174 6
86 175 1
86 177 1
86 178 1
86 179 1
86 182 1
86 184 1
86 188 2
86 189 3
86 191 1
86 192 1
86 193 3
86 201 1
86 204 1
86 205 1
86 213 4
86 221 1
86 223 2
86 244 1
86 250 1
86 259 1
86 261 1
86 278 1
86 299 1
86 302 2
86 314 1
86 316 1
86 339 1
86 345 1
86 354 1
86 355 1
86 360 1
86 371 1
86 384 1
86 413 1
86 437 1
86 466 1
86 475 1
86 482 2
86 488 1
86 492 5
86 510 3
86 515 1
86 520 1
86 534 2
86 535 1
86 536 1
86 543 2
86 554 3
86 574 1
86 579 1
86 614 1
86 627 1
86 642 1
86 666 1
86 667 1
86 679 1
86 680 3
86 686 2
86 757 1
86 785 1
86 799 2
86 800 1
86 801 2
86 869 1
86 913 2
86 952 1
86 959 2
86 1098 2
86 1109 1
86 1162 1
86 1174 5
86 1200 1
86 1310 1
86 1325 1
86 1326 8
86 1424 1
86 1431 1
86 1475 1
86 1492 1
86 1529 1
86 1611 1
86 1759 1
86 1957 1
86 2058 1
86 2169 1
86 2192 1
86 2193 1
86 2194 1
86 2195 1
86 2196 1
86 2197 1
86 2198 1
86 2199 1
86 2200 1
87 2 1
87 6 4
87 10 2
87 14 1
87 15 4
87 106 1
87 119 1
87 127 3
87 155 1
87 174 1
87 181 1
87 182 2
87 200 1
87 209 3
87 215 1
87 255 1
87 273 1
87 360 1
87 407 1
87 418 2
87 432 1
87 437 1
87 455 1
87 548 1
87 567 1
87 570 1
87 584 7
87 604 1
87 609 6
87 639 1
87 640 2
87 641 1
87 649 1
87 778 1
87 791 1
87 881 1
87 1230 1
87 2116 3
87 2120 1
