%%MatrixMarket matrix coordinate real general
38 1584 5410                                      
1 1 1
1 2 1
1 3 20
1 4 2
1 5 4
1 6 3
1 7 4
1 8 3
1 9 1
1 10 8
1 11 1
1 12 4
1 13 1
1 14 3
1 15 8
1 16 2
1 17 1
1 18 1
1 19 2
1 20 1
1 21 3
1 22 1
1 23 1
1 24 1
1 25 1
1 26 1
1 27 1
1 28 1
1 29 1
1 30 1
1 31 3
1 32 1
1 33 1
1 34 2
1 35 3
1 36 1
1 37 2
1 38 1
1 39 1
1 40 1
1 41 1
1 42 2
1 43 1
1 44 2
1 45 1
1 46 1
1 47 1
1 48 1
1 49 3
1 50 1
1 51 1
1 52 3
1 53 2
1 54 1
1 55 1
1 56 1
1 57 2
1 58 1
1 59 1
1 60 1
1 61 1
1 62 1
1 63 1
1 64 2
1 65 2
1 66 2
1 67 6
1 68 1
1 69 1
1 70 1
1 71 2
1 72 1
1 73 3
1 74 1
1 75 3
1 76 1
1 77 1
1 78 1
1 79 1
1 80 1
1 81 1
1 82 1
1 83 2
1 84 1
1 85 1
1 86 1
1 87 1
1 88 2
1 89 1
1 90 1
1 91 2
1 92 1
1 93 1
1 94 2
1 95 1
1 96 1
1 97 1
1 98 1
1 99 1
1 100 1
1 101 1
1 102 1
1 103 1
1 104 1
1 105 4
1 106 1
1 107 1
1 108 4
1 109 1
1 110 1
1 111 2
1 112 1
1 113 1
1 114 1
1 115 1
1 116 2
1 117 1
1 118 1
1 119 1
1 120 1
1 121 1
1 122 1
1 123 3
1 124 1
1 125 1
1 126 1
1 127 4
1 128 2
1 129 2
1 130 1
1 131 3
1 132 1
1 133 1
1 134 1
1 135 1
1 136 3
1 137 1
1 138 2
1 139 1
1 140 2
1 141 1
1 142 1
1 143 1
1 144 2
1 145 1
1 146 1
1 147 10
1 148 2
1 149 1
1 150 3
1 151 1
1 152 2
1 153 1
1 154 1
1 155 5
1 156 2
1 157 1
1 158 1
1 159 1
1 160 2
1 161 1
1 162 1
1 163 1
1 164 1
1 165 1
1 166 1
1 167 1
1 168 1
1 169 1
1 170 1
1 171 1
1 172 1
1 173 2
1 174 2
1 175 1
1 176 1
1 177 1
1 178 6
1 179 1
1 180 1
1 181 2
1 182 1
1 183 1
1 184 3
1 185 1
1 186 7
1 187 1
1 188 2
1 189 1
1 190 1
1 191 1
1 192 2
1 193 5
2 3 2
2 10 3
2 12 1
2 14 5
2 15 6
2 26 1
2 30 3
2 34 1
2 37 4
2 42 2
2 47 2
2 51 1
2 52 8
2 53 1
2 55 1
2 56 2
2 57 1
2 58 3
2 59 1
2 60 2
2 69 1
2 75 4
2 80 5
2 87 1
2 88 1
2 94 3
2 95 1
2 100 1
2 108 1
2 110 1
2 116 1
2 117 1
2 130 1
2 131 1
2 134 1
2 140 1
2 146 1
2 150 9
2 160 3
2 162 2
2 170 3
2 175 1
2 176 2
2 177 1
2 179 1
2 181 2
2 185 3
2 186 3
2 194 1
2 195 1
2 196 2
2 197 1
2 198 1
2 199 1
2 200 1
2 201 1
2 202 4
2 203 10
2 204 2
2 205 3
2 206 4
2 207 3
2 208 1
2 209 1
2 210 1
2 211 1
2 212 1
2 213 1
2 214 2
2 215 3
2 216 1
2 217 1
2 218 1
2 219 8
2 220 2
2 221 1
2 222 1
2 223 2
2 224 1
2 225 2
2 226 1
2 227 1
2 228 1
2 229 1
2 230 2
2 231 1
2 232 1
2 233 2
2 234 1
2 235 1
2 236 2
2 237 1
2 238 1
2 239 2
2 240 1
2 241 1
2 242 1
2 243 2
2 244 1
2 245 1
2 246 1
2 247 1
2 248 1
2 249 1
2 250 1
2 251 1
2 252 2
2 253 1
2 254 2
2 255 1
2 256 1
2 257 1
2 258 1
2 259 1
2 260 1
2 261 1
2 262 1
2 263 1
2 264 1
2 265 1
2 266 1
2 267 1
2 268 1
2 269 1
2 270 2
2 271 1
2 272 1
2 273 1
2 274 1
2 275 1
2 276 1
2 277 1
2 278 2
2 279 1
2 280 1
2 281 1
2 282 2
2 283 1
2 284 9
2 285 1
2 286 1
2 287 3
2 288 1
2 289 1
3 1 1
3 2 1
3 3 2
3 10 4
3 14 7
3 25 1
3 26 1
3 28 3
3 30 3
3 34 2
3 37 3
3 42 4
3 43 1
3 48 1
3 51 1
3 53 2
3 54 5
3 55 1
3 56 4
3 57 2
3 61 1
3 66 2
3 67 1
3 69 1
3 75 4
3 79 3
3 80 3
3 88 6
3 94 4
3 100 1
3 105 1
3 108 2
3 109 1
3 110 1
3 112 1
3 115 1
3 116 1
3 127 1
3 131 3
3 136 1
3 137 1
3 144 1
3 146 4
3 147 2
3 149 1
3 150 7
3 152 2
3 156 1
3 160 4
3 162 5
3 168 1
3 170 3
3 175 5
3 176 10
3 177 2
3 179 1
3 182 1
3 184 1
3 185 1
3 186 4
3 192 1
3 193 4
3 195 1
3 196 1
3 197 1
3 198 2
3 200 4
3 201 2
3 202 15
3 203 7
3 204 3
3 205 7
3 206 4
3 207 2
3 208 2
3 211 6
3 213 2
3 223 2
3 224 3
3 225 2
3 229 1
3 233 5
3 234 1
3 237 1
3 238 1
3 239 1
3 240 1
3 242 1
3 243 2
3 246 2
3 254 8
3 255 1
3 256 1
3 258 1
3 260 3
3 261 1
3 263 1
3 266 1
3 271 1
3 272 2
3 273 1
3 274 1
3 279 1
3 281 1
3 284 1
3 285 1
3 287 1
3 289 1
3 290 1
3 291 1
3 292 16
3 293 1
3 294 1
3 295 1
3 296 1
3 297 3
3 298 1
3 299 1
3 300 1
3 301 1
3 302 1
3 303 2
3 304 1
3 305 1
3 306 1
3 307 2
3 308 1
3 309 2
3 310 1
3 311 1
3 312 1
3 313 4
3 314 1
3 315 1
3 316 2
3 317 1
3 318 1
3 319 2
3 320 1
3 321 1
3 322 1
3 323 1
3 324 1
3 325 1
3 326 1
3 327 1
3 328 1
3 329 1
3 330 1
3 331 1
3 332 1
3 333 1
3 334 1
3 335 1
3 336 1
3 337 1
3 338 2
3 339 1
3 340 2
3 341 1
3 342 1
3 343 1
3 344 2
3 345 1
3 346 2
3 347 1
3 348 1
3 349 2
3 350 1
3 351 1
3 352 4
3 353 1
3 354 3
3 355 1
3 356 1
3 357 1
3 358 1
3 359 1
3 360 1
3 361 1
3 362 1
3 363 1
3 364 2
3 365 1
3 366 2
3 367 1
3 368 1
3 369 2
3 370 1
3 371 1
3 372 3
3 373 1
3 374 1
3 375 2
3 376 1
3 377 1
3 378 1
3 379 1
3 380 1
3 381 1
3 382 1
3 383 1
3 384 1
3 385 1
3 386 1
3 387 1
3 388 1
3 389 1
3 390 1
4 2 1
4 3 2
4 10 3
4 14 3
4 15 8
4 22 1
4 24 1
4 26 1
4 28 1
4 30 2
4 41 2
4 42 3
4 50 1
4 51 1
4 53 7
4 54 2
4 57 3
4 60 1
4 63 3
4 67 1
4 75 2
4 77 3
4 79 1
4 80 2
4 87 1
4 88 4
4 94 1
4 96 1
4 97 5
4 108 3
4 109 2
4 110 1
4 112 3
4 115 1
4 116 3
4 120 1
4 123 1
4 127 2
4 128 1
4 144 2
4 145 2
4 146 2
4 147 1
4 149 1
4 150 4
4 153 1
4 156 1
4 160 1
4 164 3
4 165 1
4 167 1
4 170 2
4 176 1
4 177 2
4 178 4
4 179 4
4 181 1
4 182 2
4 184 3
4 186 4
4 190 1
4 193 11
4 195 2
4 197 1
4 206 2
4 207 4
4 213 1
4 215 1
4 218 5
4 221 3
4 225 2
4 227 1
4 231 1
4 233 3
4 234 5
4 237 1
4 238 1
4 240 1
4 245 1
4 247 1
4 256 1
4 257 3
4 261 1
4 263 2
4 266 1
4 275 2
4 276 2
4 288 1
4 317 1
4 322 9
4 344 1
4 345 2
4 346 3
4 356 1
4 372 21
4 391 1
4 392 1
4 393 1
4 394 2
4 395 1
4 396 1
4 397 1
4 398 1
4 399 1
4 400 1
4 401 2
4 402 1
4 403 1
4 404 1
4 405 1
4 406 3
4 407 1
4 408 1
4 409 1
4 410 10
4 411 2
4 412 1
4 413 1
4 414 1
4 415 1
4 416 1
4 417 2
4 418 1
4 419 10
4 420 1
4 421 2
4 422 2
4 423 1
4 424 2
4 425 1
4 426 3
4 427 1
4 428 5
4 429 14
4 430 1
4 431 1
4 432 1
4 433 1
4 434 1
4 435 1
4 436 3
4 437 2
4 438 1
4 439 1
4 440 1
4 441 1
4 442 1
4 443 1
4 444 1
4 445 1
4 446 2
4 447 1
4 448 1
4 449 1
4 450 1
4 451 1
4 452 1
4 453 1
4 454 1
4 455 1
4 456 1
4 457 1
4 458 2
4 459 1
4 460 1
4 461 1
4 462 1
4 463 1
4 464 1
4 465 1
4 466 1
4 467 9
4 468 1
4 469 1
4 470 3
4 471 1
4 472 1
4 473 1
4 474 1
4 475 1
4 476 1
4 477 2
4 478 1
4 479 1
4 480 1
5 1 1
5 3 4
5 6 1
5 10 4
5 11 1
5 14 3
5 15 11
5 26 1
5 27 8
5 29 1
5 30 1
5 34 1
5 39 1
5 41 1
5 42 2
5 55 2
5 56 2
5 57 1
5 61 1
5 63 1
5 69 1
5 75 2
5 79 1
5 80 4
5 82 1
5 87 2
5 94 1
5 100 1
5 102 1
5 110 1
5 112 1
5 113 3
5 125 1
5 131 2
5 141 1
5 145 1
5 146 1
5 150 6
5 160 1
5 161 1
5 165 1
5 170 3
5 173 1
5 175 7
5 176 10
5 178 1
5 179 4
5 180 5
5 185 12
5 186 2
5 188 1
5 189 1
5 197 1
5 210 1
5 215 2
5 217 1
5 227 2
5 230 1
5 231 4
5 235 2
5 243 2
5 247 2
5 252 2
5 261 1
5 281 1
5 319 3
5 329 1
5 330 2
5 340 1
5 346 1
5 370 2
5 372 7
5 383 1
5 384 1
5 409 1
5 414 1
5 436 1
5 439 2
5 445 1
5 461 1
5 467 2
5 481 3
5 482 1
5 483 1
5 484 1
5 485 2
5 486 1
5 487 1
5 488 2
5 489 1
5 490 3
5 491 3
5 492 2
5 493 5
5 494 1
5 495 1
5 496 2
5 497 3
5 498 1
5 499 1
5 500 2
5 501 1
5 502 1
5 503 1
5 504 1
5 505 2
5 506 1
5 507 1
5 508 1
5 509 2
5 510 2
5 511 5
5 512 1
5 513 3
5 514 1
5 515 2
5 516 1
5 517 1
5 518 1
5 519 1
5 520 6
5 521 1
5 522 1
5 523 2
5 524 1
5 525 2
5 526 1
5 527 1
5 528 1
5 529 1
5 530 1
5 531 12
5 532 15
5 533 2
5 534 4
5 535 2
5 536 1
5 537 1
5 538 1
5 539 1
5 540 6
5 541 3
5 542 1
5 543 1
5 544 1
5 545 1
5 546 1
5 547 4
5 548 1
5 549 1
5 550 15
5 551 1
5 552 1
5 553 2
5 554 1
6 1 1
6 3 1
6 6 9
6 10 1
6 14 4
6 16 3
6 25 3
6 26 1
6 30 1
6 34 8
6 42 2
6 48 1
6 49 2
6 51 1
6 53 3
6 55 1
6 56 2
6 63 1
6 67 2
6 69 1
6 75 2
6 80 4
6 94 2
6 97 2
6 102 1
6 108 1
6 110 1
6 115 1
6 131 1
6 137 1
6 146 1
6 147 1
6 150 6
6 153 1
6 159 10
6 160 1
6 168 1
6 170 2
6 175 10
6 176 9
6 177 1
6 178 9
6 181 1
6 182 1
6 184 2
6 185 4
6 186 3
6 191 1
6 193 2
6 195 1
6 210 1
6 211 1
6 213 7
6 215 2
6 243 1
6 244 1
6 247 10
6 248 1
6 252 1
6 256 1
6 257 4
6 258 1
6 259 2
6 261 2
6 268 1
6 276 2
6 279 1
6 280 1
6 281 1
6 292 11
6 302 1
6 316 1
6 343 1
6 345 1
6 346 1
6 361 1
6 387 2
6 390 1
6 400 1
6 409 1
6 413 1
6 419 1
6 421 1
6 427 1
6 431 1
6 438 1
6 445 1
6 462 2
6 463 1
6 473 2
6 478 1
6 481 2
6 482 1
6 491 1
6 492 1
6 495 1
6 505 2
6 509 3
6 517 3
6 518 5
6 520 2
6 531 3
6 536 1
6 537 1
6 539 4
6 541 3
6 550 30
6 555 1
6 556 1
6 557 3
6 558 5
6 559 1
6 560 2
6 561 2
6 562 4
6 563 1
6 564 1
6 565 6
6 566 8
6 567 1
6 568 1
6 569 8
6 570 1
6 571 3
6 572 5
6 573 8
6 574 1
6 575 1
6 576 1
6 577 1
6 578 2
6 579 1
6 580 1
6 581 1
6 582 1
6 583 1
6 584 3
6 585 1
6 586 3
6 587 1
6 588 1
6 589 2
6 590 2
6 591 2
6 592 3
6 593 1
6 594 2
6 595 3
6 596 1
6 597 1
6 598 3
6 599 1
6 600 1
6 601 6
6 602 1
6 603 1
6 604 1
6 605 1
6 606 1
6 607 1
6 608 5
6 609 1
6 610 1
6 611 1
6 612 3
6 613 1
6 614 1
6 615 3
6 616 1
6 617 1
6 618 1
6 619 1
6 620 1
6 621 1
6 622 1
6 623 2
6 624 1
6 625 1
6 626 2
6 627 1
6 628 2
6 629 3
6 630 1
6 631 4
6 632 1
6 633 1
6 634 2
6 635 1
6 636 1
6 637 1
6 638 1
6 639 1
6 640 1
6 641 1
6 642 3
6 643 4
6 644 1
6 645 1
6 646 7
6 647 1
6 648 1
6 649 1
6 650 1
6 651 2
6 652 1
7 1 2
7 2 1
7 3 5
7 4 1
7 10 1
7 14 7
7 15 8
7 26 1
7 28 1
7 30 3
7 34 7
7 37 3
7 42 2
7 45 1
7 48 1
7 53 8
7 54 1
7 55 1
7 56 3
7 57 1
7 60 6
7 61 1
7 67 11
7 69 1
7 71 1
7 75 4
7 79 1
7 80 4
7 81 1
7 88 3
7 91 1
7 94 3
7 105 2
7 107 1
7 110 1
7 112 4
7 115 1
7 116 1
7 131 1
7 134 1
7 136 1
7 137 8
7 146 1
7 147 1
7 149 4
7 150 8
7 152 2
7 156 1
7 159 1
7 160 1
7 168 3
7 170 1
7 175 9
7 176 3
7 178 4
7 182 2
7 185 7
7 186 6
7 192 2
7 193 6
7 195 2
7 197 3
7 204 1
7 206 6
7 207 2
7 210 2
7 211 3
7 213 3
7 215 2
7 225 2
7 227 1
7 231 2
7 233 2
7 234 2
7 237 1
7 238 1
7 243 3
7 244 1
7 245 10
7 247 1
7 248 1
7 252 1
7 257 8
7 258 1
7 259 5
7 261 1
7 266 1
7 269 1
7 280 5
7 282 3
7 285 1
7 287 1
7 289 1
7 302 2
7 305 1
7 312 1
7 315 1
7 322 1
7 339 1
7 340 1
7 342 3
7 343 1
7 344 1
7 346 1
7 355 1
7 361 1
7 370 1
7 390 1
7 399 1
7 409 2
7 415 1
7 431 1
7 438 2
7 439 1
7 461 5
7 462 6
7 483 3
7 494 3
7 501 2
7 505 1
7 519 3
7 524 2
7 550 5
7 561 1
7 565 6
7 575 1
7 582 1
7 601 1
7 620 1
7 653 1
7 654 1
7 655 1
7 656 2
7 657 1
7 658 1
7 659 1
7 660 1
7 661 2
7 662 1
7 663 1
7 664 1
7 665 1
7 666 1
7 667 1
7 668 1
7 669 1
7 670 1
7 671 1
7 672 1
7 673 1
7 674 1
7 675 1
7 676 1
7 677 1
7 678 1
7 679 1
7 680 2
7 681 1
7 682 1
7 683 1
7 684 1
7 685 4
7 686 1
7 687 1
7 688 1
7 689 1
7 690 2
7 691 1
7 692 1
7 693 1
7 694 1
7 695 7
7 696 1
7 697 1
7 698 1
7 699 1
7 700 2
7 701 2
7 702 1
7 703 2
7 704 3
7 705 1
7 706 1
7 707 2
7 708 1
7 709 1
7 710 3
7 711 1
7 712 1
7 713 1
7 714 1
7 715 1
7 716 1
7 717 6
7 718 1
7 719 31
8 3 1
8 10 3
8 14 5
8 15 4
8 19 1
8 30 3
8 34 1
8 37 1
8 42 2
8 52 3
8 56 2
8 57 1
8 58 1
8 69 1
8 70 1
8 75 1
8 77 21
8 80 4
8 88 1
8 94 1
8 105 1
8 108 1
8 109 1
8 110 1
8 116 1
8 130 1
8 131 1
8 142 1
8 145 31
8 146 1
8 150 8
8 152 1
8 156 1
8 160 1
8 162 1
8 165 1
8 176 4
8 177 1
8 178 5
8 179 1
8 182 2
8 185 2
8 186 1
8 189 1
8 193 9
8 195 4
8 196 2
8 197 2
8 204 3
8 206 1
8 207 2
8 210 1
8 211 2
8 215 1
8 218 2
8 221 1
8 225 2
8 235 1
8 236 1
8 237 1
8 238 1
8 242 2
8 247 5
8 249 1
8 252 1
8 261 1
8 266 1
8 286 1
8 305 1
8 342 1
8 346 2
8 359 2
8 370 1
8 372 7
8 383 1
8 387 3
8 390 4
8 392 1
8 402 3
8 403 1
8 405 1
8 426 9
8 429 2
8 433 3
8 434 1
8 438 2
8 448 8
8 453 5
8 455 2
8 461 1
8 463 1
8 474 2
8 495 1
8 506 1
8 524 1
8 531 1
8 541 2
8 565 2
8 581 1
8 669 1
8 685 1
8 687 1
8 693 1
8 716 1
8 718 4
8 720 1
8 721 1
8 722 2
8 723 1
8 724 1
8 725 1
8 726 2
8 727 4
8 728 2
8 729 2
8 730 1
8 731 1
8 732 1
8 733 1
8 734 1
8 735 3
8 736 1
8 737 1
8 738 1
8 739 1
8 740 1
8 741 1
8 742 1
8 743 1
8 744 1
8 745 1
8 746 2
8 747 1
8 748 1
8 749 1
8 750 1
8 751 3
8 752 2
8 753 10
8 754 1
8 755 1
8 756 1
8 757 1
8 758 1
8 759 1
8 760 1
8 761 1
8 762 1
9 14 1
9 130 1
9 234 1
9 318 1
9 329 1
9 345 1
9 419 1
9 462 1
9 763 1
9 764 1
9 765 3
9 766 1
9 767 1
9 768 1
9 769 2
9 770 1
9 771 1
9 772 1
10 1 1
10 3 3
10 7 1
10 10 1
10 14 3
10 26 1
10 28 1
10 30 1
10 34 4
10 36 1
10 39 1
10 42 4
10 43 1
10 44 4
10 51 1
10 53 4
10 55 1
10 56 6
10 57 1
10 60 1
10 69 1
10 75 1
10 77 6
10 79 1
10 80 3
10 87 4
10 94 1
10 97 1
10 105 2
10 108 1
10 110 1
10 112 1
10 115 1
10 118 1
10 128 1
10 136 1
10 142 2
10 145 16
10 146 1
10 147 1
10 150 5
10 152 1
10 153 2
10 156 1
10 159 4
10 160 1
10 170 2
10 175 9
10 176 4
10 177 1
10 178 2
10 182 1
10 185 5
10 186 1
10 192 5
10 193 15
10 210 2
10 213 1
10 215 2
10 216 7
10 218 3
10 243 4
10 247 11
10 252 1
10 256 1
10 261 1
10 276 1
10 287 1
10 292 18
10 299 2
10 305 2
10 322 7
10 369 1
10 372 16
10 390 2
10 408 2
10 409 3
10 424 3
10 426 2
10 434 1
10 438 2
10 461 15
10 462 1
10 463 2
10 478 1
10 479 1
10 482 1
10 491 2
10 492 1
10 493 1
10 501 1
10 512 1
10 515 1
10 518 2
10 524 1
10 531 6
10 535 2
10 543 2
10 550 17
10 565 6
10 571 1
10 575 1
10 582 3
10 619 1
10 669 1
10 692 1
10 693 4
10 698 1
10 707 1
10 709 2
10 718 1
10 720 4
10 744 1
10 759 1
10 762 1
10 767 2
10 772 5
10 773 1
10 774 1
10 775 1
10 776 3
10 777 1
10 778 1
10 779 1
10 780 2
10 781 11
10 782 2
10 783 1
10 784 2
10 785 1
10 786 2
10 787 1
10 788 16
10 789 3
10 790 1
10 791 2
10 792 3
10 793 7
10 794 3
10 795 1
10 796 1
10 797 1
10 798 3
10 799 1
10 800 1
10 801 1
10 802 2
10 803 1
10 804 1
10 805 10
10 806 4
10 807 2
11 3 1
11 10 4
11 14 4
11 15 7
11 26 1
11 30 3
11 34 1
11 37 12
11 42 4
11 44 1
11 47 1
11 53 5
11 54 6
11 56 3
11 57 1
11 66 1
11 67 3
11 69 1
11 75 2
11 80 5
11 88 1
11 94 1
11 100 1
11 105 1
11 108 1
11 110 1
11 115 1
11 116 2
11 131 2
11 140 2
11 143 2
11 146 1
11 147 1
11 150 9
11 160 1
11 168 1
11 170 2
11 175 1
11 182 1
11 185 6
11 195 1
11 204 1
11 206 2
11 207 9
11 211 1
11 214 2
11 215 4
11 217 1
11 225 2
11 231 1
11 233 8
11 234 3
11 237 1
11 238 1
11 243 4
11 247 3
11 252 1
11 261 1
11 263 1
11 266 1
11 279 1
11 280 2
11 281 1
11 283 3
11 289 1
11 312 1
11 322 1
11 339 1
11 340 1
11 343 1
11 346 1
11 347 1
11 378 4
11 383 1
11 391 2
11 406 1
11 410 4
11 417 1
11 433 1
11 439 1
11 449 1
11 464 2
11 508 2
11 582 1
11 598 1
11 620 1
11 627 1
11 703 1
11 716 1
11 718 2
11 746 1
11 748 1
11 756 1
11 793 1
11 794 1
11 801 1
11 808 3
11 809 7
11 810 1
11 811 3
11 812 5
11 813 10
11 814 1
11 815 1
11 816 1
11 817 1
11 818 1
11 819 2
11 820 1
11 821 1
11 822 3
11 823 1
11 824 1
11 825 1
11 826 1
11 827 1
11 828 1
11 829 1
11 830 1
11 831 1
11 832 1
11 833 1
11 834 1
11 835 4
11 836 7
11 837 1
11 838 1
11 839 1
11 840 1
11 841 1
11 842 1
12 3 14
12 10 8
12 13 1
12 14 3
12 15 7
12 26 1
12 30 3
12 34 3
12 37 5
12 42 3
12 44 1
12 53 4
12 56 2
12 57 2
12 59 1
12 60 2
12 64 12
12 69 1
12 70 1
12 73 1
12 75 1
12 80 5
12 88 2
12 94 1
12 100 1
12 105 2
12 110 1
12 112 1
12 115 1
12 116 1
12 123 1
12 128 1
12 131 2
12 134 1
12 140 3
12 143 8
12 146 1
12 147 1
12 149 1
12 150 9
12 152 2
12 160 1
12 170 3
12 178 4
12 179 5
12 181 2
12 182 2
12 185 14
12 186 4
12 192 7
12 196 2
12 197 1
12 199 2
12 206 7
12 207 3
12 210 2
12 211 1
12 213 1
12 215 14
12 217 1
12 218 3
12 221 2
12 225 2
12 233 3
12 234 3
12 236 1
12 237 1
12 238 1
12 243 3
12 252 3
12 258 1
12 261 1
12 263 1
12 266 1
12 271 1
12 274 1
12 281 1
12 308 1
12 340 1
12 346 1
12 361 3
12 390 5
12 406 1
12 438 1
12 439 8
12 468 1
12 489 1
12 501 2
12 507 11
12 508 1
12 512 1
12 524 4
12 531 2
12 539 1
12 595 9
12 619 1
12 626 1
12 632 1
12 669 2
12 692 2
12 698 1
12 707 3
12 733 1
12 759 1
12 761 1
12 790 1
12 791 1
12 801 1
12 804 1
12 806 1
12 813 5
12 820 1
12 823 1
12 825 1
12 827 3
12 831 1
12 835 5
12 836 7
12 843 1
12 844 1
12 845 1
12 846 1
12 847 1
12 848 6
12 849 1
12 850 1
12 851 1
12 852 1
12 853 2
12 854 1
12 855 3
12 856 1
12 857 3
12 858 1
12 859 1
12 860 2
12 861 1
12 862 6
12 863 2
12 864 4
12 865 1
12 866 1
12 867 1
12 868 1
12 869 2
12 870 1
12 871 1
12 872 1
12 873 1
12 874 1
12 875 1
12 876 1
12 877 2
12 878 1
12 879 1
12 880 2
12 881 1
13 2 2
13 3 4
13 6 3
13 10 6
13 12 1
13 14 4
13 15 16
13 26 1
13 28 1
13 30 1
13 34 4
13 37 2
13 42 2
13 44 2
13 53 4
13 55 2
13 56 2
13 57 2
13 60 1
13 67 1
13 69 1
13 75 1
13 77 3
13 79 2
13 80 2
13 87 4
13 88 4
13 93 2
13 94 2
13 100 1
13 108 4
13 110 1
13 115 1
13 123 1
13 124 1
13 141 1
13 142 1
13 145 5
13 146 1
13 147 2
13 150 4
13 160 2
13 162 1
13 164 2
13 168 1
13 170 3
13 173 1
13 175 1
13 176 3
13 178 10
13 179 2
13 182 14
13 185 4
13 186 2
13 193 18
13 199 1
13 204 2
13 206 1
13 211 2
13 213 3
13 215 2
13 217 1
13 218 2
13 247 3
13 249 3
13 252 2
13 257 1
13 258 1
13 261 1
13 262 1
13 268 1
13 271 1
13 273 2
13 285 1
13 287 1
13 302 2
13 344 1
13 346 3
13 347 1
13 352 1
13 356 1
13 359 4
13 369 1
13 372 29
13 379 1
13 385 1
13 388 2
13 402 1
13 403 3
13 411 1
13 412 1
13 413 1
13 419 30
13 423 1
13 429 1
13 436 1
13 438 2
13 439 1
13 463 2
13 467 1
13 483 2
13 489 2
13 493 1
13 494 1
13 530 1
13 536 2
13 581 2
13 695 4
13 703 1
13 707 1
13 718 1
13 748 2
13 754 6
13 759 1
13 786 2
13 793 2
13 826 1
13 882 1
13 883 3
13 884 1
13 885 1
13 886 1
13 887 1
13 888 1
13 889 1
13 890 2
13 891 1
13 892 1
13 893 1
13 894 2
13 895 1
13 896 2
13 897 1
13 898 1
13 899 1
13 900 1
13 901 10
13 902 2
13 903 4
13 904 1
13 905 1
13 906 1
13 907 1
13 908 1
13 909 1
13 910 5
13 911 2
13 912 2
13 913 3
13 914 1
13 915 4
13 916 1
13 917 1
13 918 1
13 919 2
13 920 1
13 921 1
13 922 1
13 923 1
13 924 1
13 925 1
13 926 1
13 927 1
13 928 1
13 929 1
13 930 1
13 931 1
13 932 1
13 933 2
13 934 1
14 2 1
14 3 2
14 10 2
14 14 5
14 15 17
14 19 1
14 24 1
14 26 1
14 30 3
14 34 3
14 37 1
14 42 2
14 44 1
14 53 3
14 54 1
14 55 1
14 56 2
14 57 3
14 59 1
14 69 1
14 75 3
14 79 2
14 80 5
14 87 1
14 88 2
14 94 3
14 100 1
14 105 3
14 109 1
14 110 1
14 112 3
14 115 1
14 116 1
14 118 1
14 123 1
14 127 17
14 128 1
14 130 1
14 131 3
14 137 1
14 140 4
14 143 8
14 146 1
14 147 1
14 149 1
14 150 9
14 158 1
14 160 2
14 164 1
14 170 1
14 175 8
14 176 1
14 178 2
14 182 1
14 185 5
14 186 2
14 190 1
14 192 1
14 193 1
14 196 1
14 199 3
14 204 1
14 206 1
14 207 2
14 213 1
14 215 2
14 225 2
14 227 1
14 233 5
14 234 1
14 237 1
14 238 1
14 243 2
14 247 1
14 252 5
14 261 1
14 263 1
14 266 1
14 281 1
14 283 3
14 285 1
14 287 2
14 288 1
14 312 1
14 319 1
14 322 3
14 340 1
14 351 1
14 352 1
14 387 1
14 390 2
14 402 1
14 403 2
14 412 1
14 417 1
14 424 1
14 429 1
14 436 2
14 438 1
14 439 1
14 448 1
14 456 1
14 459 1
14 463 2
14 467 1
14 476 1
14 491 1
14 493 2
14 501 2
14 505 1
14 507 1
14 517 1
14 524 1
14 541 1
14 615 4
14 627 1
14 629 10
14 682 1
14 691 1
14 695 1
14 703 1
14 707 1
14 718 1
14 727 1
14 736 1
14 759 1
14 760 1
14 771 5
14 794 1
14 800 2
14 801 1
14 811 1
14 813 9
14 820 1
14 822 1
14 835 8
14 836 7
14 839 2
14 840 1
14 877 2
14 885 2
14 887 1
14 889 1
14 899 1
14 906 1
14 935 1
14 936 1
14 937 3
14 938 1
14 939 1
14 940 1
14 941 2
14 942 2
14 943 1
14 944 1
14 945 1
14 946 1
14 947 1
14 948 1
14 949 1
14 950 1
14 951 1
14 952 8
14 953 1
14 954 1
14 955 1
14 956 1
14 957 2
14 958 1
14 959 1
14 960 1
14 961 1
14 962 7
14 963 1
14 964 2
14 965 1
14 966 1
14 967 1
14 968 1
14 969 16
14 970 1
14 971 1
14 972 3
14 973 1
14 974 1
15 1 1
15 3 9
15 14 4
15 15 26
15 16 1
15 26 1
15 27 2
15 34 3
15 37 4
15 42 2
15 48 1
15 52 2
15 53 4
15 55 1
15 56 3
15 57 2
15 60 1
15 66 1
15 67 1
15 73 1
15 74 1
15 75 1
15 80 1
15 87 4
15 89 1
15 94 1
15 97 2
15 98 1
15 105 4
15 107 2
15 110 1
15 112 4
15 115 1
15 118 1
15 123 2
15 130 1
15 134 1
15 136 3
15 139 1
15 140 1
15 141 2
15 145 15
15 146 1
15 147 1
15 148 1
15 150 1
15 152 1
15 153 3
15 156 2
15 159 4
15 160 1
15 168 2
15 169 2
15 170 2
15 175 13
15 176 10
15 178 4
15 181 1
15 182 1
15 184 5
15 185 10
15 186 2
15 192 1
15 193 1
15 195 1
15 196 1
15 206 9
15 210 9
15 211 9
15 213 3
15 227 1
15 236 1
15 243 2
15 244 1
15 245 1
15 247 16
15 252 1
15 257 3
15 261 3
15 263 2
15 273 2
15 284 2
15 287 5
15 290 3
15 308 1
15 312 1
15 317 1
15 320 1
15 322 1
15 339 1
15 340 1
15 345 2
15 346 3
15 355 1
15 361 2
15 363 1
15 369 4
15 372 17
15 375 1
15 385 2
15 390 1
15 391 1
15 408 3
15 409 1
15 417 1
15 424 8
15 429 2
15 434 1
15 438 1
15 461 1
15 463 2
15 467 3
15 468 3
15 478 2
15 479 6
15 481 2
15 483 1
15 484 1
15 485 1
15 491 7
15 501 3
15 505 1
15 509 1
15 510 2
15 520 2
15 524 1
15 531 4
15 535 2
15 536 2
15 538 1
15 541 1
15 543 4
15 550 13
15 565 4
15 569 1
15 575 2
15 577 1
15 581 2
15 594 12
15 597 1
15 601 2
15 624 1
15 629 2
15 656 2
15 662 1
15 667 1
15 669 1
15 680 1
15 692 10
15 728 1
15 733 1
15 737 1
15 759 3
15 760 1
15 766 2
15 773 1
15 775 1
15 777 2
15 781 1
15 783 6
15 792 4
15 794 1
15 796 1
15 797 2
15 800 2
15 802 1
15 805 5
15 810 1
15 825 2
15 854 1
15 866 1
15 911 2
15 920 1
15 928 1
15 931 2
15 939 1
15 950 2
15 955 1
15 965 1
15 970 1
15 975 1
15 976 1
15 977 2
15 978 1
15 979 1
15 980 2
15 981 2
15 982 2
15 983 1
15 984 1
15 985 1
15 986 1
15 987 2
15 988 1
15 989 1
15 990 1
15 991 1
15 992 1
15 993 2
15 994 5
15 995 1
15 996 2
15 997 1
15 998 1
15 999 9
15 1000 9
15 1001 1
15 1002 1
15 1003 2
15 1004 1
15 1005 3
15 1006 2
15 1007 1
15 1008 1
15 1009 1
15 1010 1
15 1011 1
15 1012 1
15 1013 1
15 1014 1
15 1015 3
15 1016 1
15 1017 6
15 1018 1
15 1019 1
15 1020 1
15 1021 1
15 1022 1
15 1023 1
16 1 2
16 2 4
16 3 3
16 11 1
16 13 1
16 14 18
16 15 18
16 19 2
16 21 8
16 27 1
16 30 1
16 34 1
16 37 1
16 42 4
16 44 1
16 45 4
16 48 1
16 51 1
16 53 1
16 56 1
16 57 6
16 60 3
16 66 3
16 67 1
16 69 1
16 73 5
16 75 1
16 80 2
16 87 4
16 94 1
16 96 1
16 100 1
16 108 2
16 112 7
16 115 1
16 117 3
16 130 6
16 131 2
16 134 1
16 141 3
16 143 1
16 146 2
16 147 8
16 150 4
16 156 1
16 158 1
16 160 1
16 165 1
16 170 3
16 176 2
16 177 2
16 178 7
16 182 3
16 185 6
16 186 1
16 197 3
16 205 3
16 210 1
16 211 1
16 215 1
16 218 13
16 221 1
16 222 1
16 223 6
16 227 1
16 228 2
16 241 5
16 242 1
16 249 1
16 250 1
16 256 1
16 261 2
16 263 3
16 271 2
16 272 5
16 273 1
16 288 1
16 291 1
16 300 1
16 304 1
16 308 2
16 328 1
16 343 3
16 346 4
16 347 1
16 355 1
16 356 1
16 361 2
16 363 1
16 367 1
16 382 1
16 383 1
16 386 2
16 390 6
16 403 2
16 408 1
16 413 1
16 416 1
16 419 4
16 429 2
16 431 2
16 434 5
16 436 1
16 439 2
16 441 2
16 450 5
16 462 1
16 476 2
16 481 1
16 484 1
16 487 1
16 489 1
16 498 1
16 500 1
16 508 1
16 524 8
16 536 1
16 539 4
16 543 1
16 560 1
16 561 2
16 563 1
16 568 1
16 577 1
16 599 1
16 604 1
16 610 1
16 618 2
16 637 1
16 645 2
16 653 2
16 682 1
16 683 1
16 703 10
16 728 1
16 743 2
16 754 1
16 786 1
16 813 1
16 817 1
16 820 2
16 837 1
16 846 1
16 857 1
16 875 1
16 908 3
16 923 1
16 928 21
16 937 2
16 942 1
16 966 1
16 1003 2
16 1024 1
16 1025 2
16 1026 1
16 1027 1
16 1028 3
16 1029 1
16 1030 1
16 1031 1
16 1032 1
16 1033 1
16 1034 1
16 1035 1
16 1036 3
16 1037 3
16 1038 1
16 1039 1
16 1040 2
16 1041 1
16 1042 1
16 1043 2
16 1044 1
16 1045 3
16 1046 1
16 1047 1
16 1048 1
16 1049 1
16 1050 1
16 1051 2
16 1052 1
16 1053 1
16 1054 2
16 1055 1
16 1056 1
16 1057 3
16 1058 1
16 1059 1
16 1060 1
16 1061 1
16 1062 1
16 1063 1
16 1064 1
16 1065 2
16 1066 1
16 1067 1
16 1068 6
16 1069 1
16 1070 1
16 1071 2
16 1072 1
16 1073 1
16 1074 1
16 1075 2
16 1076 1
16 1077 1
16 1078 1
16 1079 1
16 1080 1
16 1081 2
16 1082 2
16 1083 1
16 1084 1
16 1085 1
16 1086 2
16 1087 1
16 1088 1
16 1089 2
16 1090 2
16 1091 2
16 1092 1
16 1093 3
16 1094 2
16 1095 1
16 1096 1
16 1097 1
16 1098 1
16 1099 1
16 1100 1
16 1101 1
16 1102 1
16 1103 1
16 1104 1
16 1105 2
16 1106 1
16 1107 1
16 1108 1
16 1109 1
16 1110 1
16 1111 1
16 1112 1
16 1113 1
16 1114 1
16 1115 1
16 1116 2
16 1117 1
16 1118 1
16 1119 1
16 1120 3
16 1121 1
16 1122 1
16 1123 2
16 1124 1
16 1125 1
16 1126 11
16 1127 3
16 1128 3
16 1129 47
16 1130 1
16 1131 3
16 1132 5
16 1133 1
16 1134 4
16 1135 1
16 1136 2
16 1137 3
16 1138 1
16 1139 1
16 1140 1
16 1141 3
16 1142 1
16 1143 1
16 1144 1
16 1145 4
16 1146 1
16 1147 3
16 1148 2
16 1149 1
16 1150 1
16 1151 1
16 1152 1
16 1153 1
16 1154 1
16 1155 13
16 1156 3
16 1157 1
16 1158 1
16 1159 1
16 1160 1
16 1161 1
17 3 1
17 8 3
17 10 3
17 14 1
17 29 1
17 34 1
17 37 1
17 45 1
17 48 1
17 52 2
17 53 2
17 54 1
17 58 2
17 63 1
17 67 3
17 77 1
17 80 1
17 81 1
17 88 1
17 89 2
17 102 1
17 109 1
17 117 2
17 136 1
17 138 3
17 145 1
17 146 2
17 152 1
17 153 1
17 168 1
17 175 4
17 176 1
17 193 1
17 195 2
17 207 1
17 210 1
17 215 1
17 223 1
17 234 1
17 240 1
17 243 2
17 249 3
17 250 2
17 261 1
17 263 3
17 283 1
17 292 6
17 305 1
17 314 1
17 316 1
17 346 1
17 359 1
17 372 1
17 388 1
17 390 1
17 392 1
17 404 1
17 421 1
17 429 2
17 434 1
17 438 2
17 439 1
17 461 1
17 462 1
17 476 1
17 491 1
17 536 1
17 565 1
17 582 1
17 595 1
17 707 1
17 726 2
17 729 1
17 786 1
17 836 1
17 907 1
17 920 1
17 922 1
17 933 1
17 1058 1
17 1099 1
17 1104 1
17 1148 1
17 1162 1
17 1163 1
17 1164 1
17 1165 1
17 1166 1
17 1167 1
17 1168 1
17 1169 1
17 1170 1
17 1171 1
17 1172 1
17 1173 1
17 1174 11
17 1175 1
17 1176 1
17 1177 2
17 1178 1
17 1179 1
17 1180 1
17 1181 2
17 1182 1
18 3 4
18 10 2
18 14 7
18 15 3
18 16 2
18 34 2
18 36 1
18 48 1
18 51 2
18 56 2
18 63 1
18 66 1
18 71 1
18 78 1
18 81 1
18 105 6
18 108 1
18 119 1
18 130 1
18 141 1
18 147 1
18 152 1
18 176 1
18 177 1
18 186 4
18 188 1
18 192 1
18 195 2
18 204 1
18 240 1
18 280 2
18 284 1
18 299 12
18 305 2
18 327 1
18 330 1
18 340 1
18 346 1
18 390 1
18 438 1
18 450 1
18 462 1
18 491 1
18 518 1
18 530 1
18 531 2
18 545 1
18 629 1
18 668 1
18 670 1
18 726 1
18 746 1
18 770 1
18 812 1
18 816 1
18 853 1
18 886 1
18 907 1
18 923 2
18 1003 1
18 1098 1
18 1099 1
18 1120 1
18 1129 1
18 1146 1
18 1155 1
18 1169 1
18 1183 3
18 1184 3
18 1185 1
18 1186 1
18 1187 1
18 1188 2
18 1189 1
18 1190 1
18 1191 1
18 1192 1
18 1193 1
18 1194 2
18 1195 1
18 1196 1
19 2 2
19 3 4
19 10 2
19 13 1
19 14 4
19 15 5
19 16 2
19 34 1
19 36 1
19 37 1
19 48 1
19 51 2
19 56 1
19 63 1
19 78 1
19 81 1
19 97 3
19 105 3
19 108 1
19 120 1
19 123 1
19 130 2
19 134 1
19 137 1
19 141 1
19 152 1
19 159 1
19 176 1
19 177 1
19 185 1
19 186 4
19 193 3
19 205 1
19 211 2
19 223 1
19 227 2
19 240 1
19 259 1
19 263 1
19 271 1
19 299 12
19 305 1
19 324 1
19 370 2
19 386 1
19 424 1
19 438 1
19 450 1
19 456 2
19 461 1
19 491 1
19 508 1
19 512 1
19 518 1
19 535 1
19 536 1
19 537 1
19 565 1
19 569 3
19 620 1
19 629 1
19 668 1
19 670 1
19 726 1
19 768 2
19 769 1
19 780 1
19 816 2
19 851 2
19 900 1
19 911 1
19 933 1
19 1059 1
19 1098 1
19 1099 1
19 1120 2
19 1169 1
19 1183 1
19 1185 1
19 1187 1
19 1189 1
19 1196 1
19 1197 1
19 1198 2
19 1199 1
19 1200 1
19 1201 1
19 1202 1
19 1203 1
19 1204 1
20 2 1
20 10 1
20 14 4
20 15 2
20 19 1
20 24 1
20 26 1
20 34 1
20 37 5
20 57 1
20 60 1
20 67 1
20 75 1
20 80 1
20 87 8
20 88 1
20 102 1
20 109 1
20 116 2
20 119 1
20 143 3
20 146 3
20 147 2
20 150 1
20 152 1
20 153 1
20 168 1
20 175 6
20 176 11
20 179 2
20 181 1
20 182 3
20 185 2
20 196 1
20 197 1
20 210 1
20 215 2
20 221 2
20 233 1
20 240 1
20 241 1
20 243 1
20 247 1
20 250 1
20 253 1
20 258 1
20 261 1
20 263 1
20 271 1
20 274 1
20 275 1
20 279 1
20 292 6
20 296 1
20 317 2
20 319 1
20 322 1
20 346 1
20 356 1
20 362 1
20 369 1
20 372 1
20 390 1
20 391 1
20 429 1
20 438 1
20 441 2
20 456 1
20 463 1
20 494 1
20 507 1
20 518 1
20 579 1
20 593 2
20 620 1
20 668 1
20 694 1
20 718 1
20 801 1
20 805 2
20 806 1
20 813 1
20 835 1
20 838 1
20 872 2
20 952 1
20 1014 1
20 1045 1
20 1077 1
20 1085 1
20 1099 1
20 1104 1
20 1121 2
20 1155 1
20 1168 1
20 1185 1
20 1202 2
20 1205 2
20 1206 1
20 1207 1
20 1208 1
20 1209 1
20 1210 1
20 1211 1
20 1212 1
20 1213 1
20 1214 1
20 1215 1
20 1216 1
20 1217 1
20 1218 1
20 1219 1
20 1220 1
20 1221 1
20 1222 2
20 1223 1
20 1224 1
20 1225 1
20 1226 2
20 1227 1
20 1228 1
20 1229 1
20 1230 1
20 1231 1
20 1232 1
20 1233 1
21 4 2
21 14 6
21 25 1
21 37 7
21 80 1
21 87 4
21 89 2
21 100 1
21 113 3
21 118 2
21 130 1
21 149 1
21 150 1
21 153 1
21 176 5
21 180 2
21 182 1
21 197 1
21 211 2
21 215 3
21 228 2
21 239 1
21 243 1
21 261 2
21 276 1
21 292 7
21 316 1
21 346 1
21 374 1
21 415 1
21 438 2
21 441 1
21 474 1
21 476 1
21 490 1
21 493 2
21 512 1
21 517 1
21 521 1
21 534 1
21 542 1
21 543 1
21 668 1
21 767 1
21 792 1
21 887 1
21 955 1
21 1003 1
21 1013 2
21 1057 1
21 1099 1
21 1115 1
21 1178 1
21 1205 1
21 1218 1
21 1221 1
21 1226 1
21 1228 1
21 1231 1
21 1234 1
21 1235 1
21 1236 1
21 1237 1
21 1238 1
21 1239 1
21 1240 1
21 1241 1
21 1242 1
21 1243 1
21 1244 1
21 1245 1
21 1246 3
21 1247 1
21 1248 1
21 1249 1
21 1250 1
21 1251 1
21 1252 1
22 1 1
22 3 4
22 10 2
22 12 2
22 14 7
22 15 6
22 16 2
22 18 2
22 19 2
22 26 1
22 30 1
22 34 3
22 37 3
22 42 1
22 45 1
22 48 1
22 55 3
22 57 1
22 63 1
22 69 1
22 75 2
22 78 1
22 80 2
22 87 4
22 88 2
22 89 1
22 94 1
22 100 1
22 102 1
22 105 1
22 109 2
22 112 2
22 116 1
22 124 1
22 127 1
22 128 4
22 129 1
22 130 1
22 136 1
22 137 1
22 141 2
22 146 1
22 150 4
22 153 1
22 158 1
22 160 1
22 165 1
22 168 1
22 170 2
22 175 3
22 185 4
22 186 2
22 191 1
22 195 1
22 206 4
22 207 1
22 215 1
22 216 2
22 218 2
22 227 1
22 241 1
22 243 1
22 249 1
22 258 1
22 259 3
22 261 2
22 268 2
22 271 4
22 273 1
22 288 1
22 292 2
22 299 2
22 302 1
22 308 2
22 361 2
22 378 1
22 390 1
22 402 1
22 449 3
22 456 1
22 490 18
22 491 8
22 494 1
22 496 1
22 499 1
22 500 1
22 525 2
22 540 2
22 579 1
22 620 1
22 656 1
22 677 2
22 694 3
22 723 1
22 800 1
22 847 1
22 868 1
22 887 2
22 893 1
22 952 18
22 955 1
22 956 2
22 1003 6
22 1019 2
22 1131 2
22 1132 2
22 1135 1
22 1155 1
22 1170 6
22 1174 1
22 1197 1
22 1226 1
22 1253 1
22 1254 1
22 1255 1
22 1256 2
22 1257 1
22 1258 1
22 1259 1
22 1260 2
22 1261 7
22 1262 1
22 1263 1
22 1264 1
22 1265 2
22 1266 1
22 1267 1
22 1268 2
22 1269 1
22 1270 1
22 1271 1
22 1272 6
22 1273 1
22 1274 1
22 1275 1
22 1276 1
22 1277 1
22 1278 1
22 1279 1
23 2 2
23 3 1
23 10 7
23 13 1
23 14 8
23 15 1
23 18 1
23 19 1
23 26 1
23 27 1
23 37 6
23 42 1
23 51 5
23 53 2
23 55 1
23 57 2
23 59 2
23 60 2
23 63 2
23 77 2
23 88 8
23 89 1
23 97 2
23 100 1
23 110 1
23 116 1
23 120 1
23 123 1
23 127 1
23 128 1
23 130 2
23 131 2
23 141 1
23 144 3
23 145 5
23 146 1
23 147 1
23 152 2
23 156 1
23 162 1
23 164 1
23 170 1
23 172 1
23 174 1
23 175 2
23 176 2
23 178 6
23 179 6
23 181 4
23 184 11
23 185 7
23 186 2
23 188 3
23 193 5
23 195 3
23 196 1
23 197 2
23 204 1
23 205 1
23 206 1
23 207 1
23 215 1
23 223 1
23 234 3
23 236 1
23 247 3
23 249 1
23 253 4
23 257 2
23 263 1
23 275 5
23 283 1
23 290 1
23 292 6
23 296 1
23 300 1
23 302 2
23 305 4
23 319 2
23 324 1
23 332 9
23 346 1
23 347 2
23 353 1
23 354 1
23 355 5
23 359 5
23 372 2
23 387 1
23 399 1
23 402 1
23 403 10
23 406 1
23 408 1
23 415 15
23 421 1
23 424 3
23 429 1
23 433 2
23 437 1
23 438 1
23 439 4
23 449 1
23 451 1
23 453 1
23 455 1
23 461 1
23 469 1
23 476 1
23 477 3
23 478 1
23 479 1
23 480 1
23 489 3
23 491 1
23 507 1
23 512 2
23 524 1
23 564 2
23 565 3
23 599 1
23 629 1
23 632 3
23 701 1
23 711 1
23 716 2
23 718 1
23 727 7
23 729 6
23 734 1
23 754 1
23 769 1
23 772 4
23 779 3
23 786 1
23 791 1
23 800 1
23 801 1
23 831 1
23 836 1
23 847 1
23 883 1
23 889 1
23 913 2
23 924 1
23 1040 1
23 1044 6
23 1049 1
23 1054 1
23 1095 1
23 1128 2
23 1147 1
23 1172 1
23 1178 1
23 1198 1
23 1202 1
23 1204 1
23 1208 1
23 1209 2
23 1240 1
23 1263 1
23 1279 1
23 1280 1
23 1281 2
23 1282 1
23 1283 1
23 1284 1
23 1285 1
23 1286 1
23 1287 1
23 1288 1
23 1289 1
23 1290 3
23 1291 3
23 1292 1
23 1293 1
23 1294 1
23 1295 2
23 1296 1
23 1297 1
23 1298 2
23 1299 2
23 1300 1
23 1301 2
23 1302 1
23 1303 1
23 1304 2
23 1305 1
23 1306 1
23 1307 1
23 1308 1
23 1309 1
23 1310 1
23 1311 1
23 1312 1
23 1313 1
23 1314 1
23 1315 2
23 1316 1
23 1317 1
24 2 1
24 3 4
24 7 2
24 10 3
24 14 6
24 15 2
24 16 1
24 26 1
24 28 1
24 30 2
24 34 4
24 37 2
24 39 1
24 42 2
24 45 1
24 52 6
24 53 2
24 54 1
24 56 5
24 57 3
24 58 1
24 59 1
24 67 4
24 69 1
24 75 2
24 80 6
24 87 3
24 89 2
24 94 1
24 99 1
24 100 1
24 105 1
24 110 1
24 112 3
24 113 1
24 124 1
24 138 10
24 140 1
24 146 1
24 150 8
24 152 1
24 153 1
24 160 2
24 162 1
24 165 1
24 168 1
24 170 1
24 175 11
24 176 4
24 178 2
24 179 1
24 182 1
24 185 2
24 186 1
24 189 1
24 193 1
24 195 3
24 207 1
24 210 2
24 218 2
24 221 2
24 225 1
24 226 1
24 243 5
24 250 1
24 252 1
24 261 1
24 287 2
24 292 9
24 304 1
24 305 1
24 322 4
24 324 1
24 329 1
24 340 1
24 347 3
24 356 1
24 370 1
24 385 2
24 387 1
24 429 1
24 434 1
24 461 1
24 491 1
24 494 2
24 501 1
24 512 1
24 556 1
24 565 1
24 582 1
24 650 1
24 669 2
24 707 1
24 718 1
24 723 2
24 750 1
24 764 1
24 772 1
24 783 1
24 790 1
24 802 1
24 872 1
24 885 1
24 891 1
24 896 1
24 958 1
24 975 1
24 998 1
24 1014 1
24 1081 1
24 1082 1
24 1095 3
24 1133 1
24 1135 1
24 1147 5
24 1148 2
24 1153 1
24 1165 1
24 1169 1
24 1174 23
24 1177 1
24 1226 1
24 1228 1
24 1234 1
24 1255 1
24 1318 2
24 1319 1
24 1320 1
24 1321 1
24 1322 1
24 1323 1
24 1324 1
24 1325 1
24 1326 2
24 1327 1
24 1328 1
24 1329 1
24 1330 1
24 1331 4
24 1332 2
24 1333 2
24 1334 1
24 1335 10
24 1336 1
24 1337 2
24 1338 1
24 1339 2
24 1340 1
24 1341 1
24 1342 3
24 1343 1
24 1344 1
24 1345 3
24 1346 1
24 1347 1
24 1348 2
24 1349 1
24 1350 1
25 1 1
25 2 5
25 3 12
25 4 2
25 7 2
25 14 3
25 15 2
25 18 1
25 24 1
25 26 1
25 29 1
25 30 1
25 34 5
25 37 1
25 48 1
25 53 1
25 56 2
25 58 2
25 67 3
25 69 1
25 75 3
25 80 5
25 87 3
25 89 1
25 94 3
25 100 3
25 105 3
25 109 1
25 113 1
25 115 1
25 116 1
25 131 1
25 137 8
25 141 1
25 144 1
25 146 3
25 147 6
25 150 6
25 153 3
25 160 2
25 172 1
25 175 1
25 176 4
25 182 1
25 186 7
25 195 1
25 206 1
25 207 2
25 215 2
25 225 2
25 227 1
25 237 1
25 243 1
25 252 1
25 259 6
25 261 1
25 266 1
25 280 5
25 292 4
25 305 1
25 326 1
25 335 1
25 342 4
25 384 1
25 387 1
25 392 1
25 438 1
25 440 2
25 476 1
25 481 9
25 486 1
25 494 1
25 501 1
25 535 1
25 545 1
25 556 1
25 557 1
25 652 1
25 668 1
25 673 1
25 676 2
25 791 1
25 802 1
25 1005 1
25 1055 1
25 1099 1
25 1104 2
25 1183 1
25 1197 1
25 1255 2
25 1319 3
25 1338 1
25 1339 3
25 1351 1
25 1352 1
25 1353 1
25 1354 1
25 1355 1
25 1356 1
25 1357 1
25 1358 1
25 1359 1
25 1360 1
25 1361 1
25 1362 1
26 1 1
26 2 1
26 3 1
26 10 5
26 11 1
26 14 7
26 30 1
26 37 4
26 48 1
26 54 1
26 66 2
26 67 1
26 75 2
26 79 2
26 80 4
26 88 2
26 93 1
26 94 1
26 105 1
26 116 2
26 117 3
26 122 1
26 131 1
26 134 1
26 140 1
26 141 2
26 150 2
26 175 1
26 176 1
26 185 4
26 197 1
26 200 1
26 201 1
26 202 17
26 206 3
26 207 2
26 208 2
26 211 2
26 215 1
26 225 2
26 239 1
26 240 2
26 243 1
26 249 1
26 250 5
26 252 3
26 253 2
26 258 1
26 260 1
26 261 3
26 263 2
26 281 2
26 287 2
26 292 2
26 294 1
26 302 1
26 308 1
26 313 1
26 314 1
26 333 1
26 341 1
26 346 1
26 348 2
26 356 2
26 358 1
26 360 1
26 361 2
26 370 1
26 376 1
26 378 1
26 380 1
26 383 1
26 389 1
26 405 2
26 427 2
26 456 1
26 518 1
26 593 2
26 620 1
26 669 1
26 690 1
26 709 1
26 791 2
26 793 2
26 848 1
26 889 1
26 922 1
26 928 1
26 1003 1
26 1009 1
26 1015 1
26 1099 1
26 1101 1
26 1142 1
26 1206 1
26 1276 1
26 1324 1
26 1345 2
26 1363 1
26 1364 1
26 1365 1
26 1366 1
26 1367 1
26 1368 1
26 1369 1
26 1370 1
26 1371 1
26 1372 1
26 1373 1
26 1374 1
26 1375 1
26 1376 1
26 1377 1
27 2 1
27 3 1
27 10 9
27 14 1
27 15 1
27 29 3
27 37 4
27 44 1
27 48 1
27 53 1
27 56 1
27 66 1
27 112 1
27 123 1
27 146 1
27 147 10
27 158 2
27 176 1
27 182 1
27 185 1
27 186 2
27 188 1
27 204 1
27 222 1
27 249 3
27 250 1
27 253 1
27 263 1
27 269 10
27 280 2
27 292 3
27 313 1
27 344 1
27 348 1
27 352 1
27 386 3
27 392 1
27 438 1
27 653 1
27 696 1
27 743 3
27 821 1
27 861 1
27 885 1
27 887 1
27 1099 1
27 1184 1
27 1222 1
27 1280 1
27 1331 2
27 1368 1
27 1378 1
27 1379 1
27 1380 1
27 1381 1
27 1382 1
27 1383 1
27 1384 1
27 1385 1
27 1386 2
27 1387 1
27 1388 3
27 1389 1
27 1390 5
27 1391 1
28 3 1
28 14 10
28 19 1
28 25 1
28 29 1
28 43 1
28 51 2
28 58 1
28 61 1
28 75 1
28 78 1
28 80 2
28 94 1
28 108 3
28 113 3
28 116 1
28 117 3
28 123 1
28 142 1
28 145 6
28 147 7
28 150 1
28 165 1
28 166 1
28 175 1
28 176 9
28 177 3
28 180 1
28 182 1
28 186 1
28 192 1
28 204 1
28 209 2
28 241 1
28 250 1
28 256 1
28 260 1
28 281 2
28 287 1
28 292 2
28 313 1
28 320 1
28 343 1
28 346 4
28 352 1
28 382 2
28 438 1
28 460 2
28 461 1
28 501 1
28 508 2
28 539 1
28 593 1
28 629 5
28 668 1
28 688 1
28 690 3
28 692 1
28 791 1
28 800 1
28 837 1
28 885 1
28 898 1
28 905 1
28 906 1
28 911 1
28 919 1
28 923 1
28 1071 1
28 1076 1
28 1082 1
28 1093 1
28 1099 1
28 1124 1
28 1185 2
28 1203 1
28 1228 1
28 1241 1
28 1319 1
28 1345 1
28 1364 2
28 1392 1
28 1393 2
28 1394 1
28 1395 2
28 1396 2
28 1397 1
28 1398 1
28 1399 1
28 1400 1
28 1401 3
28 1402 2
28 1403 1
28 1404 1
28 1405 1
28 1406 1
28 1407 1
28 1408 1
28 1409 1
28 1410 1
29 1 1
29 2 7
29 3 9
29 8 2
29 10 5
29 13 1
29 14 7
29 15 14
29 21 1
29 24 1
29 26 1
29 28 1
29 30 3
29 31 2
29 34 3
29 37 6
29 42 1
29 43 1
29 44 1
29 48 1
29 51 2
29 53 3
29 54 1
29 56 1
29 58 1
29 59 1
29 63 1
29 66 2
29 71 1
29 73 1
29 75 2
29 77 1
29 79 1
29 80 4
29 82 2
29 87 2
29 88 5
29 89 1
29 94 2
29 96 2
29 98 1
29 100 1
29 105 5
29 108 3
29 109 1
29 110 1
29 116 4
29 119 1
29 120 1
29 123 1
29 131 2
29 132 1
29 137 4
29 141 3
29 145 4
29 147 2
29 149 1
29 150 6
29 152 3
29 153 1
29 156 1
29 160 2
29 162 2
29 166 1
29 168 2
29 175 4
29 176 6
29 177 2
29 178 1
29 182 1
29 185 7
29 186 4
29 190 1
29 193 3
29 195 1
29 206 1
29 207 3
29 211 5
29 215 2
29 222 1
29 223 3
29 225 2
29 227 2
29 231 4
29 233 1
29 237 5
29 239 2
29 247 2
29 249 1
29 250 1
29 252 2
29 256 1
29 257 1
29 260 5
29 261 5
29 263 1
29 265 2
29 278 1
29 281 2
29 283 1
29 288 1
29 292 1
29 299 2
29 305 4
29 309 1
29 315 1
29 317 6
29 323 1
29 332 1
29 348 1
29 355 1
29 356 1
29 359 2
29 361 1
29 367 1
29 372 3
29 387 2
29 399 1
29 403 3
29 408 2
29 411 8
29 415 1
29 419 19
29 429 1
29 434 1
29 438 1
29 439 1
29 445 1
29 450 4
29 455 3
29 456 1
29 459 2
29 477 4
29 481 3
29 491 2
29 493 2
29 494 1
29 501 2
29 507 1
29 521 2
29 524 1
29 556 1
29 579 3
29 597 1
29 629 1
29 644 1
29 667 1
29 674 1
29 695 1
29 706 2
29 716 3
29 718 2
29 723 1
29 725 1
29 736 1
29 737 1
29 748 3
29 767 1
29 793 1
29 800 1
29 802 1
29 805 1
29 812 1
29 825 1
29 830 1
29 877 1
29 883 1
29 896 1
29 899 1
29 907 6
29 913 1
29 933 2
29 939 1
29 942 1
29 1009 3
29 1015 1
29 1081 1
29 1104 2
29 1135 1
29 1148 2
29 1167 1
29 1172 1
29 1174 2
29 1202 12
29 1203 1
29 1225 1
29 1280 1
29 1281 1
29 1290 3
29 1309 1
29 1310 1
29 1316 1
29 1319 1
29 1353 1
29 1364 2
29 1392 1
29 1411 1
29 1412 1
29 1413 1
29 1414 1
29 1415 1
29 1416 5
29 1417 1
29 1418 1
29 1419 1
29 1420 1
29 1421 1
29 1422 1
29 1423 3
29 1424 1
29 1425 1
29 1426 1
29 1427 1
29 1428 1
29 1429 1
29 1430 1
29 1431 1
29 1432 1
29 1433 1
29 1434 1
29 1435 1
29 1436 1
29 1437 1
29 1438 1
29 1439 1
29 1440 1
29 1441 1
29 1442 1
30 1 1
30 2 1
30 3 10
30 5 4
30 7 1
30 10 6
30 12 1
30 14 4
30 15 2
30 26 1
30 27 1
30 30 1
30 34 2
30 37 4
30 42 3
30 43 2
30 45 7
30 51 2
30 55 1
30 56 3
30 57 4
30 59 3
30 60 1
30 68 1
30 75 2
30 77 2
30 78 1
30 80 1
30 87 1
30 89 1
30 94 5
30 98 8
30 100 1
30 108 10
30 110 1
30 116 1
30 119 1
30 128 1
30 133 1
30 136 1
30 137 1
30 140 1
30 141 1
30 145 21
30 150 1
30 153 2
30 159 1
30 160 2
30 165 1
30 170 2
30 176 7
30 177 1
30 178 14
30 179 1
30 181 3
30 182 4
30 184 5
30 185 8
30 186 2
30 190 2
30 193 3
30 195 4
30 197 6
30 204 2
30 210 1
30 211 12
30 213 1
30 215 2
30 217 1
30 221 3
30 223 3
30 236 2
30 252 1
30 253 1
30 258 1
30 261 3
30 263 1
30 271 2
30 272 1
30 279 1
30 286 1
30 288 2
30 289 1
30 292 7
30 302 3
30 305 6
30 329 2
30 342 1
30 346 1
30 347 1
30 361 1
30 369 1
30 372 11
30 386 1
30 392 1
30 408 1
30 411 45
30 413 1
30 419 20
30 421 1
30 428 2
30 429 2
30 434 3
30 437 3
30 438 1
30 439 4
30 446 1
30 456 2
30 461 2
30 463 2
30 479 1
30 481 1
30 483 1
30 489 3
30 491 1
30 494 1
30 508 1
30 512 1
30 525 1
30 565 1
30 587 1
30 591 1
30 624 4
30 652 3
30 662 4
30 669 1
30 680 1
30 694 3
30 703 2
30 706 1
30 743 2
30 744 1
30 793 3
30 800 3
30 801 1
30 805 1
30 826 1
30 868 2
30 872 3
30 877 1
30 883 4
30 889 1
30 894 1
30 896 6
30 913 1
30 917 1
30 951 1
30 952 3
30 957 1
30 1049 2
30 1076 1
30 1090 1
30 1094 2
30 1147 1
30 1202 2
30 1258 1
30 1284 2
30 1308 1
30 1309 2
30 1317 2
30 1319 2
30 1337 1
30 1437 1
30 1438 1
30 1443 2
30 1444 5
30 1445 2
30 1446 2
30 1447 1
30 1448 1
30 1449 1
30 1450 1
30 1451 5
30 1452 4
30 1453 1
30 1454 1
30 1455 1
30 1456 1
30 1457 1
30 1458 1
30 1459 4
30 1460 1
30 1461 1
30 1462 2
30 1463 1
30 1464 1
30 1465 1
30 1466 1
30 1467 1
30 1468 2
30 1469 1
30 1470 1
30 1471 1
30 1472 1
31 2 1
31 10 6
31 13 1
31 14 2
31 15 3
31 26 1
31 44 1
31 48 1
31 53 1
31 110 1
31 115 1
31 117 4
31 146 1
31 147 1
31 168 2
31 176 2
31 182 1
31 204 1
31 205 1
31 223 1
31 241 1
31 249 1
31 263 2
31 284 6
31 352 1
31 361 1
31 405 1
31 408 1
31 438 1
31 483 2
31 484 1
31 524 1
31 536 1
31 669 1
31 800 1
31 861 1
31 877 3
31 899 2
31 1104 1
31 1155 4
31 1263 1
31 1267 9
31 1298 1
31 1373 3
31 1473 2
31 1474 1
31 1475 2
32 3 2
32 10 4
32 14 4
32 15 1
32 37 1
32 48 1
32 53 1
32 54 1
32 115 1
32 130 1
32 146 1
32 147 1
32 176 2
32 182 1
32 185 1
32 239 1
32 250 1
32 253 1
32 263 2
32 271 1
32 284 2
32 292 1
32 297 1
32 313 1
32 337 1
32 344 1
32 348 1
32 402 1
32 438 1
32 524 1
32 603 1
32 808 1
32 1099 1
32 1155 2
32 1264 1
32 1267 2
32 1376 1
32 1476 1
32 1477 6
33 3 4
33 4 2
33 10 3
33 11 1
33 13 1
33 14 4
33 15 8
33 24 1
33 26 1
33 30 3
33 34 6
33 37 3
33 39 2
33 42 2
33 44 1
33 47 1
33 51 3
33 52 4
33 54 2
33 55 1
33 56 1
33 57 1
33 60 1
33 61 3
33 66 1
33 75 3
33 76 2
33 78 3
33 80 5
33 87 1
33 88 4
33 94 2
33 100 1
33 102 1
33 105 3
33 108 3
33 109 1
33 110 1
33 116 1
33 122 1
33 123 1
33 136 1
33 137 2
33 140 2
33 141 2
33 142 1
33 146 2
33 147 1
33 149 1
33 150 9
33 156 6
33 157 1
33 160 2
33 162 3
33 165 1
33 170 1
33 172 1
33 175 5
33 176 4
33 177 3
33 178 1
33 181 3
33 185 4
33 186 6
33 188 1
33 191 1
33 193 1
33 195 1
33 196 2
33 197 1
33 204 2
33 206 2
33 207 7
33 210 1
33 214 1
33 215 2
33 219 11
33 223 1
33 225 2
33 227 2
33 236 1
33 237 1
33 238 1
33 247 3
33 249 1
33 250 1
33 252 2
33 259 1
33 261 4
33 266 1
33 268 1
33 271 2
33 276 1
33 277 1
33 281 1
33 283 1
33 284 8
33 286 2
33 289 2
33 290 1
33 291 1
33 292 1
33 299 2
33 300 1
33 302 2
33 305 2
33 318 1
33 324 1
33 329 1
33 340 1
33 344 1
33 345 3
33 346 1
33 352 1
33 359 3
33 372 1
33 408 1
33 416 1
33 419 6
33 427 1
33 429 2
33 434 1
33 450 1
33 451 1
33 457 1
33 463 1
33 491 1
33 494 1
33 508 1
33 510 1
33 525 1
33 545 1
33 556 1
33 591 1
33 597 1
33 707 1
33 715 1
33 748 1
33 754 1
33 759 1
33 801 2
33 802 1
33 806 1
33 821 1
33 847 1
33 859 1
33 861 1
33 887 1
33 899 1
33 911 1
33 928 2
33 1003 1
33 1016 1
33 1081 1
33 1095 1
33 1142 1
33 1155 1
33 1163 1
33 1178 1
33 1183 1
33 1192 1
33 1202 4
33 1208 1
33 1221 1
33 1228 1
33 1281 2
33 1301 1
33 1310 1
33 1319 1
33 1430 1
33 1448 1
33 1478 1
33 1479 1
33 1480 1
33 1481 1
33 1482 1
33 1483 1
33 1484 1
33 1485 1
33 1486 3
33 1487 3
33 1488 1
33 1489 1
33 1490 1
33 1491 2
33 1492 1
33 1493 1
33 1494 1
33 1495 1
33 1496 1
33 1497 1
33 1498 3
33 1499 1
33 1500 1
33 1501 1
33 1502 1
33 1503 1
33 1504 1
34 2 1
34 4 1
34 10 1
34 12 1
34 13 1
34 14 8
34 15 2
34 19 1
34 29 1
34 34 2
34 41 1
34 51 1
34 53 1
34 78 1
34 80 1
34 88 2
34 108 2
34 112 1
34 115 1
34 116 1
34 117 2
34 123 1
34 145 9
34 146 1
34 147 16
34 150 1
34 157 1
34 175 1
34 176 9
34 177 2
34 182 1
34 185 2
34 186 2
34 195 1
34 197 1
34 204 3
34 209 2
34 222 1
34 224 5
34 241 2
34 247 1
34 249 1
34 253 1
34 258 1
34 283 1
34 284 2
34 292 3
34 294 3
34 313 1
34 320 1
34 341 1
34 346 1
34 348 1
34 382 1
34 386 2
34 405 2
34 429 1
34 438 2
34 484 1
34 524 1
34 536 1
34 537 2
34 629 9
34 653 1
34 660 2
34 688 1
34 690 2
34 698 1
34 699 1
34 713 1
34 786 3
34 791 1
34 861 2
34 898 1
34 911 2
34 920 1
34 937 1
34 1046 1
34 1075 1
34 1076 1
34 1099 1
34 1119 1
34 1126 1
34 1137 1
34 1155 1
34 1186 1
34 1228 1
34 1263 1
34 1264 1
34 1267 1
34 1280 1
34 1346 1
34 1364 2
34 1393 9
34 1395 1
34 1396 2
34 1397 1
34 1401 1
34 1402 1
34 1403 1
34 1405 1
34 1409 1
34 1505 1
34 1506 1
34 1507 1
34 1508 1
34 1509 1
34 1510 1
34 1511 1
34 1512 1
34 1513 1
34 1514 1
34 1515 1
35 2 1
35 14 8
35 19 1
35 29 1
35 34 1
35 51 1
35 53 1
35 59 1
35 63 1
35 66 2
35 78 1
35 80 2
35 81 1
35 93 1
35 101 1
35 108 2
35 112 1
35 115 1
35 116 1
35 117 1
35 120 1
35 131 1
35 145 3
35 146 2
35 147 19
35 150 1
35 175 1
35 176 10
35 177 2
35 182 1
35 185 1
35 192 1
35 195 2
35 198 1
35 206 1
35 209 2
35 218 1
35 240 1
35 241 2
35 243 1
35 246 1
35 253 1
35 263 1
35 272 2
35 279 2
35 281 2
35 292 6
35 294 4
35 346 1
35 348 6
35 352 1
35 355 1
35 362 1
35 382 1
35 383 1
35 384 1
35 386 1
35 387 2
35 416 1
35 429 1
35 438 2
35 475 1
35 476 1
35 501 1
35 512 2
35 524 1
35 556 2
35 564 1
35 575 1
35 629 4
35 632 1
35 668 2
35 669 1
35 692 1
35 736 1
35 747 4
35 791 1
35 825 1
35 861 1
35 905 1
35 911 1
35 923 1
35 1005 1
35 1099 1
35 1133 1
35 1137 1
35 1179 1
35 1210 1
35 1226 1
35 1228 1
35 1241 11
35 1339 2
35 1345 1
35 1364 2
35 1378 1
35 1393 4
35 1396 2
35 1397 2
35 1401 2
35 1403 4
35 1406 1
35 1417 1
35 1509 1
35 1516 2
35 1517 1
35 1518 1
35 1519 1
35 1520 2
35 1521 1
35 1522 1
35 1523 2
35 1524 1
35 1525 1
35 1526 1
35 1527 1
35 1528 1
35 1529 1
35 1530 1
35 1531 1
35 1532 1
35 1533 1
35 1534 1
35 1535 1
35 1536 1
35 1537 1
35 1538 1
36 1 1
36 2 6
36 3 4
36 6 2
36 10 17
36 13 1
36 14 7
36 15 19
36 18 2
36 26 1
36 28 1
36 30 1
36 34 3
36 37 3
36 42 2
36 51 1
36 53 1
36 54 1
36 55 1
36 56 1
36 57 2
36 58 2
36 69 1
36 71 1
36 73 1
36 75 2
36 78 1
36 79 4
36 80 8
36 87 5
36 88 3
36 89 2
36 94 2
36 97 8
36 100 2
36 102 1
36 105 1
36 108 5
36 110 1
36 112 1
36 115 1
36 116 2
36 122 2
36 131 3
36 132 4
36 136 1
36 137 1
36 146 1
36 147 1
36 149 1
36 150 12
36 153 4
36 160 2
36 170 1
36 175 1
36 176 16
36 177 1
36 178 7
36 179 1
36 181 2
36 182 1
36 185 4
36 186 4
36 189 1
36 195 1
36 196 1
36 204 3
36 205 4
36 206 1
36 207 2
36 215 3
36 218 1
36 223 1
36 225 2
36 235 1
36 241 1
36 252 3
36 260 3
36 261 1
36 263 1
36 265 3
36 266 1
36 281 1
36 289 8
36 299 1
36 305 1
36 316 1
36 317 1
36 344 1
36 346 2
36 352 4
36 355 1
36 359 1
36 361 1
36 408 15
36 411 4
36 419 36
36 421 1
36 429 1
36 431 1
36 436 1
36 441 1
36 445 1
36 448 1
36 473 1
36 487 1
36 494 1
36 507 1
36 508 1
36 509 1
36 512 1
36 521 2
36 536 1
36 539 2
36 556 1
36 560 1
36 579 1
36 581 5
36 650 1
36 688 1
36 694 2
36 698 1
36 706 2
36 791 1
36 802 1
36 825 1
36 883 1
36 887 2
36 903 3
36 907 1
36 912 1
36 920 1
36 924 1
36 957 1
36 995 1
36 1009 1
36 1037 1
36 1060 1
36 1062 1
36 1096 1
36 1104 1
36 1115 1
36 1178 1
36 1226 1
36 1250 1
36 1252 1
36 1255 1
36 1305 1
36 1334 1
36 1365 1
36 1415 1
36 1425 1
36 1429 1
36 1437 1
36 1442 1
36 1458 1
36 1476 1
36 1509 6
36 1524 1
36 1539 1
36 1540 1
36 1541 1
36 1542 1
36 1543 1
36 1544 1
36 1545 1
36 1546 1
36 1547 2
36 1548 1
36 1549 1
36 1550 1
36 1551 1
36 1552 1
36 1553 1
36 1554 3
36 1555 4
36 1556 3
36 1557 1
36 1558 1
36 1559 1
36 1560 1
36 1561 1
36 1562 1
36 1563 1
36 1564 1
36 1565 1
36 1566 4
36 1567 14
36 1568 1
36 1569 1
36 1570 1
36 1571 1
36 1572 1
37 1 1
37 2 1
37 8 1
37 10 3
37 14 3
37 15 5
37 26 1
37 34 1
37 45 1
37 48 1
37 53 1
37 66 1
37 67 2
37 87 2
37 91 2
37 110 1
37 115 1
37 138 1
37 145 1
37 146 1
37 147 1
37 153 1
37 168 1
37 176 6
37 181 1
37 182 1
37 192 1
37 197 2
37 204 1
37 206 1
37 207 1
37 222 1
37 223 1
37 317 1
37 413 1
37 434 1
37 438 1
37 439 1
37 441 1
37 442 1
37 446 7
37 456 1
37 463 2
37 483 1
37 494 1
37 632 1
37 652 1
37 662 2
37 668 1
37 817 1
37 872 1
37 875 1
37 891 3
37 907 1
37 920 1
37 930 5
37 1014 1
37 1040 1
37 1085 1
37 1148 1
37 1178 1
37 1183 1
37 1223 1
37 1226 1
37 1573 1
37 1574 1
37 1575 1
37 1576 1
37 1577 1
38 1 1
38 3 1
38 10 4
38 14 3
38 15 3
38 26 1
38 37 1
38 48 1
38 51 1
38 53 1
38 59 1
38 87 2
38 88 1
38 97 1
38 108 1
38 110 1
38 115 1
38 130 1
38 142 1
38 146 2
38 147 1
38 159 2
38 166 1
38 168 1
38 176 2
38 177 1
38 182 1
38 185 1
38 186 4
38 193 2
38 195 2
38 207 2
38 211 4
38 223 1
38 233 3
38 234 3
38 249 1
38 263 1
38 269 1
38 271 1
38 290 1
38 292 1
38 347 1
38 361 1
38 369 3
38 392 1
38 403 2
38 426 6
38 438 1
38 459 1
38 463 2
38 483 2
38 484 1
38 520 4
38 536 1
38 597 1
38 652 1
38 677 4
38 707 2
38 711 1
38 720 5
38 733 1
38 825 2
38 861 1
38 873 1
38 889 1
38 917 1
38 952 7
38 1013 2
38 1435 1
38 1578 3
38 1579 1
38 1580 1
38 1581 6
38 1582 2
38 1583 1
38 1584 1
