%%MatrixMarket matrix coordinate real general
64 1904 8309                                      
1 1 1
1 2 1
1 3 20
1 4 2
1 5 5
1 6 3
1 7 4
1 8 3
1 9 1
1 10 8
1 11 1
1 12 4
1 13 1
1 14 3
1 15 8
1 16 2
1 17 1
1 18 1
1 19 2
1 20 1
1 21 3
1 22 1
1 23 1
1 24 1
1 25 1
1 26 1
1 27 1
1 28 1
1 29 3
1 30 1
1 31 1
1 32 2
1 33 3
1 34 1
1 35 2
1 36 1
1 37 1
1 38 1
1 39 1
1 40 2
1 41 1
1 42 2
1 43 1
1 44 1
1 45 1
1 46 3
1 47 1
1 48 1
1 49 3
1 50 2
1 51 1
1 52 1
1 53 1
1 54 2
1 55 1
1 56 1
1 57 1
1 58 1
1 59 1
1 60 1
1 61 2
1 62 2
1 63 2
1 64 6
1 65 1
1 66 1
1 67 1
1 68 2
1 69 1
1 70 3
1 71 1
1 72 3
1 73 1
1 74 1
1 75 1
1 76 1
1 77 1
1 78 1
1 79 1
1 80 2
1 81 1
1 82 1
1 83 1
1 84 1
1 85 2
1 86 1
1 87 1
1 88 2
1 89 1
1 90 1
1 91 2
1 92 1
1 93 1
1 94 1
1 95 1
1 96 1
1 97 1
1 98 1
1 99 1
1 100 1
1 101 1
1 102 4
1 103 1
1 104 1
1 105 4
1 106 1
1 107 2
1 108 1
1 109 1
1 110 1
1 111 1
1 112 2
1 113 1
1 114 1
1 115 1
1 116 1
1 117 1
1 118 1
1 119 3
1 120 1
1 121 1
1 122 1
1 123 4
1 124 2
1 125 2
1 126 1
1 127 3
1 128 1
1 129 1
1 130 1
1 131 1
1 132 3
1 133 1
1 134 2
1 135 1
1 136 2
1 137 1
1 138 1
1 139 1
1 140 2
1 141 1
1 142 1
1 143 10
1 144 2
1 145 1
1 146 3
1 147 1
1 148 2
1 149 1
1 150 1
1 151 5
1 152 2
1 153 1
1 154 1
1 155 1
1 156 2
1 157 1
1 158 1
1 159 1
1 160 1
1 161 1
1 162 1
1 163 1
1 164 1
1 165 1
1 166 1
1 167 1
1 168 1
1 169 2
1 170 2
1 171 1
1 172 1
1 173 1
1 174 6
1 175 1
1 176 1
1 177 2
1 178 1
1 179 1
1 180 3
1 181 1
1 182 7
1 183 1
1 184 2
1 185 1
1 186 1
1 187 1
1 188 2
1 189 5
2 3 2
2 10 3
2 12 1
2 14 4
2 15 6
2 28 3
2 32 1
2 35 4
2 40 2
2 45 2
2 48 1
2 49 8
2 50 1
2 52 1
2 53 2
2 54 1
2 55 3
2 56 1
2 57 2
2 66 1
2 72 4
2 77 5
2 84 1
2 85 1
2 91 3
2 92 1
2 97 1
2 105 1
2 106 1
2 112 1
2 113 1
2 126 1
2 127 1
2 130 1
2 136 1
2 142 1
2 146 9
2 156 3
2 158 2
2 166 3
2 171 1
2 172 2
2 173 1
2 175 1
2 177 2
2 181 3
2 182 3
2 190 1
2 191 1
2 192 2
2 193 1
2 194 1
2 195 1
2 196 1
2 197 1
2 198 1
2 199 4
2 200 10
2 201 1
2 202 2
2 203 2
2 204 3
2 205 2
2 206 1
2 207 1
2 208 1
2 209 1
2 210 1
2 211 1
2 212 1
2 213 2
2 214 3
2 215 1
2 216 1
2 217 1
2 218 8
2 219 2
2 220 1
2 221 1
2 222 2
2 223 1
2 224 2
2 225 1
2 226 1
2 227 1
2 228 1
2 229 2
2 230 1
2 231 1
2 232 2
2 233 1
2 234 1
2 235 2
2 236 1
2 237 1
2 238 2
2 239 1
2 240 1
2 241 1
2 242 2
2 243 1
2 244 1
2 245 1
2 246 1
2 247 1
2 248 1
2 249 1
2 250 1
2 251 2
2 252 1
2 253 2
2 254 1
2 255 1
2 256 1
2 257 1
2 258 1
2 259 1
2 260 1
2 261 1
2 262 1
2 263 1
2 264 1
2 265 1
2 266 2
2 267 1
2 268 2
2 269 1
2 270 1
2 271 1
2 272 1
2 273 1
2 274 1
2 275 1
2 276 2
2 277 1
2 278 1
2 279 1
2 280 2
2 281 1
2 282 9
2 283 1
2 284 1
2 285 3
2 286 1
2 287 1
3 1 1
3 2 1
3 3 2
3 10 4
3 14 6
3 24 1
3 26 3
3 28 3
3 32 2
3 35 3
3 40 4
3 41 1
3 48 1
3 50 2
3 51 5
3 52 1
3 53 4
3 54 2
3 58 1
3 63 2
3 64 1
3 66 1
3 72 4
3 76 3
3 77 3
3 85 6
3 91 4
3 97 1
3 102 1
3 105 2
3 106 1
3 108 1
3 111 1
3 112 1
3 123 1
3 127 3
3 132 1
3 133 1
3 140 1
3 142 4
3 143 2
3 145 1
3 146 7
3 148 2
3 152 1
3 156 4
3 158 5
3 164 1
3 166 3
3 171 5
3 172 10
3 173 2
3 175 1
3 178 1
3 180 1
3 181 1
3 182 4
3 188 1
3 189 4
3 191 1
3 192 1
3 193 4
3 194 1
3 195 2
3 197 2
3 198 4
3 199 15
3 200 7
3 201 1
3 202 3
3 203 3
3 204 3
3 205 1
3 206 1
3 207 2
3 210 6
3 212 2
3 222 2
3 223 3
3 224 2
3 228 1
3 232 5
3 233 1
3 236 1
3 237 1
3 238 1
3 239 1
3 241 1
3 242 2
3 245 2
3 253 8
3 254 1
3 255 1
3 257 1
3 259 3
3 260 1
3 262 1
3 269 1
3 270 2
3 271 1
3 272 1
3 277 1
3 279 1
3 282 1
3 283 1
3 285 1
3 287 1
3 288 1
3 289 1
3 290 16
3 291 1
3 292 1
3 293 1
3 294 1
3 295 1
3 296 1
3 297 1
3 298 1
3 299 1
3 300 2
3 301 1
3 302 1
3 303 1
3 304 2
3 305 1
3 306 2
3 307 1
3 308 1
3 309 1
3 310 4
3 311 1
3 312 1
3 313 2
3 314 1
3 315 1
3 316 2
3 317 1
3 318 1
3 319 1
3 320 1
3 321 1
3 322 1
3 323 1
3 324 1
3 325 1
3 326 1
3 327 1
3 328 1
3 329 1
3 330 1
3 331 1
3 332 1
3 333 1
3 334 1
3 335 2
3 336 1
3 337 2
3 338 1
3 339 1
3 340 1
3 341 2
3 342 1
3 343 1
3 344 1
3 345 1
3 346 1
3 347 2
3 348 1
3 349 1
3 350 1
3 351 4
3 352 1
3 353 3
3 354 1
3 355 1
3 356 1
3 357 1
3 358 1
3 359 1
3 360 1
3 361 1
3 362 1
3 363 2
3 364 1
3 365 2
3 366 1
3 367 1
3 368 2
3 369 1
3 370 1
3 371 3
3 372 1
3 373 1
3 374 2
3 375 1
3 376 1
3 377 1
3 378 1
3 379 1
3 380 1
3 381 1
3 382 1
3 383 1
3 384 1
3 385 1
3 386 1
3 387 1
3 388 1
3 389 1
4 2 1
4 3 2
4 10 3
4 14 2
4 15 8
4 22 1
4 26 1
4 28 2
4 39 2
4 40 3
4 47 1
4 48 1
4 50 7
4 51 2
4 54 3
4 57 1
4 60 3
4 64 1
4 72 2
4 74 3
4 76 1
4 77 2
4 84 1
4 85 4
4 91 1
4 93 1
4 94 5
4 105 3
4 106 1
4 108 3
4 111 1
4 112 3
4 116 1
4 119 1
4 123 2
4 124 1
4 140 2
4 141 2
4 142 2
4 143 1
4 145 1
4 146 4
4 149 1
4 152 1
4 156 1
4 160 3
4 161 1
4 163 1
4 166 2
4 172 1
4 173 2
4 174 4
4 175 4
4 177 1
4 178 2
4 180 3
4 182 4
4 186 1
4 189 11
4 191 2
4 193 1
4 194 1
4 204 1
4 205 3
4 206 1
4 212 1
4 214 1
4 217 5
4 220 3
4 224 2
4 226 1
4 230 1
4 232 3
4 233 5
4 236 1
4 237 1
4 239 1
4 244 1
4 246 1
4 255 1
4 256 3
4 260 1
4 262 2
4 273 2
4 274 2
4 286 1
4 314 1
4 319 9
4 341 1
4 342 2
4 343 3
4 349 1
4 355 1
4 371 21
4 388 1
4 390 1
4 391 1
4 392 1
4 393 2
4 394 1
4 395 1
4 396 1
4 397 1
4 398 1
4 399 1
4 400 2
4 401 1
4 402 1
4 403 1
4 404 1
4 405 3
4 406 1
4 407 1
4 408 1
4 409 10
4 410 2
4 411 1
4 412 1
4 413 1
4 414 1
4 415 1
4 416 2
4 417 1
4 418 10
4 419 1
4 420 2
4 421 2
4 422 1
4 423 2
4 424 1
4 425 3
4 426 1
4 427 5
4 428 14
4 429 1
4 430 1
4 431 1
4 432 1
4 433 1
4 434 1
4 435 3
4 436 2
4 437 1
4 438 1
4 439 1
4 440 1
4 441 1
4 442 1
4 443 1
4 444 1
4 445 2
4 446 1
4 447 1
4 448 1
4 449 1
4 450 1
4 451 1
4 452 1
4 453 1
4 454 1
4 455 1
4 456 1
4 457 2
4 458 1
4 459 1
4 460 1
4 461 1
4 462 1
4 463 1
4 464 1
4 465 1
4 466 9
4 467 1
4 468 1
4 469 3
4 470 1
4 471 1
4 472 1
4 473 1
4 474 1
4 475 1
4 476 2
4 477 1
4 478 1
4 479 1
5 1 1
5 3 4
5 6 1
5 10 4
5 11 1
5 14 3
5 15 11
5 25 8
5 27 1
5 28 1
5 32 1
5 37 1
5 39 1
5 40 2
5 52 2
5 53 2
5 54 1
5 58 1
5 60 1
5 66 1
5 72 2
5 76 1
5 77 4
5 79 1
5 84 2
5 91 1
5 97 1
5 99 1
5 106 1
5 108 1
5 109 3
5 121 1
5 127 2
5 137 1
5 141 1
5 142 1
5 146 6
5 156 1
5 157 1
5 161 1
5 166 3
5 169 1
5 171 7
5 172 10
5 174 1
5 175 4
5 176 5
5 181 12
5 182 2
5 184 1
5 185 1
5 194 1
5 201 1
5 209 1
5 214 2
5 216 1
5 226 2
5 229 1
5 230 4
5 234 2
5 242 2
5 246 2
5 251 2
5 260 1
5 279 1
5 316 3
5 326 1
5 327 2
5 337 1
5 344 1
5 369 2
5 371 7
5 382 1
5 408 1
5 413 1
5 435 1
5 438 2
5 444 1
5 460 1
5 466 2
5 480 3
5 481 1
5 482 1
5 483 1
5 484 2
5 485 1
5 486 1
5 487 2
5 488 1
5 489 3
5 490 3
5 491 2
5 492 5
5 493 1
5 494 1
5 495 2
5 496 3
5 497 1
5 498 1
5 499 2
5 500 1
5 501 1
5 502 1
5 503 1
5 504 2
5 505 1
5 506 1
5 507 1
5 508 2
5 509 2
5 510 5
5 511 1
5 512 3
5 513 1
5 514 2
5 515 1
5 516 1
5 517 1
5 518 1
5 519 6
5 520 1
5 521 1
5 522 2
5 523 1
5 524 2
5 525 1
5 526 1
5 527 1
5 528 1
5 529 1
5 530 12
5 531 15
5 532 2
5 533 4
5 534 2
5 535 1
5 536 1
5 537 1
5 538 1
5 539 6
5 540 3
5 541 1
5 542 1
5 543 1
5 544 1
5 545 1
5 546 4
5 547 1
5 548 1
5 549 15
5 550 1
5 551 1
5 552 2
5 553 1
6 1 1
6 3 1
6 6 9
6 10 1
6 14 3
6 16 3
6 24 3
6 28 1
6 32 8
6 40 2
6 46 2
6 48 1
6 50 3
6 52 1
6 53 2
6 60 1
6 64 2
6 66 1
6 72 2
6 77 4
6 91 2
6 94 2
6 99 1
6 105 1
6 106 1
6 111 1
6 127 1
6 133 1
6 142 1
6 143 1
6 146 6
6 149 1
6 155 10
6 156 1
6 164 1
6 166 2
6 171 10
6 172 9
6 173 1
6 174 9
6 177 1
6 178 1
6 180 2
6 181 4
6 182 3
6 187 1
6 189 2
6 191 1
6 201 1
6 209 1
6 210 1
6 212 7
6 214 2
6 242 1
6 243 1
6 246 10
6 247 1
6 251 1
6 255 1
6 256 4
6 257 1
6 258 2
6 260 2
6 266 1
6 274 2
6 277 1
6 278 1
6 279 1
6 290 11
6 299 1
6 313 1
6 340 1
6 342 1
6 343 1
6 360 1
6 385 2
6 389 1
6 399 1
6 408 1
6 412 1
6 418 1
6 420 1
6 426 1
6 430 1
6 437 1
6 444 1
6 461 2
6 462 1
6 472 2
6 477 1
6 480 2
6 481 1
6 490 1
6 491 1
6 494 1
6 504 2
6 508 3
6 516 3
6 517 5
6 519 2
6 530 3
6 535 1
6 536 1
6 538 4
6 540 3
6 549 30
6 554 1
6 555 1
6 556 3
6 557 5
6 558 1
6 559 2
6 560 2
6 561 4
6 562 1
6 563 1
6 564 6
6 565 8
6 566 1
6 567 1
6 568 8
6 569 1
6 570 3
6 571 5
6 572 8
6 573 1
6 574 1
6 575 1
6 576 1
6 577 2
6 578 1
6 579 1
6 580 1
6 581 1
6 582 1
6 583 3
6 584 1
6 585 3
6 586 1
6 587 1
6 588 2
6 589 2
6 590 2
6 591 3
6 592 1
6 593 2
6 594 3
6 595 1
6 596 1
6 597 3
6 598 1
6 599 1
6 600 6
6 601 1
6 602 1
6 603 1
6 604 1
6 605 1
6 606 1
6 607 5
6 608 1
6 609 1
6 610 1
6 611 3
6 612 1
6 613 1
6 614 3
6 615 1
6 616 1
6 617 1
6 618 1
6 619 1
6 620 1
6 621 1
6 622 2
6 623 1
6 624 1
6 625 2
6 626 1
6 627 2
6 628 3
6 629 1
6 630 4
6 631 1
6 632 1
6 633 2
6 634 1
6 635 1
6 636 1
6 637 1
6 638 1
6 639 1
6 640 1
6 641 3
6 642 4
6 643 1
6 644 1
6 645 7
6 646 1
6 647 1
6 648 1
6 649 1
6 650 2
6 651 1
7 1 2
7 2 1
7 3 5
7 4 1
7 10 1
7 14 7
7 15 8
7 26 1
7 28 3
7 32 7
7 35 3
7 40 2
7 43 1
7 50 8
7 51 1
7 52 1
7 53 3
7 54 1
7 57 6
7 58 1
7 64 11
7 66 1
7 68 1
7 72 4
7 76 1
7 77 4
7 78 1
7 85 3
7 88 1
7 91 3
7 102 2
7 104 1
7 106 1
7 108 4
7 111 1
7 112 1
7 127 1
7 130 1
7 132 1
7 133 8
7 142 1
7 143 1
7 145 4
7 146 8
7 148 2
7 152 1
7 155 1
7 156 1
7 164 1
7 166 1
7 171 9
7 172 3
7 174 4
7 178 2
7 181 7
7 182 6
7 188 2
7 189 6
7 191 2
7 193 1
7 194 3
7 201 1
7 202 1
7 204 5
7 205 1
7 206 1
7 209 2
7 210 3
7 212 3
7 214 2
7 224 2
7 226 1
7 230 2
7 232 2
7 233 2
7 236 1
7 237 1
7 242 3
7 243 1
7 244 10
7 246 1
7 247 1
7 251 1
7 256 8
7 257 1
7 258 5
7 260 1
7 267 1
7 278 5
7 280 3
7 283 1
7 285 1
7 287 1
7 299 2
7 302 1
7 309 1
7 312 1
7 319 1
7 336 1
7 337 1
7 339 3
7 340 1
7 341 1
7 343 1
7 354 1
7 360 1
7 369 1
7 389 1
7 398 1
7 408 2
7 414 1
7 430 1
7 437 2
7 438 1
7 460 5
7 461 7
7 482 3
7 493 3
7 500 2
7 504 1
7 518 3
7 523 2
7 549 5
7 560 1
7 564 6
7 574 1
7 581 1
7 600 1
7 619 1
7 652 1
7 653 1
7 654 1
7 655 2
7 656 1
7 657 1
7 658 1
7 659 1
7 660 2
7 661 1
7 662 1
7 663 1
7 664 1
7 665 1
7 666 1
7 667 1
7 668 1
7 669 1
7 670 1
7 671 1
7 672 1
7 673 1
7 674 1
7 675 1
7 676 1
7 677 1
7 678 1
7 679 2
7 680 1
7 681 1
7 682 1
7 683 1
7 684 4
7 685 1
7 686 1
7 687 1
7 688 1
7 689 2
7 690 1
7 691 1
7 692 1
7 693 1
7 694 7
7 695 1
7 696 1
7 697 1
7 698 1
7 699 2
7 700 2
7 701 1
7 702 2
7 703 3
7 704 2
7 705 1
7 706 1
7 707 2
7 708 1
7 709 1
7 710 3
7 711 1
7 712 1
7 713 1
7 714 1
7 715 1
7 716 1
7 717 6
7 718 1
7 719 32
8 3 1
8 10 3
8 14 5
8 15 4
8 19 1
8 28 3
8 32 1
8 35 1
8 40 2
8 49 3
8 53 2
8 54 1
8 55 1
8 66 1
8 67 1
8 72 1
8 74 21
8 77 4
8 85 1
8 91 1
8 102 1
8 105 1
8 106 1
8 112 1
8 126 1
8 127 1
8 138 1
8 141 31
8 142 1
8 146 8
8 148 1
8 152 1
8 156 1
8 158 1
8 161 1
8 172 4
8 173 1
8 174 5
8 175 1
8 178 2
8 181 2
8 182 1
8 185 1
8 189 9
8 191 4
8 192 2
8 193 1
8 194 2
8 202 3
8 205 1
8 206 1
8 209 1
8 210 2
8 214 1
8 217 2
8 220 1
8 224 2
8 234 1
8 235 1
8 236 1
8 237 1
8 241 2
8 246 5
8 248 1
8 251 1
8 260 1
8 284 1
8 302 1
8 339 1
8 343 1
8 344 1
8 349 1
8 358 2
8 369 1
8 371 7
8 385 3
8 388 1
8 389 4
8 391 1
8 401 3
8 402 1
8 404 1
8 425 9
8 428 2
8 432 3
8 433 1
8 437 2
8 447 8
8 452 5
8 454 2
8 460 1
8 462 1
8 473 2
8 494 1
8 505 1
8 523 1
8 530 1
8 540 2
8 564 2
8 580 1
8 668 1
8 684 1
8 686 1
8 692 1
8 716 1
8 718 4
8 720 1
8 721 1
8 722 2
8 723 1
8 724 1
8 725 1
8 726 2
8 727 4
8 728 2
8 729 2
8 730 1
8 731 1
8 732 1
8 733 1
8 734 1
8 735 3
8 736 1
8 737 1
8 738 1
8 739 1
8 740 1
8 741 1
8 742 1
8 743 1
8 744 1
8 745 1
8 746 2
8 747 1
8 748 1
8 749 1
8 750 1
8 751 3
8 752 2
8 753 10
8 754 1
8 755 1
8 756 1
8 757 1
8 758 1
8 759 1
8 760 1
8 761 1
8 762 1
9 14 1
9 126 1
9 233 1
9 315 1
9 326 1
9 342 1
9 418 1
9 461 1
9 763 1
9 764 1
9 765 3
9 766 1
9 767 1
9 768 1
9 769 2
9 770 1
9 771 1
9 772 1
10 1 1
10 3 3
10 7 1
10 10 1
10 14 2
10 26 1
10 28 1
10 32 4
10 34 1
10 37 1
10 40 4
10 41 1
10 42 4
10 48 1
10 50 4
10 52 1
10 53 6
10 54 1
10 57 1
10 66 1
10 72 1
10 74 6
10 76 1
10 77 3
10 84 4
10 91 1
10 94 1
10 102 1
10 105 1
10 106 1
10 108 1
10 111 1
10 114 1
10 124 1
10 132 1
10 138 2
10 141 16
10 142 1
10 143 1
10 146 5
10 148 1
10 149 2
10 152 1
10 155 4
10 156 1
10 166 2
10 171 9
10 172 4
10 173 1
10 174 2
10 178 1
10 181 5
10 182 1
10 188 5
10 189 15
10 201 1
10 209 2
10 212 1
10 214 2
10 215 7
10 217 3
10 242 4
10 246 11
10 251 1
10 255 1
10 260 1
10 274 1
10 285 1
10 290 18
10 296 2
10 302 2
10 319 7
10 368 1
10 371 16
10 389 2
10 407 2
10 408 3
10 423 3
10 425 2
10 433 1
10 437 2
10 460 15
10 461 1
10 462 2
10 477 1
10 478 1
10 481 1
10 490 2
10 491 1
10 492 1
10 500 1
10 511 1
10 514 1
10 517 2
10 523 1
10 530 6
10 534 2
10 542 2
10 549 17
10 564 7
10 570 1
10 574 1
10 581 3
10 618 1
10 668 1
10 691 1
10 692 4
10 697 1
10 707 1
10 709 2
10 718 1
10 720 4
10 744 1
10 759 1
10 762 1
10 767 2
10 772 5
10 773 1
10 774 1
10 775 1
10 776 3
10 777 1
10 778 1
10 779 1
10 780 2
10 781 11
10 782 2
10 783 1
10 784 2
10 785 1
10 786 2
10 787 1
10 788 16
10 789 3
10 790 1
10 791 2
10 792 3
10 793 7
10 794 3
10 795 1
10 796 1
10 797 1
10 798 3
10 799 1
10 800 1
10 801 1
10 802 1
10 803 1
10 804 1
10 805 1
10 806 10
10 807 4
10 808 2
11 3 1
11 10 4
11 14 4
11 15 7
11 28 3
11 32 1
11 35 12
11 40 4
11 42 1
11 45 1
11 50 5
11 51 6
11 53 3
11 54 1
11 63 1
11 64 3
11 66 1
11 72 2
11 77 5
11 85 1
11 91 1
11 97 1
11 102 1
11 105 1
11 106 1
11 111 1
11 112 2
11 127 2
11 136 2
11 139 2
11 142 1
11 143 1
11 146 9
11 156 1
11 166 2
11 171 1
11 178 1
11 181 6
11 191 1
11 193 1
11 201 1
11 202 1
11 204 1
11 205 8
11 206 1
11 210 1
11 213 2
11 214 4
11 224 2
11 230 1
11 232 8
11 233 10
11 236 1
11 237 1
11 242 4
11 246 3
11 251 1
11 260 1
11 262 1
11 277 1
11 278 2
11 279 1
11 281 3
11 287 1
11 309 1
11 319 1
11 336 1
11 337 1
11 340 1
11 344 1
11 345 1
11 377 4
11 390 2
11 405 1
11 409 4
11 416 1
11 432 1
11 438 1
11 448 1
11 463 2
11 507 2
11 581 1
11 597 1
11 619 1
11 626 1
11 702 1
11 704 1
11 716 1
11 718 2
11 746 1
11 748 1
11 756 1
11 793 1
11 794 1
11 801 1
11 809 3
11 810 7
11 811 1
11 812 3
11 813 4
11 814 10
11 815 1
11 816 1
11 817 1
11 818 1
11 819 1
11 820 2
11 821 1
11 822 1
11 823 3
11 824 1
11 825 1
11 826 1
11 827 1
11 828 1
11 829 1
11 830 1
11 831 1
11 832 1
11 833 1
11 834 1
11 835 1
11 836 11
11 837 1
11 838 1
11 839 1
11 840 1
11 841 1
11 842 1
12 3 14
12 10 8
12 13 1
12 14 3
12 15 7
12 28 3
12 32 3
12 35 6
12 40 3
12 42 1
12 50 4
12 53 2
12 54 2
12 56 1
12 57 2
12 61 12
12 66 1
12 67 1
12 70 1
12 72 1
12 77 5
12 85 2
12 91 1
12 97 1
12 102 2
12 106 1
12 108 1
12 111 1
12 112 1
12 119 1
12 124 1
12 127 2
12 130 1
12 136 3
12 139 8
12 142 1
12 143 1
12 145 1
12 146 9
12 148 2
12 156 1
12 166 3
12 174 4
12 175 5
12 177 2
12 178 2
12 181 14
12 182 4
12 188 7
12 192 2
12 193 1
12 194 1
12 196 2
12 201 1
12 204 6
12 205 2
12 206 1
12 209 2
12 210 1
12 212 1
12 214 13
12 216 1
12 217 3
12 220 2
12 224 2
12 232 3
12 233 10
12 235 1
12 236 1
12 237 1
12 242 3
12 251 3
12 257 1
12 260 1
12 262 1
12 269 1
12 272 1
12 279 1
12 305 1
12 337 1
12 343 1
12 360 3
12 389 5
12 405 1
12 437 1
12 438 8
12 467 1
12 488 1
12 500 2
12 506 11
12 507 1
12 511 1
12 523 4
12 530 2
12 538 1
12 594 9
12 618 1
12 625 1
12 631 1
12 668 2
12 691 2
12 697 1
12 707 3
12 733 1
12 759 1
12 761 1
12 790 1
12 791 1
12 801 1
12 805 1
12 807 1
12 814 5
12 821 1
12 824 1
12 826 1
12 828 3
12 832 1
12 836 12
12 843 1
12 844 1
12 845 1
12 846 1
12 847 1
12 848 6
12 849 1
12 850 1
12 851 1
12 852 1
12 853 2
12 854 1
12 855 3
12 856 1
12 857 3
12 858 1
12 859 1
12 860 2
12 861 1
12 862 6
12 863 2
12 864 4
12 865 1
12 866 1
12 867 1
12 868 1
12 869 2
12 870 1
12 871 1
12 872 1
12 873 1
12 874 1
12 875 1
12 876 2
12 877 1
12 878 1
12 879 2
12 880 1
13 2 2
13 3 4
13 6 3
13 10 6
13 12 1
13 14 4
13 15 16
13 26 1
13 28 1
13 32 4
13 35 2
13 40 2
13 42 2
13 50 4
13 52 2
13 53 2
13 54 2
13 57 1
13 64 1
13 66 1
13 72 1
13 74 3
13 76 2
13 77 2
13 84 4
13 85 4
13 90 2
13 91 2
13 97 1
13 105 4
13 106 1
13 111 1
13 119 1
13 120 1
13 137 1
13 138 1
13 141 5
13 142 1
13 143 2
13 146 4
13 156 2
13 158 1
13 160 2
13 166 3
13 169 1
13 171 1
13 172 3
13 174 10
13 175 2
13 178 14
13 181 4
13 182 2
13 189 18
13 196 1
13 201 1
13 202 2
13 204 1
13 210 2
13 212 3
13 214 2
13 216 1
13 217 2
13 246 3
13 248 3
13 251 2
13 256 1
13 257 1
13 260 1
13 261 1
13 266 1
13 269 1
13 271 2
13 283 1
13 285 1
13 299 2
13 341 1
13 343 3
13 345 1
13 351 1
13 355 1
13 358 4
13 368 1
13 371 29
13 378 1
13 383 1
13 386 2
13 401 1
13 402 3
13 410 1
13 411 1
13 412 1
13 418 30
13 422 1
13 428 1
13 435 1
13 437 2
13 438 1
13 462 2
13 466 1
13 482 2
13 488 2
13 492 1
13 493 1
13 529 1
13 535 2
13 580 2
13 694 4
13 702 1
13 704 1
13 707 1
13 718 1
13 748 2
13 754 6
13 759 1
13 786 2
13 793 2
13 827 1
13 881 1
13 882 3
13 883 1
13 884 1
13 885 1
13 886 1
13 887 1
13 888 1
13 889 2
13 890 1
13 891 1
13 892 1
13 893 2
13 894 1
13 895 2
13 896 1
13 897 1
13 898 1
13 899 1
13 900 10
13 901 2
13 902 4
13 903 1
13 904 1
13 905 1
13 906 1
13 907 1
13 908 1
13 909 5
13 910 2
13 911 2
13 912 3
13 913 1
13 914 4
13 915 1
13 916 1
13 917 1
13 918 2
13 919 1
13 920 1
13 921 1
13 922 1
13 923 1
13 924 1
13 925 1
13 926 1
13 927 1
13 928 1
13 929 1
13 930 1
13 931 1
13 932 2
13 933 1
14 2 1
14 3 2
14 10 2
14 14 5
14 15 17
14 19 1
14 28 3
14 32 3
14 35 1
14 40 2
14 42 1
14 50 3
14 51 1
14 52 1
14 53 2
14 54 3
14 56 1
14 66 1
14 72 3
14 76 2
14 77 5
14 84 1
14 85 2
14 91 3
14 97 1
14 102 3
14 106 1
14 108 3
14 111 1
14 112 1
14 114 1
14 119 1
14 123 17
14 124 1
14 126 1
14 127 3
14 133 1
14 136 4
14 139 8
14 142 1
14 143 1
14 145 1
14 146 9
14 154 1
14 156 2
14 160 1
14 166 1
14 171 8
14 172 1
14 174 2
14 178 1
14 181 5
14 182 2
14 186 1
14 188 1
14 189 1
14 192 1
14 193 1
14 196 3
14 202 1
14 205 1
14 206 1
14 212 1
14 214 2
14 224 2
14 226 1
14 232 5
14 233 8
14 236 1
14 237 1
14 242 2
14 246 1
14 251 5
14 260 1
14 262 1
14 279 1
14 281 3
14 283 1
14 285 2
14 286 1
14 309 1
14 316 1
14 319 3
14 337 1
14 350 1
14 351 1
14 385 1
14 389 2
14 401 1
14 402 2
14 411 1
14 416 1
14 423 1
14 428 1
14 435 2
14 437 1
14 438 1
14 447 1
14 455 1
14 458 1
14 462 2
14 466 1
14 475 1
14 490 1
14 492 2
14 500 2
14 504 1
14 506 1
14 516 1
14 523 1
14 540 1
14 614 4
14 626 1
14 628 10
14 681 1
14 690 1
14 694 1
14 702 1
14 707 1
14 718 1
14 727 1
14 736 1
14 759 1
14 760 1
14 771 5
14 794 1
14 800 2
14 801 1
14 812 1
14 814 9
14 821 1
14 823 1
14 836 14
14 839 2
14 840 1
14 876 2
14 884 2
14 886 1
14 888 1
14 898 1
14 905 1
14 934 1
14 935 1
14 936 3
14 937 1
14 938 1
14 939 1
14 940 2
14 941 2
14 942 1
14 943 1
14 944 1
14 945 1
14 946 1
14 947 1
14 948 1
14 949 1
14 950 1
14 951 8
14 952 1
14 953 1
14 954 1
14 955 1
14 956 2
14 957 1
14 958 1
14 959 1
14 960 1
14 961 7
14 962 1
14 963 2
14 964 1
14 965 1
14 966 1
14 967 1
14 968 16
14 969 1
14 970 1
14 971 3
14 972 1
14 973 1
15 1 1
15 3 9
15 14 4
15 15 26
15 16 1
15 25 2
15 32 3
15 35 4
15 40 2
15 49 2
15 50 4
15 52 1
15 53 3
15 54 2
15 57 1
15 63 1
15 64 1
15 70 1
15 71 1
15 72 1
15 77 1
15 84 4
15 86 1
15 91 1
15 94 2
15 95 1
15 102 4
15 104 2
15 106 1
15 108 4
15 111 1
15 114 1
15 119 2
15 126 1
15 130 1
15 132 3
15 135 1
15 136 1
15 137 2
15 141 15
15 142 1
15 143 1
15 144 1
15 146 1
15 148 1
15 149 3
15 152 2
15 155 4
15 156 1
15 164 1
15 165 2
15 166 2
15 171 13
15 172 10
15 174 4
15 177 1
15 178 1
15 180 5
15 181 10
15 182 2
15 188 1
15 189 1
15 191 1
15 192 1
15 201 1
15 204 9
15 209 9
15 210 9
15 212 3
15 226 1
15 235 1
15 242 2
15 243 1
15 244 1
15 246 16
15 251 1
15 256 3
15 260 3
15 262 2
15 271 2
15 282 2
15 285 5
15 288 3
15 305 1
15 309 1
15 314 1
15 317 1
15 319 1
15 336 1
15 337 1
15 342 2
15 343 3
15 354 1
15 360 2
15 362 1
15 368 4
15 371 17
15 374 1
15 383 2
15 389 1
15 390 1
15 407 3
15 408 1
15 416 1
15 423 8
15 428 2
15 433 1
15 437 1
15 460 1
15 462 2
15 466 3
15 467 3
15 477 2
15 478 6
15 480 2
15 482 1
15 483 1
15 484 1
15 490 7
15 500 3
15 504 1
15 508 1
15 509 2
15 519 2
15 523 1
15 530 4
15 534 2
15 535 2
15 537 1
15 540 1
15 542 4
15 549 13
15 564 4
15 568 1
15 574 2
15 576 1
15 580 2
15 593 12
15 596 1
15 600 2
15 623 1
15 628 2
15 655 2
15 661 1
15 666 1
15 668 1
15 679 1
15 691 10
15 704 1
15 728 1
15 733 1
15 737 1
15 759 3
15 760 1
15 766 2
15 773 1
15 775 1
15 777 2
15 781 1
15 783 6
15 792 4
15 794 1
15 796 1
15 797 2
15 800 2
15 802 1
15 806 5
15 811 1
15 826 2
15 854 1
15 866 1
15 910 2
15 919 1
15 927 1
15 930 2
15 938 1
15 949 2
15 954 1
15 964 1
15 969 1
15 974 1
15 975 1
15 976 2
15 977 1
15 978 1
15 979 2
15 980 2
15 981 2
15 982 1
15 983 1
15 984 1
15 985 1
15 986 2
15 987 1
15 988 1
15 989 1
15 990 1
15 991 1
15 992 2
15 993 5
15 994 1
15 995 2
15 996 1
15 997 1
15 998 9
15 999 9
15 1000 1
15 1001 1
15 1002 2
15 1003 1
15 1004 3
15 1005 2
15 1006 1
15 1007 1
15 1008 1
15 1009 1
15 1010 1
15 1011 1
15 1012 1
15 1013 1
15 1014 3
15 1015 1
15 1016 6
15 1017 1
15 1018 1
15 1019 1
15 1020 1
15 1021 1
15 1022 1
16 1 2
16 2 4
16 3 3
16 11 1
16 13 1
16 14 17
16 15 18
16 19 2
16 21 8
16 25 1
16 28 1
16 32 1
16 35 1
16 40 4
16 42 1
16 43 4
16 48 1
16 50 1
16 53 1
16 54 6
16 57 3
16 63 3
16 64 1
16 66 1
16 70 5
16 72 1
16 77 2
16 84 4
16 91 1
16 93 1
16 97 1
16 105 2
16 108 7
16 111 1
16 113 3
16 126 6
16 127 2
16 130 1
16 137 3
16 139 1
16 142 2
16 143 8
16 146 4
16 152 1
16 154 1
16 156 1
16 161 1
16 166 3
16 172 2
16 173 2
16 174 7
16 178 3
16 181 6
16 182 1
16 194 3
16 203 3
16 209 1
16 210 1
16 214 1
16 217 13
16 220 1
16 221 1
16 222 6
16 226 1
16 227 2
16 240 5
16 241 1
16 248 1
16 249 1
16 255 1
16 260 2
16 262 3
16 269 2
16 270 5
16 271 1
16 286 1
16 289 1
16 297 1
16 301 1
16 305 2
16 325 1
16 340 3
16 343 4
16 345 1
16 354 1
16 355 1
16 360 2
16 362 1
16 366 1
16 381 1
16 384 2
16 388 1
16 389 6
16 402 2
16 407 1
16 412 1
16 415 1
16 418 4
16 428 2
16 430 2
16 433 5
16 435 1
16 438 2
16 440 2
16 449 5
16 461 1
16 475 2
16 480 1
16 483 1
16 486 1
16 488 1
16 497 1
16 499 1
16 507 1
16 523 8
16 535 1
16 538 4
16 542 1
16 559 1
16 560 2
16 562 1
16 567 1
16 576 1
16 598 1
16 603 1
16 609 1
16 617 2
16 636 1
16 644 2
16 652 2
16 681 1
16 682 1
16 702 10
16 728 1
16 743 2
16 754 1
16 786 1
16 814 1
16 818 1
16 821 2
16 837 1
16 846 1
16 857 1
16 874 1
16 907 3
16 922 1
16 927 21
16 936 2
16 941 1
16 965 1
16 1002 2
16 1023 1
16 1024 2
16 1025 1
16 1026 1
16 1027 3
16 1028 1
16 1029 1
16 1030 1
16 1031 1
16 1032 1
16 1033 1
16 1034 1
16 1035 3
16 1036 3
16 1037 1
16 1038 1
16 1039 2
16 1040 1
16 1041 1
16 1042 2
16 1043 1
16 1044 3
16 1045 1
16 1046 1
16 1047 1
16 1048 1
16 1049 1
16 1050 2
16 1051 1
16 1052 1
16 1053 1
16 1054 2
16 1055 1
16 1056 1
16 1057 3
16 1058 1
16 1059 1
16 1060 1
16 1061 1
16 1062 1
16 1063 1
16 1064 1
16 1065 2
16 1066 1
16 1067 1
16 1068 6
16 1069 1
16 1070 1
16 1071 2
16 1072 1
16 1073 1
16 1074 1
16 1075 2
16 1076 1
16 1077 1
16 1078 1
16 1079 1
16 1080 1
16 1081 2
16 1082 2
16 1083 1
16 1084 1
16 1085 1
16 1086 2
16 1087 1
16 1088 1
16 1089 2
16 1090 2
16 1091 2
16 1092 1
16 1093 3
16 1094 2
16 1095 1
16 1096 1
16 1097 1
16 1098 1
16 1099 1
16 1100 1
16 1101 1
16 1102 1
16 1103 1
16 1104 1
16 1105 2
16 1106 1
16 1107 1
16 1108 1
16 1109 1
16 1110 1
16 1111 1
16 1112 1
16 1113 1
16 1114 1
16 1115 1
16 1116 2
16 1117 1
16 1118 1
16 1119 1
16 1120 3
16 1121 1
16 1122 1
16 1123 2
16 1124 1
16 1125 1
16 1126 11
16 1127 3
16 1128 3
16 1129 47
16 1130 1
16 1131 3
16 1132 5
16 1133 1
16 1134 4
16 1135 1
16 1136 2
16 1137 3
16 1138 1
16 1139 1
16 1140 1
16 1141 3
16 1142 1
16 1143 1
16 1144 1
16 1145 4
16 1146 1
16 1147 1
16 1148 3
16 1149 2
16 1150 1
16 1151 1
16 1152 1
16 1153 1
16 1154 1
16 1155 1
16 1156 13
16 1157 3
16 1158 1
16 1159 1
16 1160 1
16 1161 1
16 1162 1
17 3 1
17 8 3
17 10 3
17 14 1
17 27 1
17 32 1
17 35 1
17 43 1
17 49 2
17 50 2
17 51 1
17 55 2
17 60 1
17 64 3
17 74 1
17 77 1
17 78 1
17 85 1
17 86 2
17 99 1
17 113 2
17 132 1
17 134 3
17 141 1
17 142 2
17 148 1
17 149 1
17 171 4
17 172 1
17 189 1
17 191 2
17 205 1
17 209 1
17 214 1
17 222 1
17 233 2
17 239 1
17 242 2
17 248 3
17 249 2
17 260 1
17 262 3
17 281 1
17 290 6
17 302 1
17 311 1
17 313 1
17 343 1
17 349 1
17 358 1
17 371 1
17 386 1
17 389 1
17 391 1
17 403 1
17 420 1
17 428 2
17 433 1
17 437 2
17 438 1
17 460 1
17 461 1
17 475 1
17 490 1
17 535 1
17 564 1
17 581 1
17 594 1
17 704 1
17 707 1
17 726 2
17 729 1
17 786 1
17 836 1
17 906 1
17 919 1
17 921 1
17 932 1
17 1052 1
17 1058 1
17 1099 1
17 1104 1
17 1149 1
17 1163 1
17 1164 1
17 1165 1
17 1166 1
17 1167 1
17 1168 1
17 1169 1
17 1170 1
17 1171 1
17 1172 1
17 1173 1
17 1174 1
17 1175 11
17 1176 1
17 1177 1
17 1178 2
17 1179 1
17 1180 1
17 1181 1
17 1182 2
17 1183 1
18 3 4
18 10 2
18 14 7
18 15 3
18 16 2
18 32 2
18 34 1
18 48 2
18 53 2
18 60 1
18 63 1
18 68 1
18 75 1
18 78 1
18 102 6
18 105 1
18 115 1
18 126 1
18 137 1
18 143 1
18 148 1
18 172 1
18 173 1
18 182 4
18 184 1
18 188 1
18 191 2
18 202 1
18 239 1
18 278 2
18 282 1
18 296 12
18 302 2
18 324 1
18 327 1
18 337 1
18 343 1
18 389 1
18 437 1
18 449 1
18 461 1
18 490 1
18 517 1
18 529 1
18 530 2
18 544 1
18 628 1
18 667 1
18 669 1
18 726 1
18 746 1
18 770 1
18 813 1
18 817 1
18 853 1
18 885 1
18 906 1
18 922 2
18 1002 1
18 1052 1
18 1098 1
18 1099 1
18 1120 1
18 1129 1
18 1146 1
18 1156 1
18 1170 1
18 1184 3
18 1185 3
18 1186 1
18 1187 1
18 1188 1
18 1189 2
18 1190 1
18 1191 1
18 1192 1
18 1193 1
18 1194 1
18 1195 2
18 1196 1
18 1197 1
19 2 2
19 3 4
19 10 2
19 13 1
19 14 4
19 15 5
19 16 2
19 32 1
19 34 1
19 35 1
19 48 2
19 53 1
19 60 1
19 75 1
19 78 1
19 94 3
19 102 3
19 105 1
19 116 1
19 119 1
19 126 2
19 130 1
19 133 1
19 137 1
19 148 1
19 155 1
19 172 1
19 173 1
19 181 1
19 182 4
19 189 3
19 203 1
19 210 2
19 222 1
19 226 2
19 239 1
19 258 1
19 262 1
19 269 1
19 296 12
19 302 1
19 321 1
19 369 2
19 384 1
19 423 1
19 437 1
19 449 1
19 455 2
19 460 1
19 490 1
19 507 1
19 511 1
19 517 1
19 534 1
19 535 1
19 536 1
19 564 1
19 568 3
19 619 1
19 628 1
19 667 1
19 669 1
19 726 1
19 768 2
19 769 1
19 780 1
19 817 2
19 851 2
19 899 1
19 910 1
19 932 1
19 1052 1
19 1059 1
19 1098 1
19 1099 1
19 1120 2
19 1170 1
19 1184 1
19 1186 1
19 1188 1
19 1190 1
19 1197 1
19 1198 1
19 1199 2
19 1200 1
19 1201 1
19 1202 1
19 1203 1
19 1204 1
19 1205 1
20 2 1
20 10 1
20 14 4
20 15 2
20 19 1
20 32 1
20 35 5
20 54 1
20 57 1
20 64 1
20 72 1
20 77 1
20 84 8
20 85 1
20 99 1
20 112 2
20 115 1
20 139 3
20 142 3
20 143 2
20 146 1
20 148 1
20 149 1
20 171 6
20 172 11
20 175 2
20 177 1
20 178 3
20 181 2
20 192 1
20 194 1
20 201 1
20 209 1
20 214 2
20 220 2
20 232 1
20 239 1
20 240 1
20 242 1
20 246 1
20 249 1
20 252 1
20 257 1
20 260 1
20 262 1
20 269 1
20 272 1
20 273 1
20 277 1
20 290 6
20 294 1
20 314 2
20 316 1
20 319 1
20 343 1
20 355 1
20 361 1
20 368 1
20 371 1
20 389 1
20 390 1
20 428 1
20 437 1
20 440 2
20 455 1
20 462 1
20 493 1
20 506 1
20 517 1
20 578 1
20 592 2
20 619 1
20 667 1
20 693 1
20 704 1
20 718 1
20 801 1
20 806 2
20 807 1
20 814 1
20 836 1
20 838 1
20 871 2
20 951 1
20 1013 1
20 1044 1
20 1077 1
20 1085 1
20 1104 1
20 1121 2
20 1156 1
20 1169 1
20 1186 1
20 1203 2
20 1206 2
20 1207 1
20 1208 1
20 1209 1
20 1210 1
20 1211 1
20 1212 1
20 1213 1
20 1214 1
20 1215 1
20 1216 1
20 1217 1
20 1218 1
20 1219 1
20 1220 1
20 1221 1
20 1222 1
20 1223 2
20 1224 1
20 1225 1
20 1226 1
20 1227 1
20 1228 2
20 1229 1
20 1230 1
20 1231 1
20 1232 1
20 1233 1
20 1234 1
21 4 2
21 14 6
21 24 1
21 35 6
21 77 1
21 84 4
21 86 2
21 97 1
21 109 3
21 114 2
21 126 1
21 145 1
21 146 1
21 149 1
21 172 5
21 176 2
21 178 1
21 194 1
21 210 2
21 214 4
21 227 2
21 238 1
21 242 1
21 260 2
21 274 1
21 290 7
21 313 1
21 343 1
21 373 1
21 414 1
21 437 2
21 440 1
21 473 1
21 475 1
21 489 1
21 492 2
21 511 1
21 516 1
21 520 1
21 533 1
21 541 1
21 542 1
21 667 1
21 767 1
21 792 1
21 886 1
21 954 1
21 1002 1
21 1012 2
21 1057 1
21 1115 1
21 1179 1
21 1206 1
21 1219 1
21 1222 1
21 1224 1
21 1228 1
21 1232 1
21 1235 1
21 1236 1
21 1237 1
21 1238 1
21 1239 1
21 1240 1
21 1241 1
21 1242 1
21 1243 1
21 1244 1
21 1245 1
21 1246 1
21 1247 3
21 1248 1
21 1249 1
21 1250 1
21 1251 1
21 1252 1
21 1253 1
22 1 1
22 3 4
22 10 2
22 12 2
22 14 7
22 15 6
22 16 2
22 18 2
22 19 2
22 28 1
22 32 3
22 35 3
22 40 1
22 43 1
22 52 3
22 54 1
22 60 1
22 66 1
22 72 2
22 75 1
22 77 2
22 84 4
22 85 2
22 86 1
22 91 1
22 97 1
22 99 1
22 102 1
22 108 2
22 112 1
22 120 1
22 123 1
22 124 4
22 125 1
22 126 1
22 132 1
22 133 1
22 137 2
22 142 1
22 146 4
22 149 1
22 154 1
22 156 1
22 161 1
22 164 1
22 166 2
22 171 3
22 181 4
22 182 2
22 187 1
22 191 1
22 201 1
22 204 4
22 205 1
22 214 1
22 215 2
22 217 2
22 226 1
22 240 1
22 242 1
22 248 1
22 257 1
22 258 3
22 260 2
22 266 2
22 269 4
22 271 1
22 286 1
22 290 2
22 296 2
22 299 1
22 305 2
22 349 2
22 360 2
22 377 1
22 389 1
22 401 1
22 448 3
22 455 1
22 489 18
22 490 8
22 493 1
22 495 1
22 498 1
22 499 1
22 524 2
22 539 2
22 578 1
22 619 1
22 655 1
22 676 2
22 693 3
22 723 1
22 800 1
22 847 1
22 868 1
22 886 2
22 892 1
22 951 18
22 954 1
22 955 2
22 1002 6
22 1018 2
22 1131 2
22 1132 2
22 1135 1
22 1156 1
22 1171 6
22 1175 1
22 1198 1
22 1228 1
22 1254 1
22 1255 1
22 1256 1
22 1257 2
22 1258 1
22 1259 1
22 1260 1
22 1261 2
22 1262 7
22 1263 1
22 1264 1
22 1265 1
22 1266 2
22 1267 1
22 1268 1
22 1269 2
22 1270 1
22 1271 1
22 1272 1
22 1273 6
22 1274 1
22 1275 1
22 1276 1
22 1277 1
22 1278 1
22 1279 1
22 1280 1
23 2 2
23 3 1
23 10 7
23 13 1
23 14 8
23 15 1
23 18 1
23 19 1
23 25 1
23 35 6
23 40 1
23 48 5
23 50 2
23 52 1
23 54 2
23 56 2
23 57 2
23 60 2
23 74 2
23 85 8
23 86 1
23 94 2
23 97 1
23 106 1
23 112 1
23 116 1
23 119 1
23 123 1
23 124 1
23 126 2
23 127 2
23 137 1
23 140 3
23 141 5
23 142 1
23 143 1
23 148 2
23 152 1
23 158 1
23 160 1
23 166 1
23 168 1
23 170 1
23 171 2
23 172 2
23 174 6
23 175 6
23 177 4
23 180 11
23 181 7
23 182 2
23 184 3
23 189 5
23 191 3
23 192 1
23 194 2
23 201 1
23 202 1
23 203 1
23 204 1
23 205 1
23 214 1
23 222 1
23 233 4
23 235 1
23 246 3
23 248 1
23 252 4
23 256 2
23 262 1
23 273 5
23 281 1
23 290 6
23 294 1
23 297 1
23 299 2
23 302 4
23 316 2
23 321 1
23 329 9
23 343 1
23 345 2
23 352 1
23 353 1
23 354 5
23 358 5
23 371 2
23 385 1
23 398 1
23 401 1
23 402 10
23 405 1
23 407 1
23 414 14
23 420 1
23 423 3
23 428 1
23 432 2
23 436 1
23 437 1
23 438 4
23 448 1
23 450 1
23 452 1
23 454 1
23 460 1
23 468 1
23 475 1
23 476 2
23 477 1
23 478 1
23 479 1
23 488 3
23 490 1
23 506 1
23 511 2
23 523 1
23 563 2
23 564 3
23 598 1
23 628 1
23 631 3
23 700 1
23 711 1
23 716 2
23 718 1
23 727 7
23 729 7
23 734 1
23 754 1
23 769 1
23 772 4
23 779 3
23 786 1
23 791 1
23 800 1
23 801 1
23 832 1
23 836 1
23 847 1
23 882 1
23 888 1
23 912 2
23 923 1
23 1039 1
23 1043 6
23 1048 1
23 1054 1
23 1095 1
23 1128 2
23 1148 1
23 1173 1
23 1179 1
23 1199 1
23 1205 1
23 1209 1
23 1210 2
23 1264 1
23 1280 1
23 1281 1
23 1282 2
23 1283 1
23 1284 1
23 1285 1
23 1286 1
23 1287 1
23 1288 1
23 1289 1
23 1290 1
23 1291 3
23 1292 3
23 1293 1
23 1294 1
23 1295 1
23 1296 2
23 1297 1
23 1298 1
23 1299 2
23 1300 2
23 1301 1
23 1302 1
23 1303 2
23 1304 1
23 1305 1
23 1306 1
23 1307 2
23 1308 1
23 1309 1
23 1310 1
23 1311 1
23 1312 1
23 1313 1
23 1314 1
23 1315 1
23 1316 1
23 1317 1
23 1318 2
23 1319 1
23 1320 1
24 2 1
24 3 4
24 7 2
24 10 3
24 14 6
24 15 2
24 16 1
24 26 1
24 28 2
24 32 4
24 35 2
24 37 1
24 40 2
24 43 1
24 49 6
24 50 2
24 51 1
24 53 5
24 54 3
24 55 1
24 56 1
24 64 4
24 66 1
24 72 2
24 77 6
24 84 3
24 86 2
24 91 1
24 96 1
24 97 1
24 102 1
24 106 1
24 108 3
24 109 1
24 120 1
24 134 10
24 136 1
24 142 1
24 146 8
24 148 1
24 149 1
24 156 2
24 158 1
24 161 1
24 166 1
24 171 11
24 172 4
24 174 2
24 175 1
24 178 1
24 181 2
24 182 1
24 185 1
24 189 1
24 191 3
24 201 1
24 205 1
24 209 2
24 217 2
24 220 2
24 224 1
24 225 1
24 242 5
24 249 1
24 251 1
24 260 1
24 285 2
24 290 9
24 301 1
24 319 4
24 321 1
24 326 1
24 337 1
24 345 3
24 355 1
24 369 1
24 383 2
24 385 1
24 428 1
24 433 1
24 460 1
24 490 1
24 493 2
24 500 1
24 511 1
24 555 1
24 564 1
24 581 1
24 649 1
24 668 2
24 704 1
24 707 1
24 718 1
24 723 2
24 750 1
24 764 1
24 772 1
24 783 1
24 790 1
24 871 1
24 884 1
24 890 1
24 895 1
24 957 1
24 974 1
24 997 1
24 1013 1
24 1081 1
24 1082 1
24 1095 3
24 1133 1
24 1135 1
24 1148 5
24 1149 2
24 1154 1
24 1166 1
24 1170 1
24 1175 23
24 1178 1
24 1228 1
24 1235 1
24 1256 1
24 1321 2
24 1322 1
24 1323 1
24 1324 1
24 1325 1
24 1326 1
24 1327 1
24 1328 1
24 1329 1
24 1330 2
24 1331 1
24 1332 1
24 1333 1
24 1334 1
24 1335 4
24 1336 2
24 1337 2
24 1338 1
24 1339 10
24 1340 1
24 1341 2
24 1342 1
24 1343 2
24 1344 1
24 1345 1
24 1346 3
24 1347 1
24 1348 1
24 1349 1
24 1350 3
24 1351 1
24 1352 1
24 1353 2
24 1354 1
24 1355 1
25 1 1
25 2 5
25 3 12
25 4 2
25 7 2
25 14 3
25 15 2
25 18 1
25 27 1
25 28 1
25 32 5
25 35 1
25 50 1
25 53 2
25 55 2
25 64 3
25 66 1
25 72 3
25 77 5
25 84 3
25 86 1
25 91 3
25 97 3
25 102 3
25 109 1
25 111 1
25 112 1
25 127 1
25 133 8
25 137 1
25 140 1
25 142 3
25 143 6
25 146 6
25 149 3
25 156 2
25 168 1
25 171 1
25 172 4
25 178 1
25 182 7
25 191 1
25 193 1
25 201 1
25 205 1
25 206 1
25 214 2
25 224 2
25 226 1
25 236 1
25 242 1
25 251 1
25 258 6
25 260 1
25 278 5
25 290 4
25 323 1
25 332 1
25 339 4
25 382 1
25 385 1
25 391 1
25 437 1
25 439 2
25 475 1
25 480 9
25 485 1
25 493 1
25 500 1
25 534 1
25 544 1
25 555 1
25 556 1
25 651 1
25 667 1
25 672 1
25 675 2
25 791 1
25 1004 1
25 1052 1
25 1055 1
25 1099 1
25 1104 2
25 1184 1
25 1198 1
25 1256 2
25 1322 1
25 1323 3
25 1342 1
25 1343 3
25 1356 1
25 1357 1
25 1358 1
25 1359 1
25 1360 1
25 1361 1
25 1362 1
25 1363 1
25 1364 1
25 1365 1
25 1366 1
25 1367 1
26 1 1
26 2 1
26 3 1
26 10 5
26 11 1
26 14 7
26 28 1
26 35 4
26 51 1
26 63 2
26 64 1
26 72 2
26 76 2
26 77 4
26 85 2
26 90 1
26 91 1
26 102 1
26 112 2
26 113 3
26 118 1
26 127 1
26 130 1
26 136 1
26 137 2
26 146 2
26 171 1
26 172 1
26 181 4
26 194 1
26 197 1
26 199 17
26 204 3
26 205 2
26 207 2
26 210 2
26 214 1
26 224 2
26 238 1
26 239 2
26 242 1
26 248 1
26 249 5
26 251 3
26 252 2
26 257 1
26 259 1
26 260 3
26 262 2
26 279 2
26 285 2
26 290 2
26 292 1
26 299 1
26 305 1
26 310 1
26 311 1
26 330 1
26 338 1
26 344 1
26 346 2
26 355 2
26 357 1
26 359 1
26 360 2
26 369 1
26 375 1
26 377 1
26 379 1
26 387 1
26 404 2
26 426 2
26 455 1
26 517 1
26 592 2
26 619 1
26 668 1
26 689 1
26 709 1
26 791 2
26 793 2
26 848 1
26 888 1
26 921 1
26 927 1
26 1002 1
26 1008 1
26 1014 1
26 1052 1
26 1099 1
26 1101 1
26 1142 1
26 1207 1
26 1277 1
26 1328 1
26 1350 2
26 1368 1
26 1369 1
26 1370 1
26 1371 1
26 1372 1
26 1373 1
26 1374 1
26 1375 1
26 1376 1
26 1377 1
26 1378 1
26 1379 1
26 1380 1
26 1381 1
26 1382 1
26 1383 1
27 2 1
27 3 1
27 10 9
27 14 1
27 15 1
27 27 3
27 35 4
27 42 1
27 50 1
27 53 1
27 63 1
27 108 1
27 119 1
27 142 1
27 143 10
27 154 2
27 172 1
27 178 1
27 181 1
27 182 2
27 184 1
27 202 1
27 221 1
27 248 3
27 249 1
27 252 1
27 262 1
27 267 10
27 278 2
27 290 3
27 310 1
27 341 1
27 346 1
27 351 1
27 384 3
27 391 1
27 437 1
27 652 1
27 695 1
27 743 3
27 822 1
27 861 1
27 884 1
27 886 1
27 1052 1
27 1099 1
27 1185 1
27 1223 1
27 1281 1
27 1335 2
27 1374 1
27 1384 1
27 1385 1
27 1386 1
27 1387 1
27 1388 1
27 1389 1
27 1390 1
27 1391 1
27 1392 2
27 1393 1
27 1394 3
27 1395 1
27 1396 5
27 1397 1
28 3 1
28 14 9
28 19 1
28 24 1
28 27 1
28 41 1
28 48 4
28 55 1
28 58 1
28 72 1
28 75 1
28 77 2
28 91 1
28 105 3
28 109 3
28 112 1
28 113 3
28 119 1
28 138 1
28 141 6
28 143 5
28 146 1
28 161 1
28 162 1
28 171 1
28 172 9
28 173 3
28 176 1
28 178 1
28 182 1
28 188 1
28 202 1
28 240 1
28 249 1
28 255 1
28 259 1
28 279 2
28 285 1
28 290 2
28 310 1
28 317 1
28 340 1
28 343 4
28 351 1
28 381 2
28 388 1
28 437 1
28 459 2
28 460 1
28 500 1
28 507 2
28 538 1
28 592 1
28 628 3
28 667 1
28 687 1
28 689 3
28 691 1
28 791 1
28 800 1
28 837 1
28 884 1
28 897 1
28 904 1
28 905 1
28 910 1
28 918 1
28 922 1
28 1071 1
28 1076 1
28 1082 1
28 1093 1
28 1124 1
28 1186 2
28 1204 1
28 1224 1
28 1242 1
28 1323 1
28 1350 1
28 1369 2
28 1398 1
28 1399 2
28 1400 1
28 1401 2
28 1402 2
28 1403 1
28 1404 1
28 1405 1
28 1406 1
28 1407 3
28 1408 2
28 1409 1
28 1410 1
28 1411 1
28 1412 1
28 1413 2
28 1414 1
28 1415 1
28 1416 1
28 1417 1
29 1 1
29 2 7
29 3 9
29 8 2
29 10 5
29 13 1
29 14 6
29 15 14
29 21 1
29 26 1
29 28 3
29 29 2
29 32 3
29 35 6
29 40 1
29 41 1
29 42 1
29 48 1
29 50 3
29 51 1
29 53 1
29 55 1
29 60 1
29 63 2
29 68 1
29 70 1
29 72 2
29 74 1
29 76 1
29 77 4
29 79 2
29 84 2
29 85 5
29 86 1
29 91 2
29 93 2
29 95 1
29 97 1
29 102 5
29 105 3
29 106 1
29 112 4
29 115 1
29 116 1
29 119 1
29 127 2
29 128 1
29 133 4
29 137 3
29 141 4
29 143 2
29 145 1
29 146 6
29 148 3
29 149 1
29 152 1
29 156 2
29 158 2
29 162 1
29 164 1
29 171 4
29 172 6
29 173 2
29 174 1
29 178 1
29 181 7
29 182 4
29 186 1
29 189 3
29 191 1
29 204 1
29 205 3
29 210 5
29 214 2
29 221 1
29 222 3
29 224 2
29 226 2
29 230 4
29 232 1
29 236 5
29 238 2
29 246 2
29 248 1
29 249 1
29 251 2
29 255 1
29 256 1
29 259 5
29 260 5
29 262 1
29 264 2
29 276 1
29 279 2
29 281 1
29 286 1
29 290 1
29 296 2
29 302 4
29 306 1
29 312 1
29 314 6
29 320 1
29 329 1
29 346 1
29 354 1
29 355 1
29 358 2
29 360 1
29 366 1
29 371 3
29 385 2
29 388 1
29 398 1
29 402 3
29 407 2
29 410 8
29 414 1
29 418 19
29 428 1
29 433 1
29 437 1
29 438 1
29 444 1
29 449 4
29 454 3
29 455 1
29 458 2
29 476 1
29 480 3
29 490 2
29 492 2
29 493 1
29 500 2
29 506 1
29 520 2
29 523 1
29 555 1
29 578 3
29 596 1
29 628 1
29 643 1
29 666 1
29 673 1
29 694 1
29 704 1
29 706 2
29 716 3
29 718 2
29 723 1
29 725 1
29 736 1
29 737 1
29 748 3
29 767 1
29 793 1
29 800 1
29 802 1
29 806 1
29 813 1
29 826 1
29 831 1
29 876 1
29 882 1
29 895 1
29 898 1
29 906 6
29 912 1
29 932 2
29 938 1
29 941 1
29 1008 3
29 1014 1
29 1081 1
29 1104 2
29 1135 1
29 1149 2
29 1168 1
29 1173 1
29 1175 2
29 1203 8
29 1204 1
29 1227 1
29 1281 1
29 1282 1
29 1291 3
29 1305 3
29 1312 1
29 1313 1
29 1319 1
29 1323 1
29 1358 1
29 1369 2
29 1398 1
29 1418 1
29 1419 1
29 1420 1
29 1421 1
29 1422 1
29 1423 5
29 1424 1
29 1425 1
29 1426 1
29 1427 1
29 1428 1
29 1429 1
29 1430 3
29 1431 1
29 1432 1
29 1433 1
29 1434 1
29 1435 1
29 1436 1
29 1437 1
29 1438 1
29 1439 1
29 1440 1
29 1441 1
29 1442 1
29 1443 1
29 1444 1
29 1445 1
29 1446 1
29 1447 1
29 1448 1
29 1449 1
30 1 1
30 2 1
30 3 10
30 5 4
30 7 1
30 10 6
30 12 1
30 14 4
30 15 2
30 25 1
30 28 1
30 32 2
30 35 4
30 40 3
30 41 2
30 43 7
30 48 2
30 52 1
30 53 3
30 54 4
30 56 3
30 57 1
30 65 1
30 72 2
30 74 2
30 75 1
30 77 1
30 84 1
30 86 1
30 91 5
30 95 8
30 97 1
30 105 10
30 106 1
30 112 1
30 115 1
30 124 1
30 129 1
30 132 1
30 133 1
30 136 1
30 137 1
30 141 21
30 146 1
30 149 2
30 155 1
30 156 2
30 161 1
30 166 2
30 172 7
30 173 1
30 174 14
30 175 1
30 177 3
30 178 4
30 180 5
30 181 8
30 182 2
30 186 2
30 189 3
30 191 4
30 194 6
30 201 1
30 202 2
30 209 1
30 210 12
30 212 1
30 214 2
30 216 1
30 220 3
30 222 3
30 235 2
30 251 1
30 252 1
30 257 1
30 260 3
30 262 1
30 269 2
30 270 1
30 277 1
30 284 1
30 286 2
30 287 1
30 290 7
30 299 3
30 302 6
30 326 2
30 339 1
30 343 1
30 345 1
30 360 1
30 368 1
30 371 11
30 384 1
30 391 1
30 407 1
30 410 45
30 412 1
30 418 20
30 420 1
30 427 2
30 428 2
30 433 3
30 436 3
30 437 1
30 438 4
30 445 1
30 455 2
30 460 2
30 462 2
30 478 1
30 480 1
30 482 1
30 488 3
30 490 1
30 493 1
30 507 1
30 511 1
30 524 1
30 564 1
30 586 1
30 590 1
30 623 4
30 651 3
30 661 4
30 668 1
30 679 1
30 693 3
30 702 2
30 706 1
30 743 2
30 744 1
30 793 3
30 800 3
30 801 1
30 806 1
30 827 1
30 868 2
30 871 3
30 876 1
30 882 4
30 888 1
30 893 1
30 895 6
30 912 1
30 916 1
30 950 1
30 951 3
30 956 1
30 1048 2
30 1076 1
30 1090 1
30 1094 2
30 1148 1
30 1203 2
30 1259 1
30 1285 2
30 1311 1
30 1312 2
30 1320 2
30 1323 2
30 1341 1
30 1444 1
30 1445 1
30 1450 2
30 1451 5
30 1452 2
30 1453 2
30 1454 1
30 1455 1
30 1456 1
30 1457 1
30 1458 5
30 1459 4
30 1460 1
30 1461 1
30 1462 1
30 1463 1
30 1464 1
30 1465 1
30 1466 4
30 1467 1
30 1468 1
30 1469 2
30 1470 1
30 1471 1
30 1472 1
30 1473 1
30 1474 1
30 1475 2
30 1476 1
30 1477 1
30 1478 1
30 1479 1
31 2 1
31 10 6
31 13 1
31 14 2
31 15 3
31 42 1
31 50 1
31 106 1
31 111 1
31 113 4
31 142 1
31 143 1
31 164 1
31 172 2
31 178 1
31 201 1
31 202 1
31 203 1
31 222 1
31 240 1
31 248 1
31 262 2
31 282 6
31 351 1
31 360 1
31 404 1
31 407 1
31 437 1
31 482 2
31 483 1
31 523 1
31 535 1
31 668 1
31 704 1
31 800 1
31 861 1
31 876 3
31 898 2
31 1104 1
31 1156 4
31 1264 1
31 1268 9
31 1299 1
31 1379 3
31 1480 2
31 1481 1
31 1482 2
32 3 2
32 10 4
32 14 4
32 15 1
32 35 1
32 50 1
32 51 1
32 111 1
32 126 1
32 142 1
32 143 1
32 172 2
32 178 1
32 181 1
32 193 1
32 238 1
32 249 1
32 252 1
32 262 2
32 269 1
32 282 2
32 290 1
32 310 1
32 334 1
32 341 1
32 346 1
32 401 1
32 437 1
32 523 1
32 602 1
32 809 1
32 1052 1
32 1099 1
32 1156 2
32 1265 1
32 1268 2
32 1382 1
32 1483 1
32 1484 6
33 3 4
33 4 2
33 10 3
33 11 1
33 13 1
33 14 4
33 15 8
33 28 3
33 32 6
33 35 3
33 37 2
33 40 2
33 42 1
33 45 1
33 48 3
33 49 4
33 51 2
33 52 1
33 53 1
33 54 1
33 57 1
33 58 3
33 63 1
33 72 3
33 73 2
33 75 3
33 77 5
33 84 1
33 85 4
33 91 2
33 97 1
33 99 1
33 102 3
33 105 3
33 106 1
33 112 1
33 118 1
33 119 1
33 132 1
33 133 2
33 136 2
33 137 2
33 138 1
33 142 2
33 143 1
33 145 1
33 146 9
33 152 6
33 153 1
33 156 2
33 158 3
33 161 1
33 166 1
33 168 1
33 171 5
33 172 4
33 173 3
33 174 1
33 177 3
33 181 4
33 182 6
33 184 1
33 187 1
33 189 1
33 191 1
33 192 2
33 193 1
33 194 1
33 202 2
33 204 1
33 205 6
33 206 1
33 209 1
33 213 1
33 214 2
33 218 11
33 222 1
33 224 2
33 226 2
33 235 1
33 236 1
33 237 1
33 246 3
33 248 1
33 249 1
33 251 2
33 258 1
33 260 4
33 266 1
33 269 2
33 274 1
33 275 1
33 279 1
33 281 1
33 282 8
33 284 2
33 287 2
33 288 1
33 289 1
33 290 1
33 296 2
33 297 1
33 299 2
33 302 1
33 315 1
33 321 1
33 326 1
33 337 1
33 341 1
33 342 3
33 343 1
33 351 1
33 358 3
33 371 1
33 407 1
33 415 1
33 418 6
33 426 1
33 428 2
33 433 1
33 449 1
33 450 1
33 456 1
33 462 1
33 490 1
33 493 1
33 507 1
33 509 1
33 524 1
33 544 1
33 555 1
33 590 1
33 596 1
33 707 1
33 715 1
33 748 1
33 754 1
33 759 1
33 801 2
33 807 1
33 822 1
33 847 1
33 859 1
33 861 1
33 886 1
33 898 1
33 910 1
33 927 2
33 1002 1
33 1015 1
33 1081 1
33 1095 1
33 1142 1
33 1156 1
33 1164 1
33 1179 1
33 1184 1
33 1193 1
33 1203 4
33 1209 1
33 1222 1
33 1282 2
33 1303 1
33 1313 1
33 1322 1
33 1323 1
33 1348 1
33 1437 1
33 1455 1
33 1485 1
33 1486 1
33 1487 1
33 1488 1
33 1489 1
33 1490 1
33 1491 1
33 1492 1
33 1493 3
33 1494 3
33 1495 1
33 1496 1
33 1497 1
33 1498 2
33 1499 1
33 1500 1
33 1501 1
33 1502 1
33 1503 1
33 1504 1
33 1505 3
33 1506 1
33 1507 1
33 1508 1
33 1509 1
33 1510 1
33 1511 1
34 2 1
34 4 1
34 10 1
34 12 1
34 13 1
34 14 8
34 15 2
34 19 1
34 27 1
34 32 2
34 39 1
34 48 2
34 50 1
34 75 1
34 77 1
34 85 2
34 105 2
34 108 1
34 111 1
34 112 1
34 113 2
34 119 1
34 141 9
34 142 1
34 143 14
34 146 1
34 153 1
34 171 1
34 172 9
34 173 2
34 178 1
34 181 2
34 182 2
34 191 1
34 194 1
34 202 3
34 221 1
34 223 5
34 240 2
34 246 1
34 248 1
34 252 1
34 257 1
34 281 1
34 282 2
34 290 3
34 292 3
34 310 1
34 317 1
34 338 1
34 343 1
34 346 1
34 381 1
34 384 2
34 388 1
34 404 2
34 428 1
34 437 2
34 483 1
34 523 1
34 535 1
34 536 2
34 628 7
34 652 1
34 659 2
34 687 1
34 689 2
34 697 1
34 698 1
34 713 1
34 786 3
34 791 1
34 861 2
34 897 1
34 910 2
34 919 1
34 936 1
34 1045 1
34 1075 1
34 1076 1
34 1119 1
34 1126 1
34 1137 1
34 1156 1
34 1187 1
34 1224 1
34 1264 1
34 1265 1
34 1268 1
34 1281 1
34 1351 1
34 1369 2
34 1399 9
34 1401 1
34 1402 2
34 1403 1
34 1407 1
34 1408 1
34 1409 1
34 1411 1
34 1413 2
34 1416 1
34 1512 1
34 1513 1
34 1514 1
34 1515 1
34 1516 1
34 1517 1
34 1518 1
34 1519 1
34 1520 1
34 1521 1
34 1522 1
35 2 1
35 14 8
35 19 1
35 27 1
35 32 1
35 48 2
35 50 1
35 56 1
35 60 1
35 63 2
35 75 1
35 77 2
35 78 1
35 90 1
35 98 1
35 105 2
35 108 1
35 111 1
35 112 1
35 113 1
35 116 1
35 127 1
35 141 3
35 142 2
35 143 17
35 146 1
35 171 1
35 172 10
35 173 2
35 178 1
35 181 1
35 188 1
35 191 2
35 195 1
35 204 1
35 217 1
35 239 1
35 240 2
35 242 1
35 245 1
35 252 1
35 262 1
35 270 2
35 277 2
35 279 2
35 290 6
35 292 4
35 343 1
35 346 6
35 351 1
35 354 1
35 361 1
35 381 1
35 382 1
35 384 1
35 385 2
35 388 1
35 415 1
35 428 1
35 437 2
35 474 1
35 475 1
35 500 1
35 511 2
35 523 1
35 555 2
35 563 1
35 574 1
35 628 2
35 631 1
35 667 2
35 668 1
35 691 1
35 736 1
35 747 4
35 791 1
35 826 1
35 861 1
35 904 1
35 910 1
35 922 1
35 1004 1
35 1133 1
35 1137 1
35 1147 1
35 1180 1
35 1211 1
35 1224 1
35 1228 1
35 1242 11
35 1343 2
35 1350 1
35 1369 2
35 1384 1
35 1399 4
35 1402 2
35 1403 2
35 1407 2
35 1409 4
35 1412 1
35 1413 2
35 1424 1
35 1516 1
35 1523 2
35 1524 1
35 1525 1
35 1526 1
35 1527 2
35 1528 1
35 1529 1
35 1530 2
35 1531 1
35 1532 1
35 1533 1
35 1534 1
35 1535 1
35 1536 1
35 1537 1
35 1538 1
35 1539 1
35 1540 1
35 1541 1
35 1542 1
35 1543 1
35 1544 1
35 1545 1
36 1 1
36 2 6
36 3 4
36 6 2
36 10 17
36 13 1
36 14 7
36 15 19
36 18 2
36 26 1
36 28 1
36 32 3
36 35 3
36 40 2
36 48 1
36 50 1
36 51 1
36 52 1
36 53 1
36 54 2
36 55 2
36 66 1
36 68 1
36 70 1
36 72 2
36 75 1
36 76 4
36 77 8
36 84 5
36 85 3
36 86 2
36 91 2
36 94 8
36 97 2
36 99 1
36 102 1
36 105 5
36 106 1
36 108 1
36 111 1
36 112 2
36 118 2
36 127 3
36 128 4
36 132 1
36 133 1
36 142 1
36 143 1
36 145 1
36 146 12
36 149 4
36 156 2
36 166 1
36 171 1
36 172 16
36 173 1
36 174 7
36 175 1
36 177 2
36 178 1
36 181 4
36 182 4
36 185 1
36 191 1
36 192 1
36 193 1
36 201 1
36 202 3
36 203 4
36 205 1
36 206 1
36 214 3
36 217 1
36 222 1
36 224 2
36 234 1
36 240 1
36 251 3
36 259 3
36 260 1
36 262 1
36 264 3
36 279 1
36 287 8
36 296 1
36 313 1
36 314 1
36 341 1
36 343 2
36 351 4
36 354 1
36 358 1
36 360 1
36 407 15
36 410 4
36 418 36
36 420 1
36 428 1
36 430 1
36 435 1
36 440 1
36 444 1
36 447 1
36 472 1
36 486 1
36 493 1
36 506 1
36 507 1
36 508 1
36 511 1
36 520 2
36 535 1
36 538 2
36 555 1
36 559 1
36 578 1
36 580 5
36 649 1
36 687 1
36 693 2
36 697 1
36 706 2
36 791 1
36 826 1
36 882 1
36 886 2
36 902 3
36 906 1
36 911 1
36 919 1
36 923 1
36 956 1
36 994 1
36 1008 1
36 1036 1
36 1060 1
36 1062 1
36 1096 1
36 1104 1
36 1115 1
36 1179 1
36 1228 1
36 1251 1
36 1253 1
36 1256 1
36 1308 1
36 1322 1
36 1338 1
36 1371 1
36 1422 1
36 1432 1
36 1436 1
36 1444 1
36 1449 1
36 1465 1
36 1483 1
36 1516 6
36 1531 1
36 1546 1
36 1547 1
36 1548 1
36 1549 1
36 1550 1
36 1551 1
36 1552 1
36 1553 1
36 1554 2
36 1555 1
36 1556 1
36 1557 1
36 1558 1
36 1559 1
36 1560 1
36 1561 3
36 1562 4
36 1563 3
36 1564 1
36 1565 1
36 1566 1
36 1567 1
36 1568 1
36 1569 1
36 1570 1
36 1571 1
36 1572 1
36 1573 4
36 1574 14
36 1575 1
36 1576 1
36 1577 1
36 1578 1
36 1579 1
37 1 1
37 2 1
37 8 1
37 10 3
37 14 3
37 15 5
37 32 1
37 43 1
37 50 1
37 63 1
37 64 2
37 84 2
37 88 2
37 106 1
37 111 1
37 134 1
37 141 1
37 142 1
37 143 1
37 149 1
37 164 1
37 172 6
37 177 1
37 178 1
37 188 1
37 194 2
37 201 1
37 202 1
37 204 1
37 205 1
37 221 1
37 222 1
37 314 1
37 412 1
37 433 1
37 437 1
37 438 1
37 440 1
37 441 1
37 445 7
37 455 1
37 462 2
37 482 1
37 493 1
37 631 1
37 651 1
37 661 2
37 667 1
37 818 1
37 871 1
37 874 1
37 890 3
37 906 1
37 919 1
37 929 5
37 1013 1
37 1039 1
37 1085 1
37 1149 1
37 1179 1
37 1184 1
37 1225 1
37 1228 1
37 1580 1
37 1581 1
37 1582 1
37 1583 1
37 1584 1
38 1 1
38 3 1
38 10 4
38 14 3
38 15 3
38 35 1
38 50 1
38 84 2
38 85 1
38 94 1
38 105 1
38 106 1
38 111 1
38 126 1
38 138 1
38 142 2
38 143 1
38 155 2
38 162 1
38 164 1
38 172 2
38 173 1
38 178 1
38 181 1
38 182 4
38 189 2
38 191 2
38 201 1
38 205 2
38 210 4
38 222 1
38 232 3
38 233 3
38 248 1
38 262 1
38 267 1
38 269 1
38 288 1
38 290 1
38 345 1
38 360 1
38 368 3
38 388 1
38 391 1
38 402 2
38 425 6
38 437 1
38 462 2
38 482 2
38 483 1
38 519 4
38 535 1
38 596 1
38 651 1
38 676 4
38 707 2
38 711 1
38 720 5
38 733 1
38 826 2
38 861 1
38 872 1
38 888 1
38 916 1
38 951 7
38 1012 2
38 1442 1
38 1585 3
38 1586 1
38 1587 1
38 1588 6
38 1589 1
38 1590 2
38 1591 1
38 1592 1
39 3 2
39 10 6
39 13 1
39 14 3
39 19 1
39 30 1
39 40 2
39 43 1
39 48 2
39 50 1
39 51 1
39 52 1
39 53 3
39 54 1
39 63 4
39 66 1
39 72 3
39 76 1
39 77 5
39 85 10
39 87 1
39 91 1
39 94 1
39 95 1
39 97 1
39 102 1
39 105 1
39 106 1
39 111 1
39 112 1
39 113 1
39 119 1
39 123 2
39 132 1
39 142 2
39 143 1
39 146 5
39 155 1
39 156 2
39 164 1
39 166 2
39 170 1
39 172 2
39 173 1
39 174 4
39 177 1
39 178 1
39 181 3
39 182 8
39 185 1
39 189 1
39 191 1
39 192 1
39 193 2
39 194 1
39 201 1
39 202 1
39 205 1
39 206 1
39 209 1
39 210 1
39 213 1
39 214 2
39 217 3
39 222 1
39 224 2
39 232 2
39 233 6
39 234 1
39 236 1
39 239 1
39 242 1
39 244 1
39 248 2
39 251 1
39 255 1
39 259 2
39 260 4
39 262 3
39 269 1
39 272 1
39 273 8
39 280 2
39 281 1
39 282 2
39 285 2
39 287 6
39 288 1
39 289 1
39 290 6
39 310 1
39 329 1
39 337 1
39 341 3
39 346 6
39 354 1
39 358 1
39 360 1
39 368 1
39 376 1
39 389 1
39 401 1
39 402 3
39 405 4
39 410 1
39 418 3
39 428 1
39 432 1
39 435 1
39 448 1
39 470 1
39 493 1
39 507 1
39 511 1
39 535 2
39 636 2
39 651 1
39 674 1
39 676 1
39 689 1
39 694 1
39 702 1
39 709 2
39 716 1
39 718 3
39 723 1
39 801 1
39 842 2
39 879 1
39 898 1
39 932 1
39 951 1
39 965 1
39 983 1
39 1008 1
39 1048 1
39 1081 1
39 1119 1
39 1156 1
39 1178 1
39 1203 1
39 1264 4
39 1281 1
39 1286 1
39 1299 1
39 1322 1
39 1589 1
39 1593 1
39 1594 1
39 1595 1
39 1596 2
39 1597 9
39 1598 8
39 1599 1
39 1600 1
39 1601 1
39 1602 1
39 1603 2
39 1604 2
39 1605 1
39 1606 1
39 1607 1
39 1608 1
40 3 1
40 10 8
40 14 3
40 15 7
40 18 2
40 19 1
40 32 1
40 40 1
40 48 2
40 52 2
40 53 1
40 54 1
40 66 1
40 72 2
40 74 1
40 77 6
40 84 7
40 85 12
40 87 1
40 91 1
40 94 1
40 96 2
40 102 1
40 105 2
40 106 1
40 108 1
40 109 1
40 112 1
40 123 3
40 124 1
40 132 2
40 136 1
40 139 14
40 145 1
40 146 10
40 148 1
40 149 1
40 154 1
40 155 1
40 156 1
40 160 2
40 164 1
40 166 2
40 170 1
40 171 1
40 172 2
40 173 2
40 174 6
40 175 4
40 177 1
40 181 3
40 182 9
40 189 4
40 191 1
40 192 1
40 193 1
40 194 1
40 201 1
40 202 1
40 205 3
40 206 1
40 210 1
40 212 1
40 213 1
40 214 2
40 217 2
40 220 4
40 222 2
40 224 2
40 225 1
40 227 1
40 232 4
40 233 10
40 234 2
40 248 2
40 251 6
40 255 1
40 256 2
40 260 1
40 273 3
40 279 1
40 281 1
40 285 2
40 286 1
40 296 3
40 321 1
40 329 1
40 337 1
40 349 1
40 354 1
40 358 3
40 360 1
40 368 2
40 371 1
40 388 1
40 391 2
40 402 4
40 405 3
40 407 2
40 423 1
40 425 2
40 435 1
40 437 1
40 452 2
40 467 1
40 470 1
40 482 2
40 488 1
40 490 1
40 492 1
40 506 1
40 507 1
40 533 1
40 535 1
40 553 1
40 564 1
40 590 2
40 636 1
40 676 5
40 707 1
40 709 1
40 716 2
40 718 1
40 723 1
40 725 1
40 748 1
40 812 1
40 816 1
40 836 1
40 839 1
40 879 1
40 886 1
40 890 2
40 893 2
40 913 3
40 951 1
40 1025 1
40 1058 1
40 1060 1
40 1080 1
40 1081 1
40 1104 3
40 1156 1
40 1181 1
40 1213 1
40 1223 1
40 1228 1
40 1281 1
40 1299 1
40 1322 1
40 1402 1
40 1424 1
40 1462 1
40 1546 1
40 1589 1
40 1600 1
40 1606 1
40 1607 1
40 1609 1
40 1610 1
40 1611 1
40 1612 1
40 1613 1
40 1614 2
40 1615 1
40 1616 27
40 1617 1
40 1618 1
40 1619 1
40 1620 1
40 1621 2
40 1622 1
40 1623 2
41 1 1
41 2 1
41 10 3
41 14 3
41 15 1
41 27 3
41 35 3
41 42 1
41 50 1
41 74 3
41 76 1
41 77 1
41 78 1
41 85 5
41 105 1
41 111 1
41 112 1
41 123 13
41 139 1
41 141 2
41 142 1
41 143 1
41 146 1
41 148 1
41 152 1
41 160 2
41 172 4
41 178 1
41 181 3
41 182 5
41 192 1
41 210 1
41 222 3
41 230 1
41 232 1
41 233 2
41 236 2
41 248 1
41 251 3
41 257 1
41 273 4
41 280 1
41 281 1
41 285 1
41 287 1
41 324 1
41 342 2
41 358 2
41 360 3
41 371 1
41 381 1
41 402 4
41 414 6
41 423 2
41 437 2
41 482 2
41 501 1
41 636 4
41 707 2
41 711 1
41 729 1
41 826 1
41 872 2
41 886 1
41 913 2
41 951 1
41 1002 1
41 1134 1
41 1156 3
41 1171 1
41 1179 1
41 1196 2
41 1228 1
41 1281 1
41 1307 1
41 1442 2
41 1557 1
41 1589 1
41 1590 1
41 1620 1
41 1624 2
41 1625 1
41 1626 1
41 1627 1
41 1628 2
41 1629 1
41 1630 1
41 1631 1
42 10 7
42 14 2
42 32 3
42 42 1
42 50 1
42 72 1
42 76 1
42 84 1
42 85 2
42 88 3
42 90 1
42 92 1
42 105 2
42 106 1
42 111 1
42 123 3
42 142 1
42 143 1
42 149 1
42 160 1
42 164 1
42 172 5
42 178 1
42 181 1
42 182 3
42 191 1
42 201 1
42 202 1
42 221 2
42 222 1
42 230 1
42 233 1
42 239 1
42 243 2
42 246 1
42 260 1
42 262 1
42 273 2
42 290 5
42 338 1
42 358 1
42 362 1
42 368 1
42 382 1
42 385 2
42 402 1
42 403 1
42 407 1
42 414 1
42 428 1
42 438 7
42 450 1
42 453 1
42 523 1
42 535 1
42 676 3
42 681 2
42 707 2
42 729 1
42 871 1
42 913 1
42 954 1
42 1156 1
42 1178 1
42 1253 1
42 1281 1
42 1300 1
42 1430 1
42 1487 5
42 1589 1
42 1632 4
43 2 1
43 3 8
43 10 10
43 13 1
43 14 1
43 15 12
43 19 2
43 23 1
43 28 2
43 35 1
43 40 2
43 50 3
43 51 1
43 52 1
43 53 2
43 54 2
43 57 1
43 60 3
43 72 3
43 74 2
43 76 3
43 77 5
43 85 13
43 86 1
43 91 2
43 94 6
43 95 1
43 97 1
43 102 1
43 105 1
43 106 1
43 112 3
43 115 1
43 119 2
43 123 5
43 124 1
43 127 1
43 128 1
43 132 1
43 140 4
43 141 1
43 143 1
43 146 7
43 155 1
43 156 2
43 160 4
43 166 2
43 170 1
43 171 2
43 172 5
43 174 7
43 175 5
43 177 1
43 178 2
43 180 5
43 181 6
43 182 7
43 185 1
43 188 1
43 189 6
43 191 1
43 192 3
43 193 2
43 194 1
43 201 1
43 202 1
43 204 1
43 205 4
43 206 1
43 209 1
43 210 4
43 214 2
43 216 1
43 222 3
43 224 2
43 232 3
43 236 1
43 237 1
43 238 1
43 246 2
43 248 1
43 251 5
43 256 2
43 260 3
43 262 1
43 264 1
43 271 1
43 273 6
43 279 1
43 281 1
43 283 1
43 285 1
43 287 1
43 294 1
43 302 2
43 309 1
43 312 1
43 314 1
43 329 2
43 343 2
43 344 1
43 345 1
43 366 1
43 385 2
43 391 1
43 402 3
43 407 1
43 410 3
43 414 1
43 418 17
43 420 2
43 421 1
43 423 2
43 428 5
43 433 2
43 436 3
43 438 1
43 440 1
43 449 1
43 452 1
43 454 2
43 455 2
43 458 1
43 460 1
43 462 1
43 463 1
43 468 1
43 476 2
43 477 1
43 478 2
43 482 1
43 488 3
43 489 1
43 490 1
43 500 1
43 506 1
43 511 1
43 523 1
43 524 1
43 529 3
43 564 3
43 578 1
43 580 2
43 615 1
43 643 1
43 651 1
43 666 1
43 674 1
43 694 4
43 696 1
43 707 2
43 716 3
43 728 1
43 729 1
43 736 1
43 748 2
43 782 1
43 798 1
43 801 2
43 809 3
43 831 1
43 839 1
43 851 1
43 872 1
43 876 1
43 885 1
43 888 2
43 902 2
43 906 5
43 909 2
43 912 1
43 913 1
43 921 1
43 934 1
43 954 1
43 1048 1
43 1051 1
43 1098 1
43 1104 1
43 1168 1
43 1203 9
43 1204 2
43 1210 1
43 1228 1
43 1281 2
43 1282 1
43 1285 2
43 1291 2
43 1296 1
43 1297 1
43 1303 1
43 1305 3
43 1307 1
43 1312 1
43 1313 1
43 1320 2
43 1322 1
43 1381 1
43 1398 1
43 1418 1
43 1419 1
43 1425 1
43 1428 1
43 1433 1
43 1434 2
43 1438 6
43 1442 1
43 1443 1
43 1463 1
43 1477 1
43 1483 2
43 1589 1
43 1633 2
43 1634 1
43 1635 2
43 1636 1
43 1637 1
43 1638 1
43 1639 1
43 1640 1
43 1641 1
43 1642 1
43 1643 1
43 1644 3
44 14 3
44 15 7
44 16 1
44 28 2
44 35 2
44 40 4
44 41 1
44 50 2
44 53 7
44 54 2
44 57 1
44 64 1
44 72 3
44 77 4
44 84 1
44 85 2
44 91 4
44 92 1
44 97 1
44 102 1
44 106 1
44 112 2
44 127 2
44 142 1
44 146 6
44 156 3
44 158 7
44 166 3
44 171 3
44 172 2
44 178 2
44 181 2
44 189 1
44 193 2
44 195 2
44 198 2
44 199 3
44 200 7
44 201 1
44 202 1
44 203 1
44 204 3
44 205 1
44 206 1
44 207 2
44 209 1
44 210 2
44 214 2
44 216 1
44 217 1
44 221 1
44 222 3
44 224 2
44 228 1
44 232 1
44 233 3
44 234 1
44 236 1
44 237 1
44 239 1
44 241 1
44 242 1
44 245 2
44 246 3
44 250 1
44 251 1
44 252 1
44 253 1
44 256 1
44 257 2
44 260 1
44 269 1
44 272 1
44 273 1
44 280 1
44 283 1
44 299 1
44 303 1
44 306 3
44 310 1
44 330 1
44 337 1
44 357 1
44 359 1
44 360 1
44 371 4
44 374 3
44 375 1
44 379 1
44 382 1
44 387 1
44 389 1
44 390 1
44 403 1
44 407 1
44 409 1
44 418 1
44 437 1
44 466 1
44 475 1
44 490 9
44 491 2
44 500 1
44 507 1
44 580 1
44 628 3
44 671 1
44 674 1
44 679 1
44 682 1
44 684 1
44 686 1
44 704 1
44 707 1
44 716 1
44 718 5
44 732 1
44 738 1
44 744 1
44 774 1
44 782 1
44 790 1
44 844 1
44 930 2
44 1051 1
44 1153 1
44 1203 2
44 1213 2
44 1332 1
44 1369 1
44 1370 1
44 1402 3
44 1413 2
44 1470 1
44 1557 1
44 1624 1
44 1637 1
44 1645 1
44 1646 1
44 1647 1
44 1648 1
44 1649 1
44 1650 1
44 1651 1
44 1652 1
44 1653 1
44 1654 1
44 1655 1
44 1656 1
44 1657 5
44 1658 1
44 1659 1
44 1660 1
44 1661 1
44 1662 1
44 1663 1
44 1664 2
44 1665 1
44 1666 1
44 1667 1
44 1668 1
45 2 1
45 3 1
45 10 4
45 14 1
45 15 3
45 45 1
45 50 1
45 56 1
45 60 11
45 84 7
45 105 2
45 106 1
45 108 1
45 111 1
45 119 1
45 142 2
45 143 1
45 152 1
45 164 1
45 172 1
45 178 2
45 180 1
45 181 1
45 182 2
45 185 1
45 189 2
45 194 1
45 201 1
45 217 1
45 240 1
45 252 1
45 262 1
45 302 1
45 316 1
45 391 1
45 433 1
45 437 1
45 504 2
45 529 2
45 606 1
45 617 1
45 676 1
45 681 1
45 743 1
45 754 2
45 768 1
45 815 1
45 823 1
45 899 1
45 936 1
45 957 1
45 1185 1
45 1211 1
45 1498 1
45 1503 2
45 1590 1
45 1669 1
45 1670 3
45 1671 1
45 1672 1
45 1673 2
45 1674 1
45 1675 1
46 2 3
46 10 4
46 12 2
46 14 3
46 15 8
46 19 1
46 34 2
46 35 3
46 40 2
46 41 1
46 48 4
46 52 1
46 53 4
46 54 2
46 57 1
46 64 1
46 72 2
46 75 1
46 76 1
46 91 1
46 105 1
46 106 1
46 109 2
46 119 1
46 130 1
46 139 8
46 140 1
46 141 2
46 145 1
46 155 1
46 156 1
46 161 2
46 164 1
46 166 2
46 172 5
46 173 1
46 174 4
46 175 1
46 177 1
46 182 2
46 184 1
46 189 1
46 201 1
46 202 2
46 203 1
46 212 1
46 222 5
46 244 5
46 246 4
46 248 1
46 251 4
46 255 1
46 262 1
46 278 1
46 288 1
46 290 1
46 299 1
46 316 1
46 338 1
46 354 1
46 363 2
46 368 1
46 369 1
46 371 2
46 377 2
46 384 1
46 428 1
46 433 2
46 435 2
46 437 1
46 448 1
46 462 5
46 466 1
46 473 1
46 478 2
46 490 2
46 492 1
46 493 1
46 495 2
46 511 1
46 524 2
46 538 1
46 549 1
46 564 1
46 578 1
46 581 1
46 598 1
46 624 1
46 642 1
46 651 1
46 681 3
46 711 1
46 718 2
46 721 21
46 738 1
46 745 2
46 748 3
46 768 1
46 792 3
46 806 4
46 837 1
46 886 1
46 906 1
46 949 1
46 970 1
46 1008 1
46 1025 1
46 1098 1
46 1156 5
46 1208 1
46 1244 1
46 1285 5
46 1302 3
46 1303 1
46 1320 5
46 1385 2
46 1407 2
46 1422 1
46 1540 1
46 1561 1
46 1588 1
46 1676 3
46 1677 1
46 1678 10
46 1679 1
46 1680 1
46 1681 1
46 1682 1
46 1683 1
46 1684 1
46 1685 1
46 1686 1
46 1687 1
46 1688 1
46 1689 2
46 1690 1
46 1691 1
46 1692 1
46 1693 1
46 1694 2
46 1695 1
46 1696 1
46 1697 1
47 10 2
47 12 2
47 14 4
47 26 2
47 40 2
47 41 2
47 48 1
47 52 1
47 53 2
47 54 2
47 55 1
47 57 1
47 70 2
47 72 2
47 75 3
47 76 1
47 84 1
47 91 1
47 105 8
47 106 1
47 139 5
47 140 2
47 141 4
47 143 2
47 145 1
47 155 6
47 156 1
47 158 1
47 162 1
47 172 4
47 174 7
47 175 1
47 176 1
47 177 1
47 181 2
47 182 3
47 189 2
47 191 1
47 194 1
47 202 2
47 203 2
47 209 1
47 212 3
47 216 1
47 222 5
47 230 2
47 235 1
47 244 8
47 246 5
47 251 3
47 262 2
47 263 1
47 266 1
47 278 1
47 284 1
47 285 1
47 288 5
47 290 15
47 319 2
47 344 1
47 346 1
47 363 4
47 366 1
47 368 1
47 369 1
47 371 9
47 377 2
47 382 1
47 384 2
47 385 1
47 401 1
47 428 1
47 433 2
47 435 2
47 437 1
47 448 2
47 462 6
47 466 1
47 478 4
47 490 6
47 492 1
47 493 3
47 495 3
47 507 1
47 511 1
47 524 1
47 535 1
47 538 2
47 549 2
47 564 1
47 581 1
47 624 1
47 628 2
47 642 1
47 650 1
47 651 1
47 652 1
47 681 1
47 684 3
47 686 1
47 692 1
47 709 1
47 718 1
47 721 14
47 736 1
47 738 1
47 748 3
47 756 1
47 761 1
47 768 1
47 783 6
47 786 1
47 792 2
47 806 8
47 826 1
47 837 1
47 922 2
47 970 1
47 981 1
47 1008 1
47 1011 1
47 1025 2
47 1081 1
47 1136 1
47 1156 1
47 1198 1
47 1202 2
47 1244 2
47 1265 1
47 1285 6
47 1302 4
47 1320 6
47 1357 1
47 1402 1
47 1407 2
47 1418 1
47 1528 2
47 1676 2
47 1677 3
47 1678 31
47 1683 1
47 1684 1
47 1688 2
47 1689 1
47 1692 1
47 1694 6
47 1697 3
47 1698 1
47 1699 1
47 1700 1
47 1701 1
47 1702 1
47 1703 1
47 1704 1
47 1705 1
47 1706 1
47 1707 1
47 1708 1
47 1709 1
47 1710 1
47 1711 1
47 1712 1
47 1713 2
47 1714 1
47 1715 2
47 1716 1
47 1717 1
47 1718 1
47 1719 1
47 1720 1
47 1721 1
48 2 3
48 3 2
48 14 3
48 15 3
48 43 1
48 54 1
48 84 1
48 86 1
48 94 3
48 97 1
48 105 1
48 106 1
48 120 1
48 126 2
48 155 7
48 172 4
48 175 2
48 181 1
48 189 6
48 192 1
48 194 1
48 201 1
48 210 1
48 217 1
48 222 1
48 226 1
48 238 1
48 240 1
48 245 1
48 256 7
48 286 1
48 316 1
48 341 1
48 342 1
48 343 1
48 350 1
48 391 1
48 407 1
48 428 1
48 433 2
48 468 2
48 495 1
48 524 1
48 661 1
48 702 1
48 782 2
48 860 1
48 888 1
48 904 1
48 1060 1
48 1069 1
48 1166 1
48 1203 1
48 1232 1
48 1477 3
48 1582 3
48 1584 1
48 1722 1
48 1723 1
48 1724 1
48 1725 1
48 1726 1
48 1727 1
48 1728 1
49 2 1
49 3 1
49 7 1
49 14 4
49 15 1
49 19 1
49 32 1
49 54 1
49 94 1
49 97 1
49 106 1
49 120 1
49 130 1
49 139 1
49 148 1
49 155 6
49 172 3
49 175 2
49 189 7
49 192 1
49 194 1
49 201 1
49 217 1
49 238 1
49 240 1
49 286 1
49 311 1
49 316 1
49 342 1
49 349 1
49 428 1
49 433 2
49 468 2
49 507 1
49 628 8
49 661 1
49 702 1
49 860 1
49 888 1
49 904 1
49 974 1
49 1060 2
49 1166 1
49 1203 1
49 1232 1
49 1477 2
49 1582 2
49 1584 1
49 1722 1
49 1724 1
49 1725 1
49 1726 1
49 1728 1
49 1729 1
49 1730 2
49 1731 1
50 2 2
50 14 1
50 84 1
50 99 1
50 102 1
50 106 1
50 116 2
50 137 2
50 181 3
50 184 1
50 201 1
50 204 1
50 210 2
50 236 2
50 251 5
50 290 7
50 299 2
50 308 1
50 343 1
50 407 1
50 423 1
50 433 3
50 437 1
50 462 1
50 542 2
50 559 1
50 580 1
50 661 1
50 664 1
50 694 1
50 720 1
50 792 3
50 800 1
50 859 1
50 886 2
50 915 1
50 951 12
50 982 1
50 1012 5
50 1093 1
50 1156 5
50 1228 1
50 1303 1
50 1385 1
50 1561 1
50 1576 1
50 1622 1
50 1732 16
50 1733 1
50 1734 2
50 1735 1
50 1736 1
50 1737 1
50 1738 2
50 1739 6
50 1740 3
50 1741 1
51 1 3
51 3 3
51 10 5
51 14 5
51 19 1
51 26 1
51 27 2
51 35 5
51 45 1
51 46 5
51 50 1
51 56 1
51 63 1
51 72 1
51 74 1
51 77 4
51 84 2
51 91 1
51 97 1
51 105 5
51 106 1
51 108 2
51 112 4
51 114 1
51 116 3
51 127 2
51 128 1
51 133 1
51 137 2
51 140 2
51 142 3
51 143 1
51 146 3
51 148 1
51 152 1
51 171 2
51 172 4
51 176 3
51 178 1
51 180 2
51 181 3
51 182 1
51 191 1
51 192 1
51 201 1
51 202 1
51 204 1
51 209 1
51 210 3
51 214 2
51 222 8
51 230 1
51 242 1
51 244 2
51 248 1
51 249 2
51 251 7
51 252 1
51 259 1
51 260 1
51 262 2
51 266 1
51 269 1
51 273 1
51 279 2
51 284 2
51 288 6
51 290 7
51 302 1
51 311 1
51 314 1
51 315 1
51 316 1
51 321 2
51 329 2
51 337 1
51 358 1
51 360 1
51 363 1
51 366 2
51 369 1
51 371 1
51 381 1
51 389 1
51 391 2
51 401 1
51 407 1
51 414 2
51 418 2
51 433 2
51 490 1
51 492 1
51 500 1
51 523 1
51 535 1
51 544 4
51 598 1
51 619 1
51 628 1
51 668 1
51 671 1
51 676 5
51 707 1
51 729 1
51 736 1
51 745 1
51 748 1
51 754 2
51 755 1
51 776 3
51 779 1
51 782 8
51 791 2
51 800 1
51 826 1
51 831 1
51 847 1
51 876 1
51 886 2
51 895 1
51 897 1
51 906 2
51 915 1
51 919 2
51 932 2
51 949 1
51 954 1
51 966 25
51 973 12
51 981 4
51 1000 1
51 1013 2
51 1018 2
51 1114 1
51 1199 2
51 1204 1
51 1207 2
51 1228 1
51 1235 1
51 1276 1
51 1285 3
51 1311 1
51 1348 1
51 1349 2
51 1350 1
51 1357 1
51 1362 1
51 1369 2
51 1376 1
51 1384 1
51 1385 1
51 1402 2
51 1413 2
51 1422 1
51 1432 1
51 1503 1
51 1531 1
51 1561 5
51 1588 8
51 1620 1
51 1672 2
51 1689 4
51 1742 1
51 1743 1
51 1744 1
51 1745 1
51 1746 2
51 1747 1
51 1748 1
51 1749 1
51 1750 1
51 1751 1
51 1752 2
51 1753 1
51 1754 2
51 1755 1
51 1756 6
51 1757 1
51 1758 1
51 1759 2
51 1760 1
52 1 1
52 2 1
52 3 1
52 10 3
52 14 7
52 15 5
52 26 3
52 32 2
52 40 2
52 45 1
52 53 1
52 54 3
52 57 1
52 58 1
52 72 2
52 77 1
52 84 1
52 91 2
52 97 2
52 102 2
52 106 1
52 109 3
52 112 1
52 113 4
52 127 1
52 138 1
52 140 2
52 141 6
52 142 3
52 143 11
52 146 1
52 156 2
52 162 1
52 166 1
52 170 1
52 172 13
52 174 3
52 175 2
52 176 1
52 180 3
52 181 4
52 189 6
52 201 1
52 202 4
52 209 1
52 212 1
52 235 2
52 238 1
52 240 5
52 243 1
52 245 1
52 257 1
52 271 1
52 292 1
52 306 2
52 310 1
52 312 2
52 314 1
52 338 1
52 339 1
52 358 5
52 360 2
52 377 1
52 391 1
52 404 1
52 437 1
52 440 1
52 462 2
52 478 1
52 480 1
52 488 2
52 511 1
52 516 1
52 564 2
52 610 1
52 623 2
52 628 6
52 706 1
52 767 1
52 794 2
52 799 1
52 844 1
52 861 1
52 863 1
52 901 1
52 905 1
52 906 1
52 912 1
52 919 2
52 951 9
52 956 1
52 968 3
52 973 10
52 983 1
52 1079 1
52 1133 1
52 1135 2
52 1137 5
52 1210 1
52 1261 2
52 1369 2
52 1377 1
52 1384 1
52 1399 1
52 1402 2
52 1403 2
52 1408 3
52 1412 2
52 1413 2
52 1414 1
52 1417 1
52 1521 1
52 1527 1
52 1665 1
52 1694 6
52 1761 1
52 1762 1
52 1763 1
52 1764 1
52 1765 1
52 1766 1
52 1767 1
52 1768 1
52 1769 1
52 1770 2
52 1771 1
52 1772 1
52 1773 1
52 1774 2
52 1775 1
52 1776 1
52 1777 1
53 2 1
53 10 1
53 14 1
53 15 3
53 26 2
53 27 1
53 32 1
53 35 4
53 48 2
53 56 1
53 77 2
53 86 1
53 105 2
53 109 1
53 112 1
53 121 1
53 137 1
53 138 1
53 142 2
53 143 1
53 146 1
53 155 2
53 172 6
53 173 2
53 175 1
53 181 1
53 189 4
53 194 1
53 209 1
53 210 23
53 222 1
53 230 2
53 236 2
53 243 1
53 251 8
53 252 1
53 255 1
53 256 2
53 271 4
53 276 1
53 290 6
53 338 1
53 343 1
53 360 1
53 363 1
53 381 1
53 384 1
53 388 1
53 407 1
53 412 1
53 418 2
53 428 1
53 437 2
53 440 2
53 492 3
53 506 1
53 511 1
53 540 1
53 587 1
53 590 1
53 692 1
53 733 1
53 791 1
53 792 3
53 859 1
53 949 1
53 951 3
53 1002 1
53 1186 1
53 1198 1
53 1213 1
53 1224 1
53 1235 2
53 1355 1
53 1358 1
53 1367 1
53 1432 2
53 1530 1
53 1561 2
53 1582 1
53 1588 1
53 1683 1
53 1694 1
53 1739 1
53 1740 7
53 1759 3
53 1778 1
53 1779 1
53 1780 2
53 1781 1
53 1782 1
53 1783 1
53 1784 1
53 1785 1
53 1786 1
53 1787 1
53 1788 1
53 1789 1
53 1790 1
54 2 1
54 10 2
54 14 4
54 15 3
54 50 1
54 54 2
54 76 1
54 84 2
54 105 6
54 106 1
54 111 1
54 113 1
54 142 1
54 143 1
54 172 4
54 178 1
54 181 2
54 201 1
54 227 1
54 238 1
54 266 1
54 341 2
54 382 1
54 407 3
54 418 6
54 430 1
54 437 1
54 794 1
54 1120 1
54 1210 1
54 1228 1
54 1259 1
54 1444 5
54 1468 1
54 1475 1
54 1482 1
54 1566 1
54 1574 1
54 1725 3
55 1 4
55 2 1
55 3 1
55 10 5
55 14 6
55 15 12
55 16 2
55 19 1
55 25 1
55 28 2
55 40 3
55 42 4
55 48 1
55 49 4
55 50 3
55 52 1
55 53 2
55 54 3
55 57 1
55 61 1
55 72 2
55 76 2
55 77 2
55 84 1
55 85 9
55 87 1
55 91 1
55 94 1
55 95 1
55 106 1
55 109 3
55 112 1
55 114 1
55 118 1
55 121 1
55 123 1
55 127 2
55 128 1
55 130 1
55 132 1
55 133 1
55 139 5
55 143 2
55 145 2
55 146 4
55 148 1
55 155 1
55 156 1
55 158 3
55 160 1
55 161 1
55 163 1
55 164 1
55 166 3
55 170 2
55 171 5
55 172 7
55 174 8
55 175 1
55 177 1
55 178 3
55 181 7
55 182 4
55 183 1
55 184 1
55 189 3
55 191 1
55 193 1
55 194 2
55 201 1
55 205 21
55 206 1
55 210 1
55 214 1
55 217 1
55 220 2
55 224 2
55 230 1
55 232 2
55 233 9
55 236 1
55 237 1
55 241 1
55 246 3
55 258 1
55 259 4
55 260 1
55 262 1
55 273 2
55 283 1
55 285 1
55 299 1
55 305 1
55 314 2
55 316 1
55 321 1
55 329 4
55 335 1
55 342 1
55 343 1
55 345 2
55 354 1
55 358 3
55 371 4
55 385 1
55 391 2
55 402 1
55 410 4
55 412 1
55 418 1
55 428 1
55 433 3
55 437 1
55 438 1
55 449 1
55 454 1
55 463 2
55 480 1
55 487 1
55 490 1
55 491 1
55 492 1
55 496 2
55 507 1
55 530 1
55 538 1
55 554 1
55 563 1
55 564 1
55 651 1
55 676 1
55 689 1
55 691 1
55 693 2
55 716 7
55 718 1
55 734 1
55 748 1
55 780 1
55 782 1
55 790 1
55 806 1
55 813 1
55 814 2
55 820 1
55 836 4
55 845 1
55 858 1
55 860 2
55 867 1
55 868 1
55 882 1
55 883 1
55 884 1
55 889 1
55 906 2
55 910 1
55 923 1
55 927 1
55 942 1
55 951 1
55 969 1
55 973 1
55 1027 1
55 1039 1
55 1088 1
55 1093 1
55 1119 1
55 1148 1
55 1187 1
55 1198 1
55 1213 1
55 1227 1
55 1241 1
55 1282 2
55 1286 1
55 1311 1
55 1313 1
55 1423 1
55 1449 1
55 1471 2
55 1480 1
55 1566 1
55 1567 1
55 1577 1
55 1587 12
55 1616 4
55 1633 2
55 1641 1
55 1644 1
55 1670 1
55 1696 1
55 1791 1
55 1792 2
55 1793 2
55 1794 1
55 1795 1
55 1796 1
55 1797 1
55 1798 1
55 1799 1
55 1800 1
55 1801 1
55 1802 1
55 1803 1
55 1804 1
55 1805 1
55 1806 1
55 1807 2
55 1808 1
55 1809 1
55 1810 1
55 1811 3
55 1812 1
55 1813 1
55 1814 1
55 1815 1
55 1816 1
55 1817 1
55 1818 1
55 1819 1
56 3 1
56 10 1
56 14 4
56 15 1
56 23 2
56 26 1
56 35 3
56 37 2
56 41 1
56 45 1
56 48 1
56 50 1
56 53 1
56 56 1
56 75 1
56 95 1
56 105 2
56 106 1
56 108 1
56 111 1
56 130 1
56 141 1
56 142 1
56 143 8
56 148 1
56 161 1
56 164 1
56 171 2
56 172 6
56 173 1
56 174 1
56 178 3
56 182 2
56 201 1
56 221 2
56 222 1
56 252 1
56 286 1
56 290 4
56 319 1
56 341 8
56 343 1
56 345 1
56 377 1
56 383 1
56 407 1
56 418 8
56 423 1
56 433 5
56 435 1
56 437 1
56 440 1
56 483 1
56 488 1
56 493 1
56 495 1
56 507 1
56 518 1
56 535 1
56 538 1
56 560 1
56 598 3
56 651 1
56 661 1
56 691 1
56 726 3
56 744 1
56 876 1
56 898 1
56 902 1
56 981 1
56 1014 1
56 1048 1
56 1089 1
56 1137 1
56 1169 1
56 1211 1
56 1226 1
56 1228 1
56 1232 1
56 1259 1
56 1323 1
56 1477 2
56 1483 1
56 1620 1
56 1670 1
56 1702 1
56 1809 1
56 1820 2
56 1821 1
56 1822 1
56 1823 1
56 1824 1
56 1825 2
56 1826 1
56 1827 1
56 1828 1
56 1829 1
56 1830 1
56 1831 1
56 1832 1
57 3 1
57 6 1
57 12 2
57 13 1
57 14 7
57 28 1
57 34 2
57 50 1
57 60 1
57 66 1
57 73 1
57 77 1
57 93 1
57 108 1
57 111 1
57 142 1
57 143 3
57 146 4
57 172 1
57 178 1
57 181 2
57 182 1
57 194 3
57 210 3
57 212 1
57 222 1
57 236 1
57 250 1
57 290 4
57 296 4
57 343 1
57 358 1
57 389 1
57 418 1
57 435 1
57 437 2
57 486 1
57 534 1
57 535 1
57 542 1
57 559 1
57 574 2
57 580 1
57 650 2
57 652 1
57 667 1
57 687 1
57 728 1
57 730 1
57 769 1
57 791 1
57 792 1
57 886 5
57 910 2
57 951 7
57 1071 1
57 1081 1
57 1086 2
57 1088 11
57 1104 1
57 1224 1
57 1437 1
57 1738 1
57 1740 5
57 1778 2
57 1833 1
57 1834 1
57 1835 1
57 1836 1
57 1837 1
57 1838 1
57 1839 1
58 10 1
58 14 2
58 15 4
58 32 3
58 35 8
58 50 1
58 53 1
58 60 1
58 77 1
58 85 8
58 99 1
58 102 1
58 111 1
58 120 2
58 142 1
58 143 1
58 148 1
58 161 1
58 168 1
58 172 5
58 178 2
58 181 2
58 182 2
58 188 1
58 194 1
58 202 2
58 222 1
58 249 4
58 282 2
58 302 1
58 311 1
58 313 1
58 330 2
58 338 1
58 343 1
58 358 2
58 360 1
58 401 2
58 402 1
58 403 1
58 418 1
58 437 1
58 486 1
58 556 1
58 580 1
58 636 2
58 667 1
58 704 1
58 707 1
58 711 1
58 716 1
58 729 1
58 786 1
58 802 1
58 832 1
58 876 1
58 898 1
58 900 1
58 905 2
58 919 4
58 932 1
58 1052 1
58 1099 1
58 1104 1
58 1156 1
58 1175 1
58 1256 1
58 1264 2
58 1281 1
58 1301 1
58 1729 1
58 1840 1
58 1841 1
58 1842 1
58 1843 1
58 1844 1
59 10 2
59 14 2
59 18 1
59 32 1
59 50 1
59 77 1
59 109 1
59 111 1
59 112 1
59 141 1
59 142 1
59 143 5
59 146 1
59 178 2
59 181 2
59 182 1
59 193 1
59 202 1
59 205 1
59 206 1
59 224 2
59 246 1
59 252 1
59 290 3
59 316 1
59 341 3
59 390 1
59 418 1
59 426 1
59 437 2
59 492 1
59 520 1
59 544 1
59 555 1
59 891 1
59 922 1
59 1081 1
59 1164 1
59 1169 1
59 1203 1
59 1205 1
59 1224 1
59 1382 1
59 1384 1
59 1390 1
59 1740 2
59 1845 1
59 1846 1
59 1847 1
60 2 1
60 10 6
60 14 1
60 43 1
60 51 2
60 53 1
60 56 1
60 58 1
60 79 1
60 84 6
60 106 1
60 108 1
60 113 1
60 127 1
60 140 1
60 143 1
60 149 5
60 160 1
60 172 1
60 175 1
60 181 1
60 189 2
60 201 1
60 209 1
60 210 3
60 214 1
60 222 1
60 240 2
60 252 1
60 260 1
60 269 1
60 290 6
60 341 1
60 345 1
60 360 1
60 369 1
60 377 2
60 385 1
60 418 10
60 426 1
60 437 2
60 511 1
60 564 1
60 625 2
60 631 1
60 702 2
60 721 2
60 743 1
60 755 1
60 874 1
60 895 1
60 919 1
60 923 1
60 1141 1
60 1244 1
60 1336 1
60 1349 1
60 1358 1
60 1411 1
60 1444 8
60 1482 1
60 1707 1
60 1744 1
60 1848 2
60 1849 1
60 1850 1
60 1851 1
61 2 2
61 3 1
61 14 5
61 35 4
61 77 1
61 84 2
61 106 1
61 109 1
61 114 1
61 126 1
61 130 1
61 142 2
61 146 1
61 149 1
61 160 1
61 161 1
61 164 1
61 172 1
61 175 1
61 176 1
61 209 1
61 210 3
61 252 1
61 260 2
61 290 7
61 313 1
61 341 1
61 437 5
61 467 1
61 474 1
61 481 1
61 492 3
61 499 1
61 502 1
61 533 4
61 535 1
61 541 3
61 542 3
61 563 1
61 756 1
61 792 2
61 800 1
61 851 1
61 886 1
61 997 1
61 1203 1
61 1222 1
61 1235 1
61 1244 1
61 1247 1
61 1336 1
61 1685 1
61 1739 2
61 1852 1
61 1853 1
61 1854 2
61 1855 1
61 1856 1
61 1857 1
61 1858 1
62 10 2
62 14 3
62 24 1
62 25 1
62 48 2
62 75 1
62 77 1
62 84 3
62 86 1
62 91 4
62 97 2
62 105 1
62 106 1
62 109 16
62 114 2
62 115 2
62 119 1
62 126 2
62 138 2
62 144 1
62 146 1
62 149 1
62 152 1
62 154 1
62 156 1
62 157 1
62 172 5
62 173 1
62 175 2
62 176 8
62 187 1
62 192 1
62 194 1
62 201 1
62 210 1
62 214 1
62 216 1
62 260 1
62 266 1
62 269 1
62 271 1
62 290 6
62 313 1
62 334 1
62 437 1
62 444 1
62 491 1
62 492 3
62 520 1
62 523 1
62 524 1
62 533 4
62 535 1
62 553 1
62 603 1
62 728 1
62 736 1
62 792 1
62 800 1
62 822 1
62 868 1
62 871 1
62 1004 1
62 1012 2
62 1054 1
62 1057 1
62 1115 1
62 1135 1
62 1210 1
62 1241 1
62 1249 1
62 1256 1
62 1271 1
62 1538 1
62 1678 1
62 1694 1
62 1738 1
62 1857 1
62 1859 1
62 1860 1
62 1861 1
62 1862 1
62 1863 1
62 1864 1
62 1865 1
62 1866 1
62 1867 1
62 1868 1
62 1869 2
62 1870 2
62 1871 1
63 2 1
63 3 5
63 10 7
63 14 2
63 15 1
63 18 1
63 23 7
63 27 1
63 32 1
63 48 8
63 50 1
63 51 3
63 53 1
63 56 1
63 58 2
63 63 1
63 72 3
63 73 1
63 75 1
63 77 2
63 91 3
63 92 13
63 94 2
63 97 1
63 101 1
63 102 1
63 105 1
63 106 1
63 112 1
63 113 1
63 119 1
63 126 1
63 128 1
63 133 1
63 146 3
63 156 3
63 171 1
63 172 2
63 173 1
63 174 2
63 181 2
63 188 1
63 191 2
63 193 2
63 194 1
63 203 1
63 204 4
63 205 1
63 206 1
63 222 1
63 224 2
63 232 1
63 236 2
63 246 2
63 248 1
63 249 1
63 251 2
63 288 2
63 290 4
63 299 1
63 311 1
63 343 1
63 354 3
63 363 5
63 364 1
63 366 2
63 371 1
63 382 1
63 383 1
63 385 1
63 389 1
63 418 2
63 420 2
63 423 5
63 428 1
63 437 1
63 448 2
63 493 2
63 509 1
63 544 1
63 636 1
63 673 2
63 674 3
63 692 1
63 700 1
63 702 3
63 704 1
63 707 2
63 756 1
63 786 2
63 793 1
63 800 1
63 826 2
63 886 1
63 906 3
63 950 1
63 970 1
63 1058 2
63 1060 1
63 1120 1
63 1181 2
63 1203 3
63 1222 1
63 1244 1
63 1304 1
63 1322 1
63 1344 1
63 1348 1
63 1430 3
63 1438 1
63 1505 1
63 1561 1
63 1564 1
63 1573 1
63 1574 1
63 1576 1
63 1872 1
63 1873 1
63 1874 1
63 1875 1
63 1876 1
63 1877 1
63 1878 4
63 1879 1
63 1880 1
63 1881 1
63 1882 1
64 3 3
64 10 4
64 14 15
64 15 2
64 19 1
64 21 2
64 28 1
64 32 1
64 35 1
64 40 4
64 53 1
64 54 3
64 56 1
64 66 2
64 70 2
64 72 1
64 77 3
64 78 2
64 91 1
64 95 3
64 97 1
64 102 4
64 105 1
64 106 1
64 109 2
64 113 1
64 115 3
64 121 1
64 124 1
64 126 1
64 139 1
64 142 2
64 143 1
64 146 5
64 153 1
64 160 1
64 161 1
64 171 13
64 172 2
64 174 11
64 175 5
64 177 3
64 178 1
64 181 5
64 182 8
64 184 1
64 191 4
64 192 2
64 194 3
64 209 2
64 213 1
64 214 1
64 216 1
64 217 7
64 226 2
64 239 3
64 240 1
64 241 1
64 242 6
64 251 1
64 260 1
64 266 1
64 267 1
64 274 2
64 287 1
64 296 8
64 299 6
64 305 3
64 317 1
64 319 1
64 320 2
64 321 1
64 326 1
64 342 1
64 343 1
64 345 1
64 371 1
64 381 1
64 389 1
64 402 1
64 407 1
64 410 1
64 413 1
64 433 1
64 437 1
64 438 1
64 449 29
64 460 1
64 467 1
64 470 1
64 480 7
64 481 1
64 490 1
64 500 1
64 518 2
64 530 1
64 533 2
64 535 1
64 574 1
64 580 1
64 616 7
64 628 1
64 649 1
64 651 1
64 661 3
64 667 1
64 690 1
64 706 1
64 709 1
64 748 2
64 773 1
64 782 1
64 786 1
64 790 1
64 794 4
64 798 1
64 800 1
64 806 1
64 814 1
64 908 1
64 911 3
64 965 1
64 1031 2
64 1047 21
64 1071 2
64 1089 1
64 1093 1
64 1101 1
64 1105 2
64 1129 1
64 1131 4
64 1140 1
64 1213 1
64 1223 1
64 1264 1
64 1302 1
64 1389 2
64 1431 4
64 1434 1
64 1443 1
64 1449 1
64 1455 1
64 1518 1
64 1521 2
64 1557 1
64 1621 9
64 1633 3
64 1639 1
64 1670 1
64 1700 2
64 1720 1
64 1729 1
64 1777 8
64 1833 1
64 1857 1
64 1883 1
64 1884 1
64 1885 1
64 1886 1
64 1887 1
64 1888 1
64 1889 5
64 1890 1
64 1891 1
64 1892 1
64 1893 1
64 1894 1
64 1895 1
64 1896 1
64 1897 1
64 1898 2
64 1899 1
64 1900 1
64 1901 1
64 1902 1
64 1903 1
64 1904 1
