%%MatrixMarket matrix coordinate real general
27 1385 4016                                      
1 1 1
1 2 1
1 3 20
1 4 2
1 5 4
1 6 3
1 7 4
1 8 3
1 9 1
1 10 8
1 11 1
1 12 4
1 13 1
1 14 3
1 15 8
1 16 2
1 17 1
1 18 1
1 19 2
1 20 1
1 21 3
1 22 1
1 23 1
1 24 1
1 25 1
1 26 1
1 27 1
1 28 1
1 29 1
1 30 1
1 31 3
1 32 1
1 33 1
1 34 2
1 35 3
1 36 1
1 37 2
1 38 1
1 39 1
1 40 1
1 41 1
1 42 3
1 43 1
1 44 2
1 45 1
1 46 1
1 47 1
1 48 1
1 49 3
1 50 1
1 51 1
1 52 3
1 53 2
1 54 1
1 55 1
1 56 1
1 57 2
1 58 1
1 59 1
1 60 1
1 61 1
1 62 1
1 63 1
1 64 2
1 65 2
1 66 2
1 67 6
1 68 1
1 69 1
1 70 1
1 71 2
1 72 1
1 73 3
1 74 1
1 75 3
1 76 1
1 77 1
1 78 1
1 79 1
1 80 1
1 81 1
1 82 1
1 83 2
1 84 1
1 85 1
1 86 1
1 87 1
1 88 2
1 89 1
1 90 1
1 91 2
1 92 1
1 93 1
1 94 2
1 95 1
1 96 1
1 97 1
1 98 1
1 99 1
1 100 1
1 101 1
1 102 1
1 103 1
1 104 1
1 105 4
1 106 1
1 107 1
1 108 4
1 109 1
1 110 1
1 111 2
1 112 1
1 113 1
1 114 1
1 115 1
1 116 2
1 117 1
1 118 1
1 119 1
1 120 1
1 121 1
1 122 1
1 123 3
1 124 1
1 125 1
1 126 1
1 127 4
1 128 2
1 129 2
1 130 1
1 131 3
1 132 1
1 133 1
1 134 1
1 135 1
1 136 3
1 137 1
1 138 2
1 139 1
1 140 2
1 141 1
1 142 1
1 143 1
1 144 2
1 145 1
1 146 1
1 147 10
1 148 2
1 149 1
1 150 3
1 151 1
1 152 2
1 153 1
1 154 1
1 155 5
1 156 2
1 157 1
1 158 1
1 159 1
1 160 2
1 161 1
1 162 1
1 163 1
1 164 1
1 165 1
1 166 1
1 167 1
1 168 1
1 169 1
1 170 2
1 171 1
1 172 1
1 173 2
1 174 2
1 175 1
1 176 1
1 177 1
1 178 6
1 179 1
1 180 1
1 181 2
1 182 1
1 183 1
1 184 3
1 185 1
1 186 7
1 187 1
1 188 2
1 189 1
1 190 1
1 191 1
1 192 2
1 193 5
2 3 2
2 10 3
2 12 1
2 14 5
2 15 6
2 26 1
2 30 3
2 34 1
2 37 4
2 42 3
2 47 2
2 51 1
2 52 14
2 53 1
2 55 1
2 56 2
2 57 1
2 58 3
2 59 1
2 60 2
2 69 1
2 75 4
2 80 5
2 87 1
2 88 1
2 94 3
2 95 1
2 100 1
2 108 1
2 110 1
2 116 1
2 117 1
2 130 1
2 131 1
2 134 1
2 140 1
2 146 1
2 150 9
2 160 3
2 162 2
2 170 1
2 175 1
2 176 2
2 177 1
2 179 1
2 181 2
2 185 3
2 186 3
2 194 1
2 195 1
2 196 2
2 197 1
2 198 1
2 199 1
2 200 1
2 201 1
2 202 16
2 203 2
2 204 3
2 205 4
2 206 3
2 207 1
2 208 1
2 209 1
2 210 1
2 211 1
2 212 1
2 213 2
2 214 2
2 215 1
2 216 1
2 217 1
2 218 2
2 219 1
2 220 1
2 221 2
2 222 1
2 223 2
2 224 1
2 225 1
2 226 1
2 227 1
2 228 2
2 229 1
2 230 1
2 231 2
2 232 1
2 233 1
2 234 2
2 235 1
2 236 1
2 237 2
2 238 1
2 239 1
2 240 1
2 241 2
2 242 1
2 243 1
2 244 1
2 245 1
2 246 1
2 247 1
2 248 1
2 249 1
2 250 1
2 251 1
2 252 14
2 253 1
2 254 1
2 255 1
2 256 1
2 257 1
2 258 1
2 259 1
2 260 1
2 261 1
2 262 1
2 263 1
2 264 1
2 265 1
2 266 1
2 267 1
2 268 1
2 269 1
2 270 1
2 271 1
2 272 1
2 273 1
2 274 2
2 275 1
2 276 1
2 277 1
2 278 2
2 279 1
2 280 16
2 281 1
2 282 1
2 283 3
2 284 1
2 285 1
3 1 1
3 2 1
3 3 2
3 10 4
3 14 7
3 25 1
3 26 1
3 28 3
3 30 3
3 34 2
3 37 3
3 42 5
3 43 1
3 48 1
3 51 1
3 53 2
3 54 5
3 55 1
3 56 4
3 57 2
3 61 1
3 66 2
3 67 1
3 69 1
3 75 4
3 79 3
3 80 3
3 88 6
3 94 4
3 100 1
3 105 1
3 108 2
3 109 1
3 110 1
3 112 1
3 115 1
3 116 1
3 127 1
3 131 3
3 136 1
3 137 1
3 144 1
3 146 4
3 147 2
3 149 1
3 150 7
3 152 2
3 156 1
3 160 4
3 162 5
3 168 1
3 170 3
3 175 5
3 176 10
3 177 2
3 179 1
3 182 1
3 184 1
3 185 1
3 186 4
3 192 1
3 193 4
3 195 1
3 196 1
3 197 1
3 198 2
3 200 4
3 201 2
3 202 22
3 203 3
3 204 7
3 205 7
3 206 2
3 207 2
3 210 5
3 212 2
3 221 2
3 222 3
3 223 2
3 227 1
3 231 5
3 232 1
3 235 1
3 236 1
3 237 1
3 238 1
3 240 1
3 241 2
3 244 2
3 252 15
3 253 1
3 255 1
3 257 3
3 258 1
3 259 1
3 262 1
3 267 1
3 268 2
3 269 1
3 270 1
3 275 1
3 277 1
3 280 1
3 281 1
3 283 1
3 285 1
3 286 1
3 287 1
3 288 16
3 289 1
3 290 1
3 291 1
3 292 1
3 293 3
3 294 1
3 295 1
3 296 1
3 297 1
3 298 1
3 299 2
3 300 1
3 301 1
3 302 1
3 303 1
3 304 1
3 305 2
3 306 1
3 307 1
3 308 1
3 309 4
3 310 1
3 311 1
3 312 2
3 313 1
3 314 1
3 315 2
3 316 1
3 317 1
3 318 1
3 319 1
3 320 1
3 321 1
3 322 1
3 323 1
3 324 1
3 325 1
3 326 1
3 327 1
3 328 1
3 329 1
3 330 1
3 331 1
3 332 1
3 333 1
3 334 2
3 335 1
3 336 2
3 337 1
3 338 1
3 339 1
3 340 2
3 341 1
3 342 2
3 343 1
3 344 1
3 345 2
3 346 1
3 347 1
3 348 4
3 349 1
3 350 1
3 351 3
3 352 1
3 353 1
3 354 1
3 355 1
3 356 1
3 357 1
3 358 1
3 359 1
3 360 1
3 361 2
3 362 1
3 363 2
3 364 1
3 365 1
3 366 2
3 367 1
3 368 1
3 369 3
3 370 1
3 371 1
3 372 2
3 373 1
3 374 1
3 375 1
3 376 1
3 377 1
3 378 1
3 379 1
3 380 1
3 381 1
3 382 1
3 383 1
3 384 1
3 385 1
3 386 1
3 387 1
4 2 1
4 3 2
4 10 3
4 14 3
4 15 8
4 22 1
4 24 1
4 26 1
4 28 1
4 30 2
4 41 2
4 42 3
4 50 1
4 51 1
4 53 7
4 54 2
4 57 3
4 60 1
4 63 3
4 67 1
4 75 2
4 77 3
4 79 1
4 80 2
4 87 1
4 88 4
4 94 1
4 96 1
4 97 5
4 108 3
4 109 2
4 110 1
4 112 3
4 115 1
4 116 3
4 120 1
4 123 1
4 127 2
4 128 1
4 144 2
4 145 2
4 146 2
4 147 1
4 149 1
4 150 4
4 153 1
4 156 1
4 160 1
4 164 3
4 165 1
4 167 1
4 170 2
4 176 1
4 177 2
4 178 4
4 179 4
4 181 1
4 182 2
4 184 3
4 186 4
4 190 1
4 193 11
4 195 2
4 197 1
4 205 3
4 206 4
4 212 1
4 214 1
4 217 5
4 219 3
4 223 2
4 225 1
4 229 1
4 231 3
4 232 5
4 235 1
4 236 1
4 238 1
4 243 1
4 245 1
4 253 1
4 254 3
4 258 1
4 259 2
4 262 1
4 271 2
4 272 2
4 284 1
4 293 1
4 313 1
4 318 9
4 340 1
4 341 2
4 342 3
4 353 1
4 369 21
4 388 1
4 389 1
4 390 1
4 391 2
4 392 1
4 393 1
4 394 1
4 395 1
4 396 1
4 397 1
4 398 2
4 399 1
4 400 1
4 401 1
4 402 1
4 403 3
4 404 1
4 405 1
4 406 1
4 407 10
4 408 2
4 409 1
4 410 1
4 411 1
4 412 1
4 413 1
4 414 2
4 415 1
4 416 10
4 417 1
4 418 2
4 419 2
4 420 1
4 421 2
4 422 1
4 423 3
4 424 1
4 425 5
4 426 14
4 427 1
4 428 1
4 429 1
4 430 1
4 431 1
4 432 1
4 433 3
4 434 2
4 435 1
4 436 1
4 437 1
4 438 1
4 439 1
4 440 1
4 441 1
4 442 1
4 443 2
4 444 1
4 445 1
4 446 1
4 447 1
4 448 1
4 449 1
4 450 1
4 451 1
4 452 1
4 453 1
4 454 1
4 455 2
4 456 1
4 457 1
4 458 1
4 459 1
4 460 1
4 461 1
4 462 1
4 463 1
4 464 9
4 465 1
4 466 1
4 467 3
4 468 1
4 469 1
4 470 1
4 471 1
4 472 1
4 473 1
4 474 2
4 475 1
4 476 1
4 477 1
5 1 1
5 3 4
5 6 1
5 10 4
5 11 1
5 14 3
5 15 11
5 26 1
5 27 8
5 29 1
5 30 1
5 34 1
5 39 1
5 41 1
5 42 4
5 55 2
5 56 2
5 57 1
5 61 1
5 63 1
5 69 1
5 75 2
5 79 1
5 80 4
5 82 1
5 87 2
5 94 1
5 100 1
5 102 1
5 110 1
5 112 1
5 113 3
5 125 1
5 131 2
5 141 1
5 145 1
5 146 1
5 150 6
5 160 1
5 161 1
5 165 1
5 170 2
5 173 1
5 175 7
5 176 10
5 178 1
5 179 4
5 180 5
5 185 12
5 186 2
5 188 1
5 189 1
5 197 1
5 209 1
5 214 2
5 216 1
5 225 2
5 228 1
5 229 4
5 233 2
5 241 2
5 245 2
5 250 2
5 258 1
5 277 1
5 315 3
5 325 1
5 326 2
5 336 1
5 342 1
5 367 2
5 369 7
5 380 1
5 381 1
5 406 1
5 411 1
5 433 1
5 436 2
5 442 1
5 458 1
5 464 2
5 478 3
5 479 1
5 480 1
5 481 1
5 482 2
5 483 1
5 484 1
5 485 2
5 486 1
5 487 3
5 488 3
5 489 2
5 490 5
5 491 1
5 492 1
5 493 2
5 494 3
5 495 1
5 496 1
5 497 2
5 498 1
5 499 1
5 500 1
5 501 1
5 502 2
5 503 1
5 504 1
5 505 1
5 506 2
5 507 2
5 508 5
5 509 1
5 510 3
5 511 1
5 512 2
5 513 1
5 514 1
5 515 1
5 516 1
5 517 6
5 518 1
5 519 1
5 520 2
5 521 1
5 522 2
5 523 1
5 524 1
5 525 1
5 526 1
5 527 1
5 528 12
5 529 15
5 530 2
5 531 4
5 532 2
5 533 1
5 534 1
5 535 1
5 536 1
5 537 6
5 538 3
5 539 1
5 540 1
5 541 1
5 542 1
5 543 1
5 544 4
5 545 1
5 546 1
5 547 15
5 548 1
5 549 1
5 550 2
5 551 1
6 1 1
6 3 1
6 6 9
6 10 1
6 14 4
6 16 3
6 25 3
6 26 1
6 30 1
6 34 8
6 42 3
6 48 1
6 49 2
6 51 1
6 53 3
6 55 1
6 56 2
6 63 1
6 67 2
6 69 1
6 75 2
6 80 4
6 94 2
6 97 2
6 102 1
6 108 1
6 110 1
6 115 1
6 131 1
6 137 1
6 146 1
6 147 1
6 150 6
6 153 1
6 159 10
6 160 1
6 168 1
6 170 3
6 175 10
6 176 9
6 177 1
6 178 9
6 181 1
6 182 1
6 184 2
6 185 4
6 186 3
6 191 1
6 193 2
6 195 1
6 209 1
6 210 1
6 212 7
6 214 2
6 242 1
6 245 10
6 246 1
6 250 1
6 253 1
6 254 12
6 255 1
6 256 2
6 258 2
6 264 1
6 272 2
6 275 1
6 276 1
6 277 1
6 288 11
6 298 1
6 312 1
6 339 1
6 341 1
6 342 1
6 358 1
6 384 2
6 387 1
6 397 1
6 406 1
6 410 1
6 416 1
6 418 1
6 424 1
6 428 1
6 435 1
6 442 1
6 459 2
6 460 1
6 470 2
6 475 1
6 478 2
6 479 1
6 488 1
6 489 1
6 492 1
6 502 2
6 506 3
6 514 3
6 515 5
6 517 2
6 528 3
6 533 1
6 534 1
6 536 4
6 538 3
6 547 30
6 552 1
6 553 1
6 554 3
6 555 5
6 556 1
6 557 2
6 558 2
6 559 4
6 560 1
6 561 1
6 562 6
6 563 8
6 564 1
6 565 1
6 566 8
6 567 1
6 568 3
6 569 10
6 570 3
6 571 1
6 572 1
6 573 1
6 574 1
6 575 2
6 576 1
6 577 1
6 578 1
6 579 1
6 580 1
6 581 3
6 582 1
6 583 3
6 584 1
6 585 2
6 586 2
6 587 2
6 588 3
6 589 1
6 590 2
6 591 3
6 592 1
6 593 1
6 594 3
6 595 1
6 596 1
6 597 6
6 598 1
6 599 1
6 600 1
6 601 1
6 602 1
6 603 1
6 604 5
6 605 1
6 606 1
6 607 1
6 608 3
6 609 1
6 610 1
6 611 3
6 612 1
6 613 1
6 614 1
6 615 1
6 616 1
6 617 1
6 618 1
6 619 2
6 620 1
6 621 1
6 622 2
6 623 1
6 624 2
6 625 3
6 626 1
6 627 4
6 628 1
6 629 1
6 630 2
6 631 1
6 632 1
6 633 1
6 634 1
6 635 1
6 636 1
6 637 1
6 638 3
6 639 4
6 640 1
6 641 1
6 642 7
6 643 1
6 644 1
6 645 1
6 646 1
6 647 2
6 648 1
7 1 2
7 2 1
7 3 5
7 4 1
7 10 1
7 14 7
7 15 8
7 26 1
7 28 1
7 30 3
7 34 7
7 37 3
7 42 3
7 45 1
7 48 1
7 53 8
7 54 1
7 55 1
7 56 3
7 57 1
7 60 6
7 61 1
7 67 11
7 69 1
7 71 1
7 75 4
7 79 1
7 80 4
7 81 1
7 88 3
7 91 1
7 94 3
7 105 2
7 107 1
7 110 1
7 112 4
7 115 1
7 116 1
7 131 1
7 134 1
7 136 1
7 137 8
7 146 1
7 147 1
7 149 4
7 150 8
7 152 2
7 156 1
7 159 1
7 160 1
7 168 3
7 170 2
7 175 9
7 176 3
7 178 4
7 182 2
7 185 7
7 186 6
7 192 2
7 193 6
7 195 2
7 197 3
7 203 1
7 205 6
7 206 2
7 209 2
7 210 3
7 212 3
7 214 2
7 223 2
7 225 1
7 229 2
7 231 2
7 232 2
7 235 1
7 236 1
7 241 3
7 242 1
7 243 10
7 245 1
7 246 1
7 250 1
7 254 8
7 255 1
7 256 5
7 258 1
7 262 1
7 265 1
7 276 5
7 278 3
7 281 1
7 283 1
7 285 1
7 298 2
7 301 1
7 308 1
7 311 1
7 318 1
7 335 1
7 336 1
7 338 3
7 339 1
7 340 1
7 342 1
7 352 1
7 358 1
7 367 1
7 387 1
7 396 1
7 406 2
7 412 1
7 428 1
7 435 2
7 436 1
7 458 5
7 459 6
7 480 3
7 491 3
7 498 2
7 502 1
7 516 3
7 521 2
7 547 5
7 558 1
7 562 6
7 572 1
7 579 1
7 597 1
7 616 1
7 649 1
7 650 1
7 651 1
7 652 2
7 653 1
7 654 1
7 655 1
7 656 1
7 657 2
7 658 1
7 659 1
7 660 1
7 661 1
7 662 1
7 663 1
7 664 1
7 665 1
7 666 1
7 667 1
7 668 1
7 669 1
7 670 1
7 671 1
7 672 1
7 673 1
7 674 1
7 675 1
7 676 2
7 677 1
7 678 1
7 679 1
7 680 1
7 681 4
7 682 1
7 683 1
7 684 1
7 685 1
7 686 2
7 687 1
7 688 1
7 689 1
7 690 1
7 691 7
7 692 1
7 693 1
7 694 1
7 695 1
7 696 2
7 697 2
7 698 1
7 699 2
7 700 3
7 701 1
7 702 1
7 703 2
7 704 1
7 705 1
7 706 3
7 707 1
7 708 1
7 709 1
7 710 1
7 711 1
7 712 1
7 713 6
7 714 1
7 715 31
8 3 1
8 10 3
8 14 5
8 15 4
8 19 1
8 30 3
8 34 1
8 37 1
8 42 2
8 52 3
8 56 2
8 57 1
8 58 1
8 69 1
8 70 1
8 75 1
8 77 21
8 80 4
8 88 1
8 94 1
8 105 1
8 108 1
8 109 1
8 110 1
8 116 1
8 130 1
8 131 1
8 142 1
8 145 31
8 146 1
8 150 8
8 152 1
8 156 1
8 160 1
8 162 1
8 165 1
8 176 4
8 177 1
8 178 5
8 179 1
8 182 2
8 185 2
8 186 1
8 189 1
8 193 9
8 195 4
8 196 2
8 197 2
8 203 3
8 205 1
8 206 2
8 209 1
8 210 2
8 214 1
8 217 2
8 219 1
8 223 2
8 233 1
8 234 1
8 235 1
8 236 1
8 240 2
8 245 5
8 247 1
8 250 1
8 258 1
8 262 1
8 282 1
8 301 1
8 338 1
8 342 2
8 356 2
8 367 1
8 369 7
8 380 1
8 384 3
8 387 4
8 389 1
8 399 3
8 400 1
8 402 1
8 423 9
8 426 2
8 430 3
8 431 1
8 435 2
8 445 8
8 450 5
8 452 2
8 458 1
8 460 1
8 471 2
8 492 1
8 503 1
8 521 1
8 528 1
8 538 2
8 562 2
8 578 1
8 665 1
8 681 1
8 683 1
8 689 1
8 712 1
8 714 4
8 716 1
8 717 1
8 718 2
8 719 1
8 720 1
8 721 1
8 722 2
8 723 4
8 724 2
8 725 2
8 726 1
8 727 1
8 728 1
8 729 1
8 730 1
8 731 3
8 732 1
8 733 1
8 734 1
8 735 1
8 736 1
8 737 1
8 738 1
8 739 1
8 740 1
8 741 1
8 742 2
8 743 1
8 744 1
8 745 1
8 746 1
8 747 3
8 748 2
8 749 10
8 750 1
8 751 1
8 752 1
8 753 1
8 754 1
8 755 1
8 756 1
8 757 1
8 758 1
9 14 1
9 130 1
9 232 1
9 314 1
9 325 1
9 341 1
9 416 1
9 459 1
9 759 1
9 760 1
9 761 3
9 762 1
9 763 1
9 764 1
9 765 2
9 766 1
9 767 1
9 768 1
10 1 1
10 3 3
10 7 1
10 10 1
10 14 3
10 26 1
10 28 1
10 30 1
10 34 4
10 36 1
10 39 1
10 42 5
10 43 1
10 44 4
10 51 1
10 53 4
10 55 1
10 56 6
10 57 1
10 60 1
10 69 1
10 75 1
10 77 20
10 79 1
10 80 3
10 87 4
10 94 1
10 97 1
10 105 2
10 108 1
10 110 1
10 112 1
10 115 1
10 118 1
10 128 1
10 136 1
10 142 2
10 145 16
10 146 1
10 147 1
10 150 5
10 152 1
10 153 2
10 156 1
10 159 4
10 160 1
10 170 2
10 175 9
10 176 4
10 177 1
10 178 2
10 182 1
10 185 5
10 186 1
10 192 5
10 193 15
10 197 1
10 209 2
10 212 1
10 214 2
10 215 7
10 217 3
10 241 4
10 245 11
10 250 1
10 253 1
10 258 1
10 272 1
10 283 1
10 288 16
10 295 2
10 301 2
10 318 7
10 366 1
10 369 16
10 387 2
10 405 2
10 406 3
10 421 3
10 423 3
10 431 1
10 435 2
10 458 15
10 459 1
10 460 2
10 475 1
10 476 1
10 479 1
10 488 2
10 489 1
10 490 1
10 498 1
10 509 1
10 512 1
10 515 2
10 521 1
10 528 6
10 532 2
10 540 2
10 547 16
10 562 4
10 568 1
10 572 1
10 579 3
10 615 1
10 665 1
10 688 1
10 689 4
10 694 1
10 703 1
10 705 2
10 714 1
10 716 4
10 740 1
10 755 1
10 758 1
10 763 2
10 768 5
10 769 1
10 770 1
10 771 1
10 772 3
10 773 1
10 774 1
10 775 1
10 776 2
10 777 11
10 778 2
10 779 1
10 780 2
10 781 1
10 782 2
10 783 1
10 784 3
10 785 1
10 786 2
10 787 3
10 788 5
10 789 3
10 790 1
10 791 1
10 792 1
10 793 3
10 794 1
10 795 1
10 796 1
10 797 2
10 798 1
10 799 1
10 800 8
10 801 23
10 802 2
11 3 1
11 10 4
11 14 4
11 15 7
11 26 1
11 30 3
11 34 1
11 37 12
11 42 4
11 44 1
11 47 1
11 53 5
11 54 6
11 56 3
11 57 1
11 66 1
11 67 3
11 69 1
11 75 2
11 80 5
11 88 1
11 94 1
11 100 1
11 105 1
11 108 1
11 110 1
11 115 1
11 116 2
11 131 2
11 140 2
11 143 2
11 146 1
11 147 1
11 150 9
11 160 1
11 168 1
11 170 2
11 175 1
11 182 1
11 185 6
11 195 1
11 203 1
11 205 2
11 206 9
11 210 1
11 213 2
11 214 4
11 223 2
11 229 1
11 231 8
11 232 10
11 235 1
11 236 1
11 241 4
11 245 3
11 250 1
11 258 1
11 259 1
11 262 1
11 275 1
11 276 2
11 277 1
11 279 3
11 285 1
11 293 3
11 308 1
11 318 1
11 335 1
11 336 1
11 339 1
11 342 1
11 343 1
11 375 4
11 380 1
11 388 2
11 403 1
11 407 4
11 414 1
11 430 1
11 436 1
11 446 1
11 461 2
11 505 2
11 579 1
11 594 1
11 616 1
11 623 1
11 699 1
11 712 1
11 714 2
11 742 1
11 744 1
11 752 1
11 788 1
11 789 1
11 796 1
11 803 7
11 804 1
11 805 3
11 806 4
11 807 10
11 808 1
11 809 1
11 810 1
11 811 1
11 812 1
11 813 2
11 814 1
11 815 1
11 816 3
11 817 1
11 818 1
11 819 1
11 820 1
11 821 1
11 822 1
11 823 1
11 824 1
11 825 1
11 826 1
11 827 1
11 828 1
11 829 11
11 830 1
11 831 1
11 832 1
11 833 1
11 834 1
11 835 1
12 3 14
12 10 8
12 13 1
12 14 3
12 15 7
12 26 1
12 30 3
12 34 3
12 37 6
12 42 3
12 44 1
12 53 4
12 56 2
12 57 2
12 59 1
12 60 2
12 64 12
12 69 1
12 70 1
12 73 1
12 75 1
12 80 5
12 88 2
12 94 1
12 100 1
12 105 2
12 110 1
12 112 1
12 115 1
12 116 1
12 123 1
12 128 1
12 131 2
12 134 1
12 140 3
12 143 8
12 146 1
12 147 1
12 149 1
12 150 9
12 152 2
12 160 1
12 170 3
12 178 4
12 179 5
12 181 2
12 182 2
12 185 14
12 186 4
12 192 7
12 196 2
12 197 1
12 199 2
12 205 7
12 206 3
12 209 2
12 210 1
12 212 1
12 214 13
12 216 1
12 217 3
12 219 2
12 223 2
12 231 3
12 232 10
12 234 1
12 235 1
12 236 1
12 241 3
12 250 3
12 255 1
12 258 1
12 259 1
12 262 1
12 267 1
12 270 1
12 277 1
12 304 1
12 336 1
12 342 1
12 358 3
12 387 5
12 403 1
12 435 1
12 436 8
12 465 1
12 486 1
12 498 2
12 504 11
12 505 1
12 509 1
12 521 4
12 528 2
12 536 1
12 591 9
12 615 1
12 622 1
12 628 1
12 665 2
12 688 2
12 694 1
12 703 3
12 729 1
12 755 1
12 757 1
12 785 1
12 786 1
12 796 1
12 799 1
12 801 1
12 807 5
12 814 1
12 817 1
12 819 1
12 821 3
12 825 1
12 829 12
12 836 1
12 837 1
12 838 1
12 839 1
12 840 1
12 841 6
12 842 1
12 843 1
12 844 1
12 845 1
12 846 2
12 847 1
12 848 3
12 849 1
12 850 3
12 851 1
12 852 1
12 853 2
12 854 1
12 855 6
12 856 2
12 857 4
12 858 1
12 859 1
12 860 1
12 861 1
12 862 2
12 863 1
12 864 1
12 865 1
12 866 1
12 867 1
12 868 1
12 869 1
12 870 2
12 871 1
12 872 1
12 873 2
12 874 1
13 2 2
13 3 4
13 6 3
13 10 6
13 12 1
13 14 4
13 15 16
13 26 1
13 28 1
13 30 1
13 34 4
13 37 2
13 42 4
13 44 2
13 53 4
13 55 2
13 56 2
13 57 2
13 60 1
13 67 1
13 69 1
13 75 1
13 77 3
13 79 2
13 80 2
13 87 4
13 88 4
13 93 2
13 94 2
13 100 1
13 108 4
13 110 1
13 115 1
13 123 1
13 124 1
13 141 1
13 142 1
13 145 5
13 146 1
13 147 2
13 150 4
13 160 2
13 162 1
13 164 2
13 168 1
13 170 3
13 173 1
13 175 1
13 176 3
13 178 10
13 179 2
13 182 14
13 185 4
13 186 2
13 193 18
13 199 1
13 203 2
13 205 1
13 210 2
13 212 3
13 214 2
13 216 1
13 217 2
13 245 3
13 247 3
13 250 2
13 254 1
13 255 1
13 258 1
13 264 1
13 267 1
13 269 2
13 281 1
13 283 1
13 298 2
13 340 1
13 342 3
13 343 1
13 348 1
13 353 1
13 356 4
13 366 1
13 369 29
13 376 1
13 382 1
13 385 2
13 399 1
13 400 3
13 408 1
13 409 1
13 410 1
13 416 30
13 420 1
13 426 1
13 433 1
13 435 2
13 436 1
13 460 2
13 464 1
13 480 2
13 486 2
13 490 1
13 491 1
13 527 1
13 533 2
13 578 2
13 691 4
13 699 1
13 703 1
13 714 1
13 744 2
13 750 6
13 755 1
13 782 2
13 788 2
13 820 1
13 875 1
13 876 3
13 877 1
13 878 1
13 879 1
13 880 1
13 881 1
13 882 1
13 883 2
13 884 1
13 885 1
13 886 1
13 887 2
13 888 1
13 889 2
13 890 1
13 891 1
13 892 1
13 893 1
13 894 10
13 895 2
13 896 4
13 897 1
13 898 1
13 899 1
13 900 1
13 901 1
13 902 1
13 903 5
13 904 2
13 905 2
13 906 3
13 907 1
13 908 4
13 909 1
13 910 1
13 911 1
13 912 2
13 913 1
13 914 1
13 915 1
13 916 1
13 917 1
13 918 1
13 919 1
13 920 1
13 921 1
13 922 1
13 923 1
13 924 1
13 925 1
13 926 1
13 927 2
13 928 1
14 2 1
14 3 2
14 10 2
14 14 5
14 15 17
14 19 1
14 24 1
14 26 1
14 30 3
14 34 3
14 37 1
14 42 3
14 44 1
14 53 3
14 54 1
14 55 1
14 56 2
14 57 3
14 59 1
14 69 1
14 75 3
14 79 2
14 80 5
14 87 1
14 88 2
14 94 3
14 100 1
14 105 3
14 109 1
14 110 1
14 112 3
14 115 1
14 116 1
14 118 1
14 123 1
14 127 17
14 128 1
14 130 1
14 131 3
14 137 1
14 140 4
14 143 8
14 146 1
14 147 1
14 149 1
14 150 9
14 158 1
14 160 2
14 164 1
14 170 2
14 175 8
14 176 1
14 178 2
14 182 1
14 185 5
14 186 2
14 190 1
14 192 1
14 193 1
14 196 1
14 199 3
14 203 1
14 205 1
14 206 2
14 212 1
14 214 2
14 223 2
14 225 1
14 231 5
14 232 8
14 235 1
14 236 1
14 241 2
14 245 1
14 250 5
14 258 1
14 259 1
14 262 1
14 277 1
14 279 3
14 281 1
14 283 2
14 284 1
14 308 1
14 315 1
14 318 3
14 336 1
14 347 1
14 348 1
14 384 1
14 387 2
14 399 1
14 400 2
14 409 1
14 414 1
14 421 1
14 426 1
14 433 2
14 435 1
14 436 1
14 445 1
14 453 1
14 456 1
14 460 2
14 464 1
14 473 1
14 488 1
14 490 2
14 498 2
14 502 1
14 504 1
14 514 1
14 521 1
14 538 1
14 611 4
14 623 1
14 625 3
14 678 1
14 687 1
14 691 1
14 699 1
14 703 1
14 714 1
14 723 1
14 732 1
14 755 1
14 756 1
14 767 5
14 789 1
14 795 2
14 796 1
14 805 1
14 807 9
14 814 1
14 816 1
14 829 14
14 832 2
14 833 1
14 870 2
14 878 2
14 880 1
14 882 1
14 892 1
14 899 1
14 929 1
14 930 1
14 931 3
14 932 1
14 933 1
14 934 1
14 935 2
14 936 2
14 937 1
14 938 1
14 939 1
14 940 1
14 941 1
14 942 1
14 943 1
14 944 1
14 945 1
14 946 8
14 947 1
14 948 1
14 949 1
14 950 1
14 951 2
14 952 1
14 953 1
14 954 1
14 955 1
14 956 1
14 957 2
14 958 1
14 959 1
14 960 1
14 961 1
14 962 2
14 963 4
14 964 16
14 965 1
14 966 1
14 967 3
14 968 1
14 969 1
15 1 1
15 3 9
15 14 4
15 15 26
15 16 1
15 26 1
15 27 2
15 34 3
15 37 4
15 42 3
15 48 1
15 52 2
15 53 4
15 55 1
15 56 3
15 57 2
15 60 1
15 66 1
15 67 1
15 73 1
15 74 1
15 75 1
15 80 1
15 87 4
15 89 1
15 94 1
15 97 2
15 98 1
15 105 4
15 107 2
15 110 1
15 112 4
15 115 1
15 118 1
15 123 2
15 130 1
15 134 1
15 136 3
15 139 1
15 140 1
15 141 2
15 145 15
15 146 1
15 147 1
15 148 1
15 150 1
15 152 1
15 153 3
15 156 2
15 159 4
15 160 1
15 168 2
15 169 2
15 170 3
15 175 13
15 176 10
15 178 4
15 181 1
15 182 1
15 184 5
15 185 10
15 186 2
15 192 1
15 193 1
15 195 1
15 196 1
15 205 9
15 209 9
15 210 9
15 212 3
15 225 1
15 234 1
15 241 2
15 242 1
15 243 1
15 245 16
15 250 1
15 254 3
15 258 3
15 259 2
15 269 2
15 280 2
15 283 5
15 286 3
15 304 1
15 308 1
15 313 1
15 316 1
15 318 1
15 335 1
15 336 1
15 341 2
15 342 3
15 352 1
15 358 2
15 360 1
15 366 4
15 369 17
15 372 1
15 382 2
15 387 1
15 388 1
15 405 3
15 406 1
15 414 1
15 421 8
15 426 2
15 431 1
15 435 1
15 458 8
15 460 2
15 464 3
15 465 3
15 475 2
15 476 6
15 478 2
15 480 1
15 481 1
15 482 1
15 488 7
15 498 3
15 502 1
15 506 1
15 507 2
15 517 2
15 521 1
15 528 4
15 532 2
15 533 2
15 535 1
15 538 1
15 540 4
15 547 13
15 562 4
15 566 1
15 572 2
15 574 1
15 578 2
15 590 12
15 593 1
15 597 2
15 620 1
15 625 2
15 652 2
15 658 1
15 663 1
15 665 1
15 676 1
15 688 10
15 724 1
15 729 1
15 733 1
15 755 3
15 756 1
15 762 2
15 769 1
15 771 1
15 773 2
15 777 1
15 779 6
15 787 4
15 789 1
15 791 1
15 792 2
15 795 2
15 797 1
15 800 5
15 804 1
15 819 2
15 847 1
15 859 1
15 904 2
15 913 1
15 922 1
15 925 9
15 933 1
15 944 2
15 949 1
15 958 1
15 965 1
15 970 1
15 971 1
15 972 2
15 973 1
15 974 1
15 975 2
15 976 2
15 977 2
15 978 1
15 979 1
15 980 1
15 981 1
15 982 2
15 983 1
15 984 1
15 985 1
15 986 1
15 987 1
15 988 2
15 989 5
15 990 1
15 991 2
15 992 1
15 993 1
15 994 9
15 995 9
15 996 1
15 997 1
15 998 2
15 999 1
15 1000 3
15 1001 2
15 1002 1
15 1003 1
15 1004 1
15 1005 1
15 1006 1
15 1007 1
15 1008 1
15 1009 1
15 1010 3
15 1011 1
15 1012 1
15 1013 1
15 1014 1
15 1015 1
15 1016 1
15 1017 1
16 1 2
16 2 4
16 3 3
16 11 1
16 13 1
16 14 18
16 15 18
16 19 2
16 21 8
16 27 1
16 30 1
16 34 1
16 37 1
16 42 4
16 44 1
16 45 4
16 48 1
16 51 1
16 53 1
16 56 1
16 57 6
16 60 3
16 66 3
16 67 1
16 69 1
16 73 5
16 75 1
16 80 2
16 87 4
16 94 1
16 96 1
16 100 1
16 108 2
16 112 7
16 115 1
16 117 3
16 130 6
16 131 2
16 134 1
16 141 3
16 143 1
16 146 2
16 147 8
16 150 4
16 156 1
16 158 1
16 160 1
16 165 1
16 170 3
16 176 2
16 177 2
16 178 7
16 182 3
16 185 6
16 186 1
16 197 3
16 204 3
16 209 1
16 210 1
16 214 1
16 217 13
16 219 1
16 220 1
16 221 6
16 225 1
16 226 2
16 239 5
16 240 1
16 247 1
16 248 1
16 253 1
16 258 2
16 259 3
16 267 2
16 268 5
16 269 1
16 284 1
16 287 1
16 296 1
16 300 1
16 304 2
16 324 1
16 339 3
16 342 4
16 343 1
16 352 1
16 353 1
16 358 2
16 360 1
16 364 1
16 379 1
16 380 1
16 383 2
16 387 6
16 400 2
16 405 1
16 410 1
16 413 1
16 416 4
16 426 2
16 428 2
16 431 5
16 433 1
16 436 2
16 438 2
16 447 5
16 459 1
16 473 2
16 478 1
16 481 1
16 484 1
16 486 1
16 495 1
16 497 1
16 505 1
16 521 8
16 533 1
16 536 4
16 540 1
16 557 1
16 558 2
16 560 1
16 565 1
16 574 1
16 595 1
16 600 1
16 606 1
16 614 2
16 633 1
16 641 2
16 649 2
16 678 1
16 679 1
16 699 10
16 724 1
16 739 2
16 750 1
16 782 1
16 807 1
16 811 1
16 814 2
16 830 1
16 839 1
16 850 1
16 868 1
16 901 3
16 917 1
16 922 21
16 931 2
16 936 1
16 959 1
16 998 2
16 1018 1
16 1019 2
16 1020 1
16 1021 1
16 1022 3
16 1023 1
16 1024 1
16 1025 1
16 1026 1
16 1027 1
16 1028 1
16 1029 1
16 1030 3
16 1031 3
16 1032 1
16 1033 1
16 1034 2
16 1035 1
16 1036 1
16 1037 2
16 1038 1
16 1039 3
16 1040 1
16 1041 1
16 1042 1
16 1043 1
16 1044 1
16 1045 2
16 1046 1
16 1047 1
16 1048 2
16 1049 1
16 1050 1
16 1051 3
16 1052 1
16 1053 1
16 1054 1
16 1055 1
16 1056 1
16 1057 1
16 1058 1
16 1059 2
16 1060 1
16 1061 1
16 1062 6
16 1063 1
16 1064 1
16 1065 2
16 1066 1
16 1067 1
16 1068 1
16 1069 2
16 1070 1
16 1071 1
16 1072 1
16 1073 1
16 1074 1
16 1075 2
16 1076 2
16 1077 1
16 1078 1
16 1079 1
16 1080 2
16 1081 1
16 1082 1
16 1083 2
16 1084 2
16 1085 2
16 1086 1
16 1087 3
16 1088 2
16 1089 1
16 1090 1
16 1091 1
16 1092 1
16 1093 1
16 1094 1
16 1095 1
16 1096 1
16 1097 1
16 1098 1
16 1099 2
16 1100 1
16 1101 1
16 1102 1
16 1103 1
16 1104 1
16 1105 1
16 1106 1
16 1107 1
16 1108 1
16 1109 1
16 1110 2
16 1111 1
16 1112 1
16 1113 1
16 1114 3
16 1115 1
16 1116 1
16 1117 2
16 1118 1
16 1119 1
16 1120 11
16 1121 3
16 1122 3
16 1123 47
16 1124 1
16 1125 3
16 1126 5
16 1127 1
16 1128 4
16 1129 1
16 1130 2
16 1131 3
16 1132 1
16 1133 1
16 1134 1
16 1135 3
16 1136 1
16 1137 1
16 1138 1
16 1139 4
16 1140 1
16 1141 3
16 1142 2
16 1143 1
16 1144 1
16 1145 1
16 1146 1
16 1147 1
16 1148 1
16 1149 13
16 1150 3
16 1151 1
16 1152 1
16 1153 1
16 1154 1
16 1155 1
17 3 1
17 8 3
17 10 3
17 14 1
17 29 1
17 34 1
17 37 1
17 45 1
17 48 1
17 52 2
17 53 2
17 54 1
17 58 2
17 63 1
17 67 3
17 77 1
17 80 1
17 81 1
17 88 1
17 89 2
17 102 1
17 109 1
17 117 2
17 136 1
17 138 3
17 145 1
17 146 2
17 152 1
17 153 1
17 168 1
17 175 4
17 176 1
17 193 1
17 195 2
17 206 1
17 209 1
17 214 1
17 221 1
17 232 2
17 238 1
17 241 2
17 247 3
17 248 2
17 258 1
17 259 3
17 279 1
17 288 6
17 301 1
17 310 1
17 312 1
17 342 1
17 356 1
17 369 1
17 385 1
17 387 1
17 389 1
17 401 1
17 418 1
17 426 2
17 431 1
17 435 2
17 436 1
17 458 1
17 459 1
17 473 1
17 488 1
17 533 1
17 562 1
17 579 1
17 591 1
17 703 1
17 722 2
17 725 1
17 782 1
17 829 1
17 900 1
17 913 1
17 916 1
17 927 1
17 1052 1
17 1093 1
17 1098 1
17 1142 1
17 1156 1
17 1157 1
17 1158 1
17 1159 1
17 1160 1
17 1161 1
17 1162 1
17 1163 1
17 1164 1
17 1165 1
17 1166 1
17 1167 1
17 1168 11
17 1169 1
17 1170 1
17 1171 2
17 1172 1
17 1173 1
17 1174 1
17 1175 2
17 1176 1
18 3 4
18 10 2
18 14 7
18 15 3
18 16 2
18 34 2
18 36 1
18 48 1
18 51 2
18 56 2
18 63 1
18 66 1
18 71 1
18 78 1
18 81 1
18 105 6
18 108 1
18 119 1
18 130 1
18 141 1
18 147 1
18 152 1
18 176 1
18 177 1
18 186 4
18 188 1
18 192 1
18 195 2
18 203 1
18 238 1
18 276 2
18 280 1
18 295 12
18 301 2
18 323 1
18 326 1
18 336 1
18 342 1
18 387 1
18 435 1
18 447 1
18 459 1
18 488 1
18 515 1
18 527 1
18 528 2
18 542 1
18 625 1
18 664 1
18 666 1
18 722 1
18 742 1
18 766 1
18 806 1
18 810 1
18 846 1
18 879 1
18 900 1
18 917 2
18 998 1
18 1092 1
18 1093 1
18 1114 1
18 1123 1
18 1140 1
18 1149 1
18 1163 1
18 1177 3
18 1178 3
18 1179 1
18 1180 1
18 1181 1
18 1182 2
18 1183 1
18 1184 1
18 1185 1
18 1186 1
18 1187 1
18 1188 2
18 1189 1
18 1190 1
19 2 2
19 3 4
19 10 2
19 13 1
19 14 4
19 15 5
19 16 2
19 34 1
19 36 1
19 37 1
19 48 1
19 51 2
19 56 1
19 63 1
19 78 1
19 81 1
19 97 3
19 105 3
19 108 1
19 120 1
19 123 1
19 130 2
19 134 1
19 137 1
19 141 1
19 152 1
19 159 1
19 176 1
19 177 1
19 185 1
19 186 4
19 193 3
19 204 1
19 210 2
19 221 1
19 225 2
19 238 1
19 256 1
19 259 1
19 267 1
19 295 12
19 301 1
19 320 1
19 367 2
19 383 1
19 421 1
19 435 1
19 447 1
19 453 2
19 458 1
19 488 1
19 505 1
19 509 1
19 515 1
19 532 1
19 533 1
19 534 1
19 562 1
19 566 3
19 616 1
19 625 1
19 664 1
19 666 1
19 722 1
19 764 2
19 765 1
19 776 1
19 810 2
19 844 2
19 893 1
19 904 1
19 927 1
19 1053 1
19 1092 1
19 1093 1
19 1114 2
19 1163 1
19 1177 1
19 1179 1
19 1181 1
19 1183 1
19 1190 1
19 1191 1
19 1192 2
19 1193 1
19 1194 1
19 1195 1
19 1196 1
19 1197 1
19 1198 1
20 2 1
20 10 1
20 14 4
20 15 2
20 19 1
20 24 1
20 26 1
20 34 1
20 37 5
20 57 1
20 60 1
20 67 1
20 75 1
20 80 1
20 87 8
20 88 1
20 102 1
20 109 1
20 116 2
20 119 1
20 143 3
20 146 3
20 147 2
20 150 1
20 152 1
20 153 1
20 168 1
20 175 6
20 176 11
20 179 2
20 181 1
20 182 3
20 185 2
20 196 1
20 197 1
20 209 1
20 214 2
20 219 2
20 231 1
20 238 1
20 239 1
20 241 1
20 245 1
20 248 1
20 251 1
20 255 1
20 258 1
20 259 1
20 267 1
20 270 1
20 271 1
20 275 1
20 288 6
20 292 1
20 313 2
20 315 1
20 318 1
20 342 1
20 353 1
20 359 1
20 366 1
20 369 1
20 387 1
20 388 1
20 426 1
20 435 1
20 438 2
20 453 1
20 460 1
20 491 1
20 504 1
20 515 1
20 576 1
20 589 2
20 616 1
20 664 1
20 690 1
20 714 1
20 796 1
20 800 2
20 801 1
20 807 1
20 829 1
20 831 1
20 865 2
20 946 1
20 1009 1
20 1039 1
20 1071 1
20 1079 1
20 1093 1
20 1098 1
20 1115 2
20 1149 1
20 1162 1
20 1179 1
20 1196 2
20 1199 2
20 1200 1
20 1201 1
20 1202 1
20 1203 1
20 1204 1
20 1205 1
20 1206 1
20 1207 1
20 1208 1
20 1209 1
20 1210 1
20 1211 1
20 1212 1
20 1213 1
20 1214 1
20 1215 1
20 1216 2
20 1217 1
20 1218 1
20 1219 1
20 1220 2
20 1221 1
20 1222 1
20 1223 1
20 1224 1
20 1225 1
20 1226 1
20 1227 1
21 4 2
21 14 6
21 25 1
21 37 7
21 80 1
21 87 4
21 89 2
21 100 1
21 113 3
21 118 2
21 130 1
21 149 1
21 150 1
21 153 1
21 176 5
21 180 2
21 182 1
21 197 1
21 210 2
21 214 3
21 226 2
21 237 1
21 241 1
21 258 2
21 272 1
21 288 7
21 312 1
21 342 1
21 371 1
21 412 1
21 435 2
21 438 1
21 471 1
21 473 1
21 487 1
21 490 2
21 509 1
21 514 1
21 518 1
21 531 1
21 539 1
21 540 1
21 664 1
21 763 1
21 787 1
21 880 1
21 949 1
21 998 1
21 1008 2
21 1051 1
21 1093 1
21 1109 1
21 1172 1
21 1199 1
21 1212 1
21 1215 1
21 1220 1
21 1222 1
21 1225 1
21 1228 1
21 1229 1
21 1230 1
21 1231 1
21 1232 1
21 1233 1
21 1234 1
21 1235 1
21 1236 1
21 1237 1
21 1238 1
21 1239 1
21 1240 3
21 1241 1
21 1242 1
21 1243 1
21 1244 1
21 1245 1
21 1246 1
22 1 1
22 3 4
22 10 2
22 12 2
22 14 7
22 15 6
22 16 2
22 18 2
22 19 2
22 26 1
22 30 1
22 34 3
22 37 3
22 42 4
22 45 1
22 48 1
22 55 3
22 57 1
22 63 1
22 69 1
22 75 2
22 78 1
22 80 2
22 87 4
22 88 2
22 89 1
22 94 1
22 100 1
22 102 1
22 105 1
22 109 2
22 112 2
22 116 1
22 124 1
22 127 1
22 128 4
22 129 1
22 130 1
22 136 1
22 137 1
22 141 2
22 146 1
22 150 4
22 153 1
22 158 1
22 160 1
22 165 1
22 168 1
22 170 1
22 175 3
22 185 4
22 186 2
22 191 1
22 195 1
22 205 4
22 206 1
22 214 1
22 215 2
22 217 2
22 225 1
22 239 1
22 241 1
22 247 1
22 255 1
22 256 3
22 258 2
22 264 2
22 267 4
22 269 1
22 284 1
22 288 2
22 295 2
22 298 1
22 304 2
22 358 2
22 375 1
22 387 1
22 399 1
22 446 3
22 453 1
22 487 18
22 488 8
22 491 1
22 493 1
22 496 1
22 497 1
22 522 2
22 537 2
22 576 1
22 616 1
22 652 1
22 673 2
22 690 3
22 719 1
22 795 1
22 840 1
22 861 1
22 880 2
22 886 1
22 946 18
22 949 1
22 950 2
22 998 6
22 1013 2
22 1125 2
22 1126 2
22 1129 1
22 1149 1
22 1164 5
22 1168 1
22 1191 1
22 1220 1
22 1247 1
22 1248 1
22 1249 1
22 1250 2
22 1251 1
22 1252 1
22 1253 1
22 1254 2
22 1255 7
22 1256 1
22 1257 1
22 1258 1
22 1259 3
22 1260 1
22 1261 1
22 1262 2
22 1263 1
22 1264 1
22 1265 1
22 1266 6
22 1267 1
22 1268 1
22 1269 1
22 1270 1
22 1271 1
22 1272 1
22 1273 1
23 2 2
23 3 1
23 10 7
23 13 1
23 14 8
23 15 1
23 18 1
23 19 1
23 26 1
23 27 1
23 37 6
23 42 2
23 51 5
23 53 2
23 55 1
23 57 2
23 59 2
23 60 2
23 63 2
23 77 2
23 88 8
23 89 1
23 97 2
23 100 1
23 110 1
23 116 1
23 120 1
23 123 1
23 127 1
23 128 1
23 130 2
23 131 2
23 141 1
23 144 3
23 145 5
23 146 1
23 147 1
23 152 2
23 156 1
23 162 1
23 164 1
23 170 1
23 172 1
23 174 1
23 175 2
23 176 2
23 178 6
23 179 6
23 181 4
23 184 11
23 185 7
23 186 2
23 188 3
23 193 5
23 195 3
23 196 1
23 197 2
23 203 1
23 204 1
23 205 1
23 206 1
23 214 1
23 221 1
23 232 4
23 234 1
23 245 3
23 247 1
23 251 4
23 254 2
23 259 1
23 271 5
23 279 1
23 286 1
23 288 6
23 292 1
23 296 1
23 298 2
23 301 4
23 315 2
23 320 1
23 328 9
23 342 1
23 343 2
23 350 1
23 351 1
23 352 5
23 356 5
23 369 2
23 384 1
23 396 1
23 399 1
23 400 10
23 403 1
23 405 1
23 412 15
23 418 1
23 421 3
23 426 1
23 430 2
23 434 1
23 435 1
23 436 4
23 446 1
23 448 1
23 450 1
23 452 1
23 458 1
23 466 1
23 473 1
23 474 3
23 475 1
23 476 1
23 477 1
23 486 3
23 488 1
23 504 1
23 509 2
23 521 1
23 561 2
23 562 3
23 595 1
23 625 1
23 628 3
23 697 1
23 707 1
23 712 2
23 714 1
23 723 7
23 725 6
23 730 1
23 750 1
23 765 1
23 768 4
23 775 3
23 782 1
23 786 1
23 795 1
23 796 1
23 825 1
23 829 1
23 840 1
23 876 1
23 882 1
23 906 2
23 918 1
23 1034 1
23 1038 6
23 1043 1
23 1048 1
23 1089 1
23 1122 2
23 1141 1
23 1166 1
23 1172 1
23 1192 1
23 1196 1
23 1198 1
23 1202 1
23 1203 2
23 1234 1
23 1257 1
23 1273 1
23 1274 1
23 1275 2
23 1276 1
23 1277 1
23 1278 1
23 1279 1
23 1280 1
23 1281 1
23 1282 1
23 1283 1
23 1284 3
23 1285 3
23 1286 1
23 1287 1
23 1288 1
23 1289 2
23 1290 1
23 1291 1
23 1292 2
23 1293 2
23 1294 1
23 1295 2
23 1296 1
23 1297 1
23 1298 2
23 1299 1
23 1300 1
23 1301 1
23 1302 1
23 1303 1
23 1304 1
23 1305 1
23 1306 1
23 1307 1
23 1308 1
23 1309 2
23 1310 1
23 1311 1
24 2 1
24 3 4
24 7 2
24 10 3
24 14 6
24 15 2
24 16 1
24 26 1
24 28 1
24 30 2
24 34 4
24 37 2
24 39 1
24 42 2
24 45 1
24 52 6
24 53 2
24 54 1
24 56 5
24 57 3
24 58 1
24 59 1
24 67 4
24 69 1
24 75 2
24 80 6
24 87 3
24 89 2
24 94 1
24 99 1
24 100 1
24 105 1
24 110 1
24 112 3
24 113 1
24 124 1
24 138 10
24 140 1
24 146 1
24 150 8
24 152 1
24 153 1
24 160 2
24 162 1
24 165 1
24 168 1
24 170 1
24 175 11
24 176 4
24 178 2
24 179 1
24 182 1
24 185 2
24 186 1
24 189 1
24 193 1
24 195 3
24 206 1
24 209 2
24 217 2
24 219 2
24 223 1
24 224 1
24 241 5
24 248 1
24 250 1
24 258 1
24 283 2
24 288 9
24 300 1
24 301 1
24 318 4
24 320 1
24 325 1
24 336 1
24 343 3
24 353 1
24 367 1
24 382 2
24 384 1
24 426 1
24 431 1
24 458 1
24 488 1
24 491 2
24 498 1
24 509 1
24 553 1
24 562 1
24 579 1
24 646 1
24 665 2
24 703 1
24 714 1
24 719 2
24 746 1
24 760 1
24 768 1
24 779 1
24 785 1
24 797 1
24 865 1
24 878 1
24 884 1
24 889 1
24 952 1
24 970 1
24 993 1
24 1009 1
24 1075 1
24 1076 1
24 1089 3
24 1127 1
24 1129 1
24 1141 5
24 1142 2
24 1147 1
24 1159 1
24 1163 1
24 1168 23
24 1171 1
24 1220 1
24 1222 1
24 1228 1
24 1249 1
24 1312 2
24 1313 1
24 1314 1
24 1315 1
24 1316 1
24 1317 1
24 1318 1
24 1319 1
24 1320 2
24 1321 1
24 1322 1
24 1323 1
24 1324 1
24 1325 4
24 1326 2
24 1327 2
24 1328 1
24 1329 10
24 1330 1
24 1331 2
24 1332 1
24 1333 2
24 1334 1
24 1335 1
24 1336 3
24 1337 1
24 1338 1
24 1339 3
24 1340 1
24 1341 1
24 1342 2
24 1343 1
24 1344 1
25 1 1
25 2 5
25 3 12
25 4 2
25 7 2
25 14 3
25 15 2
25 18 1
25 24 1
25 26 1
25 29 1
25 30 1
25 34 5
25 37 1
25 48 1
25 53 1
25 56 2
25 58 2
25 67 3
25 69 1
25 75 3
25 80 5
25 87 3
25 89 1
25 94 3
25 100 3
25 105 3
25 109 1
25 113 1
25 115 1
25 116 1
25 131 1
25 137 8
25 141 1
25 144 1
25 146 3
25 147 6
25 150 6
25 153 3
25 160 2
25 172 1
25 175 1
25 176 4
25 182 1
25 186 7
25 195 1
25 205 1
25 206 2
25 214 2
25 223 2
25 225 1
25 235 1
25 241 1
25 250 1
25 256 6
25 258 1
25 262 1
25 276 5
25 288 4
25 301 1
25 322 1
25 331 1
25 338 4
25 381 1
25 384 1
25 389 1
25 435 1
25 437 2
25 473 1
25 478 9
25 483 1
25 491 1
25 498 1
25 532 1
25 542 1
25 553 1
25 554 1
25 648 1
25 664 1
25 669 1
25 672 2
25 786 1
25 797 1
25 1000 1
25 1049 1
25 1093 1
25 1098 2
25 1177 1
25 1191 1
25 1249 2
25 1313 3
25 1332 1
25 1333 3
25 1345 1
25 1346 1
25 1347 1
25 1348 1
25 1349 1
25 1350 1
25 1351 1
25 1352 1
25 1353 1
25 1354 1
25 1355 1
25 1356 1
26 1 1
26 2 1
26 3 1
26 10 5
26 11 1
26 14 7
26 30 1
26 37 4
26 48 1
26 54 1
26 66 2
26 67 1
26 75 2
26 79 2
26 80 4
26 88 2
26 93 1
26 94 1
26 105 1
26 116 2
26 117 3
26 122 1
26 131 1
26 134 1
26 140 1
26 141 2
26 150 2
26 175 1
26 176 1
26 185 4
26 197 1
26 200 1
26 201 1
26 202 17
26 205 3
26 206 2
26 207 2
26 210 2
26 214 1
26 223 2
26 237 1
26 238 2
26 241 1
26 247 1
26 248 5
26 250 3
26 251 2
26 255 1
26 257 1
26 258 3
26 259 2
26 277 2
26 283 2
26 288 2
26 290 1
26 298 1
26 304 1
26 309 1
26 310 1
26 329 1
26 337 1
26 342 1
26 344 2
26 353 2
26 355 1
26 357 1
26 358 2
26 367 1
26 373 1
26 375 1
26 377 1
26 380 1
26 386 1
26 402 2
26 424 2
26 453 1
26 515 1
26 589 2
26 616 1
26 665 1
26 686 1
26 705 1
26 786 2
26 788 2
26 841 1
26 882 1
26 916 1
26 922 1
26 998 1
26 1004 1
26 1010 1
26 1093 1
26 1095 1
26 1136 1
26 1200 1
26 1270 1
26 1318 1
26 1339 2
26 1357 1
26 1358 1
26 1359 1
26 1360 1
26 1361 1
26 1362 1
26 1363 1
26 1364 1
26 1365 1
26 1366 1
26 1367 1
26 1368 1
26 1369 1
26 1370 1
26 1371 1
27 2 1
27 3 1
27 10 9
27 14 1
27 15 1
27 29 3
27 37 4
27 44 1
27 48 1
27 53 1
27 56 1
27 66 1
27 112 1
27 123 1
27 146 1
27 147 10
27 158 2
27 176 1
27 182 1
27 185 1
27 186 2
27 188 1
27 203 1
27 220 1
27 247 3
27 248 1
27 251 1
27 259 1
27 265 10
27 276 2
27 288 3
27 309 1
27 340 1
27 344 1
27 348 1
27 383 3
27 389 1
27 435 1
27 649 1
27 692 1
27 739 3
27 815 1
27 854 1
27 878 1
27 880 1
27 1093 1
27 1178 1
27 1216 1
27 1274 1
27 1325 2
27 1362 1
27 1372 1
27 1373 1
27 1374 1
27 1375 1
27 1376 1
27 1377 1
27 1378 1
27 1379 1
27 1380 2
27 1381 1
27 1382 3
27 1383 1
27 1384 5
27 1385 1
