%%MatrixMarket matrix coordinate real general
48 1728 6722                                      
1 1 1
1 2 1
1 3 20
1 4 2
1 5 5
1 6 3
1 7 4
1 8 3
1 9 1
1 10 8
1 11 1
1 12 4
1 13 1
1 14 3
1 15 8
1 16 2
1 17 1
1 18 1
1 19 2
1 20 1
1 21 3
1 22 1
1 23 1
1 24 1
1 25 1
1 26 1
1 27 1
1 28 1
1 29 1
1 30 1
1 31 3
1 32 1
1 33 1
1 34 2
1 35 3
1 36 1
1 37 2
1 38 1
1 39 1
1 40 1
1 41 1
1 42 2
1 43 1
1 44 2
1 45 1
1 46 1
1 47 1
1 48 3
1 49 1
1 50 1
1 51 3
1 52 2
1 53 1
1 54 1
1 55 1
1 56 2
1 57 1
1 58 1
1 59 1
1 60 1
1 61 1
1 62 1
1 63 2
1 64 2
1 65 2
1 66 6
1 67 1
1 68 1
1 69 1
1 70 2
1 71 1
1 72 3
1 73 1
1 74 3
1 75 1
1 76 1
1 77 1
1 78 1
1 79 1
1 80 1
1 81 1
1 82 2
1 83 1
1 84 1
1 85 1
1 86 1
1 87 2
1 88 1
1 89 1
1 90 2
1 91 1
1 92 1
1 93 2
1 94 1
1 95 1
1 96 1
1 97 1
1 98 1
1 99 1
1 100 1
1 101 1
1 102 1
1 103 1
1 104 4
1 105 1
1 106 1
1 107 4
1 108 1
1 109 1
1 110 2
1 111 1
1 112 1
1 113 1
1 114 1
1 115 2
1 116 1
1 117 1
1 118 1
1 119 1
1 120 1
1 121 1
1 122 3
1 123 1
1 124 1
1 125 1
1 126 4
1 127 2
1 128 2
1 129 1
1 130 3
1 131 1
1 132 1
1 133 1
1 134 1
1 135 3
1 136 1
1 137 2
1 138 1
1 139 2
1 140 1
1 141 1
1 142 1
1 143 2
1 144 1
1 145 9
1 146 1
1 147 2
1 148 1
1 149 3
1 150 1
1 151 2
1 152 1
1 153 1
1 154 5
1 155 2
1 156 1
1 157 1
1 158 1
1 159 2
1 160 1
1 161 1
1 162 1
1 163 1
1 164 1
1 165 1
1 166 1
1 167 1
1 168 1
1 169 1
1 170 1
1 171 1
1 172 2
1 173 2
1 174 1
1 175 1
1 176 1
1 177 6
1 178 1
1 179 1
1 180 2
1 181 1
1 182 1
1 183 3
1 184 1
1 185 7
1 186 1
1 187 2
1 188 1
1 189 1
1 190 1
1 191 2
1 192 5
2 3 2
2 10 3
2 12 1
2 14 4
2 15 6
2 26 1
2 30 3
2 34 1
2 37 4
2 42 2
2 47 2
2 50 1
2 51 8
2 52 1
2 54 1
2 55 2
2 56 1
2 57 3
2 58 1
2 59 2
2 68 1
2 74 4
2 79 5
2 86 1
2 87 1
2 93 3
2 94 1
2 99 1
2 107 1
2 109 1
2 115 1
2 116 1
2 129 1
2 130 1
2 133 1
2 139 1
2 149 9
2 159 3
2 161 2
2 169 3
2 174 1
2 175 2
2 176 1
2 178 1
2 180 2
2 184 3
2 185 3
2 193 1
2 194 1
2 195 2
2 196 1
2 197 1
2 198 1
2 199 1
2 200 1
2 201 1
2 202 4
2 203 10
2 204 2
2 205 2
2 206 3
2 207 2
2 208 1
2 209 1
2 210 1
2 211 1
2 212 1
2 213 1
2 214 1
2 215 2
2 216 3
2 217 1
2 218 1
2 219 1
2 220 8
2 221 2
2 222 1
2 223 1
2 224 2
2 225 1
2 226 2
2 227 1
2 228 1
2 229 1
2 230 1
2 231 2
2 232 1
2 233 1
2 234 2
2 235 1
2 236 1
2 237 2
2 238 1
2 239 1
2 240 2
2 241 1
2 242 1
2 243 1
2 244 2
2 245 1
2 246 1
2 247 1
2 248 1
2 249 1
2 250 1
2 251 1
2 252 1
2 253 2
2 254 1
2 255 2
2 256 1
2 257 1
2 258 1
2 259 1
2 260 1
2 261 1
2 262 1
2 263 1
2 264 1
2 265 1
2 266 1
2 267 1
2 268 1
2 269 2
2 270 1
2 271 2
2 272 1
2 273 1
2 274 1
2 275 1
2 276 1
2 277 1
2 278 1
2 279 2
2 280 1
2 281 1
2 282 1
2 283 2
2 284 1
2 285 9
2 286 1
2 287 1
2 288 3
2 289 1
2 290 1
3 1 1
3 2 1
3 3 2
3 10 4
3 14 6
3 25 1
3 26 1
3 28 3
3 30 3
3 34 2
3 37 3
3 42 4
3 43 1
3 50 1
3 52 2
3 53 5
3 54 1
3 55 4
3 56 2
3 60 1
3 65 2
3 66 1
3 68 1
3 74 4
3 78 3
3 79 3
3 87 6
3 93 4
3 99 1
3 104 1
3 107 2
3 108 1
3 109 1
3 111 1
3 114 1
3 115 1
3 126 1
3 130 3
3 135 1
3 136 1
3 143 1
3 145 1
3 146 1
3 148 1
3 149 7
3 151 2
3 155 1
3 159 4
3 161 5
3 167 1
3 169 3
3 174 5
3 175 10
3 176 2
3 178 1
3 181 1
3 183 1
3 184 1
3 185 4
3 191 1
3 192 4
3 194 1
3 195 1
3 196 4
3 197 1
3 198 2
3 200 2
3 201 4
3 202 15
3 203 7
3 204 3
3 205 3
3 206 3
3 207 1
3 208 1
3 209 2
3 212 6
3 214 2
3 224 2
3 225 3
3 226 2
3 230 1
3 234 5
3 235 1
3 238 1
3 239 1
3 240 1
3 241 1
3 243 1
3 244 2
3 247 2
3 255 8
3 256 1
3 257 1
3 259 1
3 261 3
3 262 1
3 264 3
3 265 1
3 272 1
3 273 2
3 274 1
3 275 1
3 280 1
3 282 1
3 285 1
3 286 1
3 288 1
3 290 1
3 291 1
3 292 1
3 293 16
3 294 1
3 295 1
3 296 1
3 297 1
3 298 1
3 299 1
3 300 1
3 301 1
3 302 1
3 303 2
3 304 1
3 305 1
3 306 1
3 307 2
3 308 1
3 309 2
3 310 1
3 311 1
3 312 1
3 313 4
3 314 1
3 315 1
3 316 2
3 317 1
3 318 1
3 319 2
3 320 1
3 321 1
3 322 1
3 323 1
3 324 1
3 325 1
3 326 1
3 327 1
3 328 1
3 329 1
3 330 1
3 331 1
3 332 1
3 333 1
3 334 1
3 335 1
3 336 1
3 337 1
3 338 2
3 339 1
3 340 2
3 341 1
3 342 1
3 343 1
3 344 2
3 345 1
3 346 2
3 347 1
3 348 1
3 349 2
3 350 1
3 351 1
3 352 4
3 353 1
3 354 3
3 355 1
3 356 1
3 357 1
3 358 1
3 359 1
3 360 1
3 361 1
3 362 1
3 363 1
3 364 2
3 365 1
3 366 2
3 367 1
3 368 1
3 369 2
3 370 1
3 371 1
3 372 3
3 373 1
3 374 1
3 375 2
3 376 1
3 377 1
3 378 1
3 379 1
3 380 1
3 381 1
3 382 1
3 383 1
3 384 1
3 385 1
3 386 1
3 387 1
3 388 1
3 389 1
3 390 1
3 391 1
4 2 1
4 3 2
4 10 3
4 14 2
4 15 8
4 22 1
4 24 1
4 26 1
4 28 1
4 30 2
4 41 2
4 42 3
4 49 1
4 50 1
4 52 7
4 53 2
4 56 3
4 59 1
4 62 3
4 66 1
4 74 2
4 76 3
4 78 1
4 79 2
4 86 1
4 87 4
4 93 1
4 95 1
4 96 5
4 107 3
4 108 2
4 109 1
4 111 3
4 114 1
4 115 3
4 119 1
4 122 1
4 126 2
4 127 1
4 143 2
4 144 2
4 146 1
4 148 1
4 149 4
4 152 1
4 155 1
4 159 1
4 163 3
4 164 1
4 166 1
4 169 2
4 175 1
4 176 2
4 177 4
4 178 4
4 180 1
4 181 2
4 183 3
4 185 4
4 189 1
4 192 11
4 194 2
4 196 1
4 197 1
4 206 1
4 207 3
4 208 1
4 214 1
4 216 1
4 219 5
4 222 3
4 226 2
4 228 1
4 232 1
4 234 3
4 235 5
4 238 1
4 239 1
4 241 1
4 246 1
4 248 1
4 257 1
4 258 3
4 262 1
4 264 1
4 265 2
4 276 2
4 277 2
4 289 1
4 317 1
4 322 9
4 344 1
4 345 2
4 346 3
4 356 1
4 372 21
4 390 1
4 392 1
4 393 1
4 394 1
4 395 2
4 396 1
4 397 1
4 398 1
4 399 1
4 400 1
4 401 1
4 402 2
4 403 1
4 404 1
4 405 1
4 406 1
4 407 3
4 408 1
4 409 1
4 410 1
4 411 10
4 412 2
4 413 1
4 414 1
4 415 1
4 416 1
4 417 1
4 418 2
4 419 1
4 420 10
4 421 1
4 422 2
4 423 2
4 424 1
4 425 2
4 426 1
4 427 3
4 428 1
4 429 5
4 430 14
4 431 1
4 432 1
4 433 1
4 434 1
4 435 1
4 436 1
4 437 3
4 438 2
4 439 1
4 440 1
4 441 1
4 442 1
4 443 1
4 444 1
4 445 1
4 446 1
4 447 2
4 448 1
4 449 1
4 450 1
4 451 1
4 452 1
4 453 1
4 454 1
4 455 1
4 456 1
4 457 1
4 458 1
4 459 2
4 460 1
4 461 1
4 462 1
4 463 1
4 464 1
4 465 1
4 466 1
4 467 1
4 468 9
4 469 1
4 470 1
4 471 3
4 472 1
4 473 1
4 474 1
4 475 1
4 476 1
4 477 1
4 478 2
4 479 1
4 480 1
4 481 1
5 1 1
5 3 4
5 6 1
5 10 4
5 11 1
5 14 3
5 15 11
5 26 1
5 27 8
5 29 1
5 30 1
5 34 1
5 39 1
5 41 1
5 42 2
5 54 2
5 55 2
5 56 1
5 60 1
5 62 1
5 68 1
5 74 2
5 78 1
5 79 4
5 81 1
5 86 2
5 93 1
5 99 1
5 101 1
5 109 1
5 111 1
5 112 3
5 124 1
5 130 2
5 140 1
5 144 1
5 149 6
5 159 1
5 160 1
5 164 1
5 169 3
5 172 1
5 174 7
5 175 10
5 177 1
5 178 4
5 179 5
5 184 12
5 185 2
5 187 1
5 188 1
5 197 1
5 211 1
5 216 2
5 218 1
5 228 2
5 231 1
5 232 4
5 236 2
5 244 2
5 248 2
5 253 2
5 262 1
5 264 1
5 282 1
5 319 3
5 329 1
5 330 2
5 340 1
5 346 1
5 370 2
5 372 7
5 383 1
5 384 1
5 410 1
5 415 1
5 437 1
5 440 2
5 446 1
5 462 1
5 468 2
5 482 3
5 483 1
5 484 1
5 485 1
5 486 2
5 487 1
5 488 1
5 489 2
5 490 1
5 491 3
5 492 3
5 493 2
5 494 5
5 495 1
5 496 1
5 497 2
5 498 3
5 499 1
5 500 1
5 501 2
5 502 1
5 503 1
5 504 1
5 505 1
5 506 2
5 507 1
5 508 1
5 509 1
5 510 2
5 511 2
5 512 5
5 513 1
5 514 3
5 515 1
5 516 2
5 517 1
5 518 1
5 519 1
5 520 1
5 521 6
5 522 1
5 523 1
5 524 2
5 525 1
5 526 2
5 527 1
5 528 1
5 529 1
5 530 1
5 531 1
5 532 12
5 533 15
5 534 2
5 535 4
5 536 2
5 537 1
5 538 1
5 539 1
5 540 1
5 541 6
5 542 3
5 543 1
5 544 1
5 545 1
5 546 1
5 547 1
5 548 4
5 549 1
5 550 1
5 551 15
5 552 1
5 553 1
5 554 2
5 555 1
6 1 1
6 3 1
6 6 9
6 10 1
6 14 3
6 16 3
6 25 3
6 26 1
6 30 1
6 34 8
6 42 2
6 48 2
6 50 1
6 52 3
6 54 1
6 55 2
6 62 1
6 66 2
6 68 1
6 74 2
6 79 4
6 93 2
6 96 2
6 101 1
6 107 1
6 109 1
6 114 1
6 130 1
6 136 1
6 146 1
6 149 6
6 152 1
6 158 10
6 159 1
6 167 1
6 169 2
6 174 10
6 175 9
6 176 1
6 177 9
6 180 1
6 181 1
6 183 2
6 184 4
6 185 3
6 190 1
6 192 2
6 194 1
6 211 1
6 212 1
6 214 7
6 216 2
6 244 1
6 245 1
6 248 10
6 249 1
6 253 1
6 257 1
6 258 4
6 259 1
6 260 2
6 262 2
6 269 1
6 277 2
6 280 1
6 281 1
6 282 1
6 293 11
6 302 1
6 316 1
6 343 1
6 345 1
6 346 1
6 361 1
6 387 2
6 391 1
6 401 1
6 410 1
6 414 1
6 420 1
6 422 1
6 428 1
6 432 1
6 439 1
6 446 1
6 463 2
6 464 1
6 474 2
6 479 1
6 482 2
6 483 1
6 492 1
6 493 1
6 496 1
6 506 2
6 510 3
6 518 3
6 519 5
6 521 2
6 532 3
6 537 1
6 538 1
6 540 4
6 542 3
6 551 30
6 556 1
6 557 1
6 558 3
6 559 5
6 560 1
6 561 2
6 562 2
6 563 4
6 564 1
6 565 1
6 566 6
6 567 8
6 568 1
6 569 1
6 570 8
6 571 1
6 572 3
6 573 5
6 574 8
6 575 1
6 576 1
6 577 1
6 578 1
6 579 2
6 580 1
6 581 1
6 582 1
6 583 1
6 584 1
6 585 3
6 586 1
6 587 3
6 588 1
6 589 1
6 590 2
6 591 2
6 592 2
6 593 3
6 594 1
6 595 2
6 596 3
6 597 1
6 598 1
6 599 3
6 600 1
6 601 1
6 602 6
6 603 1
6 604 1
6 605 1
6 606 1
6 607 1
6 608 1
6 609 5
6 610 1
6 611 1
6 612 1
6 613 3
6 614 1
6 615 1
6 616 3
6 617 1
6 618 1
6 619 1
6 620 1
6 621 1
6 622 1
6 623 1
6 624 2
6 625 1
6 626 1
6 627 2
6 628 1
6 629 2
6 630 3
6 631 1
6 632 4
6 633 1
6 634 1
6 635 2
6 636 1
6 637 1
6 638 1
6 639 1
6 640 1
6 641 1
6 642 1
6 643 3
6 644 4
6 645 1
6 646 1
6 647 7
6 648 1
6 649 1
6 650 1
6 651 1
6 652 2
6 653 1
7 1 2
7 2 1
7 3 5
7 4 1
7 10 1
7 14 7
7 15 8
7 26 1
7 28 1
7 30 3
7 34 7
7 37 3
7 42 2
7 45 1
7 52 8
7 53 1
7 54 1
7 55 3
7 56 1
7 59 6
7 60 1
7 66 11
7 68 1
7 70 1
7 74 4
7 78 1
7 79 4
7 80 1
7 87 3
7 90 1
7 93 3
7 104 2
7 106 1
7 109 1
7 111 4
7 114 1
7 115 1
7 130 1
7 133 1
7 135 1
7 136 8
7 146 1
7 148 4
7 149 8
7 151 2
7 155 1
7 158 1
7 159 1
7 167 1
7 169 1
7 174 9
7 175 3
7 177 4
7 181 2
7 184 7
7 185 6
7 191 2
7 192 6
7 194 2
7 196 1
7 197 3
7 204 1
7 206 5
7 207 1
7 208 1
7 211 2
7 212 3
7 214 3
7 216 2
7 226 2
7 228 1
7 232 2
7 234 2
7 235 2
7 238 1
7 239 1
7 244 3
7 245 1
7 246 10
7 248 1
7 249 1
7 253 1
7 258 8
7 259 1
7 260 5
7 262 1
7 270 1
7 281 5
7 283 3
7 286 1
7 288 1
7 290 1
7 302 2
7 305 1
7 312 1
7 315 1
7 322 1
7 339 1
7 340 1
7 342 3
7 343 1
7 344 1
7 346 1
7 355 1
7 361 1
7 370 1
7 391 1
7 400 1
7 410 2
7 416 1
7 432 1
7 439 2
7 440 1
7 462 5
7 463 7
7 484 3
7 495 3
7 502 2
7 506 1
7 520 3
7 525 2
7 551 5
7 562 1
7 566 6
7 576 1
7 583 1
7 602 1
7 621 1
7 654 1
7 655 1
7 656 1
7 657 2
7 658 1
7 659 1
7 660 1
7 661 1
7 662 2
7 663 1
7 664 1
7 665 1
7 666 1
7 667 1
7 668 1
7 669 1
7 670 1
7 671 1
7 672 1
7 673 1
7 674 1
7 675 1
7 676 1
7 677 1
7 678 1
7 679 1
7 680 1
7 681 2
7 682 1
7 683 1
7 684 1
7 685 1
7 686 4
7 687 1
7 688 1
7 689 1
7 690 1
7 691 2
7 692 1
7 693 1
7 694 1
7 695 1
7 696 7
7 697 1
7 698 1
7 699 1
7 700 1
7 701 2
7 702 2
7 703 1
7 704 2
7 705 3
7 706 2
7 707 1
7 708 1
7 709 2
7 710 1
7 711 1
7 712 3
7 713 1
7 714 1
7 715 1
7 716 1
7 717 1
7 718 1
7 719 6
7 720 1
7 721 32
8 3 1
8 10 3
8 14 5
8 15 4
8 19 1
8 30 3
8 34 1
8 37 1
8 42 2
8 51 3
8 55 2
8 56 1
8 57 1
8 68 1
8 69 1
8 74 1
8 76 21
8 79 4
8 87 1
8 93 1
8 104 1
8 107 1
8 108 1
8 109 1
8 115 1
8 129 1
8 130 1
8 141 1
8 144 31
8 149 8
8 151 1
8 155 1
8 159 1
8 161 1
8 164 1
8 175 4
8 176 1
8 177 5
8 178 1
8 181 2
8 184 2
8 185 1
8 188 1
8 192 9
8 194 4
8 195 2
8 196 1
8 197 2
8 204 3
8 207 1
8 208 1
8 211 1
8 212 2
8 216 1
8 219 2
8 222 1
8 226 2
8 236 1
8 237 1
8 238 1
8 239 1
8 243 2
8 248 5
8 250 1
8 253 1
8 262 1
8 264 1
8 287 1
8 305 1
8 342 1
8 346 2
8 359 2
8 370 1
8 372 7
8 383 1
8 387 3
8 390 1
8 391 4
8 393 1
8 403 3
8 404 1
8 406 1
8 427 9
8 430 2
8 434 3
8 435 1
8 439 2
8 449 8
8 454 5
8 456 2
8 462 1
8 464 1
8 475 2
8 496 1
8 507 1
8 525 1
8 532 1
8 542 2
8 566 2
8 582 1
8 670 1
8 686 1
8 688 1
8 694 1
8 718 1
8 720 4
8 722 1
8 723 1
8 724 2
8 725 1
8 726 1
8 727 1
8 728 2
8 729 4
8 730 2
8 731 2
8 732 1
8 733 1
8 734 1
8 735 1
8 736 1
8 737 3
8 738 1
8 739 1
8 740 1
8 741 1
8 742 1
8 743 1
8 744 1
8 745 1
8 746 1
8 747 1
8 748 2
8 749 1
8 750 1
8 751 1
8 752 1
8 753 3
8 754 2
8 755 10
8 756 1
8 757 1
8 758 1
8 759 1
8 760 1
8 761 1
8 762 1
8 763 1
8 764 1
9 14 1
9 129 1
9 235 1
9 318 1
9 329 1
9 345 1
9 420 1
9 463 1
9 765 1
9 766 1
9 767 3
9 768 1
9 769 1
9 770 1
9 771 2
9 772 1
9 773 1
9 774 1
10 1 1
10 3 3
10 7 1
10 10 1
10 14 2
10 26 1
10 28 1
10 30 1
10 34 4
10 36 1
10 39 1
10 42 4
10 43 1
10 44 4
10 50 1
10 52 4
10 54 1
10 55 6
10 56 1
10 59 1
10 68 1
10 74 1
10 76 6
10 78 1
10 79 3
10 86 4
10 93 1
10 96 1
10 104 1
10 107 1
10 109 1
10 111 1
10 114 1
10 117 1
10 127 1
10 135 1
10 141 2
10 144 16
10 146 1
10 149 5
10 151 1
10 152 2
10 155 1
10 158 4
10 159 1
10 169 2
10 174 9
10 175 4
10 176 1
10 177 2
10 181 1
10 184 5
10 185 1
10 191 5
10 192 15
10 211 2
10 214 1
10 216 2
10 217 7
10 219 3
10 244 4
10 248 11
10 253 1
10 257 1
10 262 1
10 277 1
10 288 1
10 293 18
10 299 2
10 305 2
10 322 7
10 369 1
10 372 16
10 391 2
10 409 2
10 410 3
10 425 3
10 427 2
10 435 1
10 439 2
10 462 15
10 463 1
10 464 2
10 479 1
10 480 1
10 483 1
10 492 2
10 493 1
10 494 1
10 502 1
10 513 1
10 516 1
10 519 2
10 525 1
10 532 6
10 536 2
10 544 2
10 551 17
10 566 7
10 572 1
10 576 1
10 583 3
10 620 1
10 670 1
10 693 1
10 694 4
10 699 1
10 709 1
10 711 2
10 720 1
10 722 4
10 746 1
10 761 1
10 764 1
10 769 2
10 774 5
10 775 1
10 776 1
10 777 1
10 778 3
10 779 1
10 780 1
10 781 1
10 782 2
10 783 11
10 784 2
10 785 1
10 786 2
10 787 1
10 788 2
10 789 1
10 790 16
10 791 3
10 792 1
10 793 2
10 794 3
10 795 7
10 796 3
10 797 1
10 798 1
10 799 1
10 800 3
10 801 1
10 802 1
10 803 1
10 804 1
10 805 1
10 806 1
10 807 1
10 808 10
10 809 4
10 810 2
11 3 1
11 10 4
11 14 4
11 15 7
11 26 1
11 30 3
11 34 1
11 37 12
11 42 4
11 44 1
11 47 1
11 52 5
11 53 6
11 55 3
11 56 1
11 65 1
11 66 3
11 68 1
11 74 2
11 79 5
11 87 1
11 93 1
11 99 1
11 104 1
11 107 1
11 109 1
11 114 1
11 115 2
11 130 2
11 139 2
11 142 2
11 146 1
11 149 9
11 159 1
11 169 2
11 174 1
11 181 1
11 184 6
11 194 1
11 196 1
11 204 1
11 206 1
11 207 8
11 208 1
11 212 1
11 215 2
11 216 4
11 226 2
11 232 1
11 234 8
11 235 10
11 238 1
11 239 1
11 244 4
11 248 3
11 253 1
11 262 1
11 265 1
11 280 1
11 281 2
11 282 1
11 284 3
11 290 1
11 312 1
11 322 1
11 339 1
11 340 1
11 343 1
11 346 1
11 347 1
11 378 4
11 383 1
11 392 2
11 407 1
11 411 4
11 418 1
11 434 1
11 440 1
11 450 1
11 465 2
11 509 2
11 583 1
11 599 1
11 621 1
11 628 1
11 704 1
11 706 1
11 718 1
11 720 2
11 748 1
11 750 1
11 758 1
11 795 1
11 796 1
11 803 1
11 811 3
11 812 7
11 813 1
11 814 3
11 815 4
11 816 10
11 817 1
11 818 1
11 819 1
11 820 1
11 821 1
11 822 2
11 823 1
11 824 1
11 825 3
11 826 1
11 827 1
11 828 1
11 829 1
11 830 1
11 831 1
11 832 1
11 833 1
11 834 1
11 835 1
11 836 1
11 837 1
11 838 11
11 839 1
11 840 1
11 841 1
11 842 1
11 843 1
11 844 1
12 3 14
12 10 8
12 13 1
12 14 3
12 15 7
12 26 1
12 30 3
12 34 3
12 37 6
12 42 3
12 44 1
12 52 4
12 55 2
12 56 2
12 58 1
12 59 2
12 63 12
12 68 1
12 69 1
12 72 1
12 74 1
12 79 5
12 87 2
12 93 1
12 99 1
12 104 2
12 109 1
12 111 1
12 114 1
12 115 1
12 122 1
12 127 1
12 130 2
12 133 1
12 139 3
12 142 8
12 146 1
12 148 1
12 149 9
12 151 2
12 159 1
12 169 3
12 177 4
12 178 5
12 180 2
12 181 2
12 184 14
12 185 4
12 191 7
12 195 2
12 196 1
12 197 1
12 199 2
12 206 6
12 207 2
12 208 1
12 211 2
12 212 1
12 214 1
12 216 13
12 218 1
12 219 3
12 222 2
12 226 2
12 234 3
12 235 10
12 237 1
12 238 1
12 239 1
12 244 3
12 253 3
12 259 1
12 262 1
12 265 1
12 272 1
12 275 1
12 282 1
12 308 1
12 340 1
12 346 1
12 361 3
12 391 5
12 407 1
12 439 1
12 440 8
12 469 1
12 490 1
12 502 2
12 508 11
12 509 1
12 513 1
12 525 4
12 532 2
12 540 1
12 596 9
12 620 1
12 627 1
12 633 1
12 670 2
12 693 2
12 699 1
12 709 3
12 735 1
12 761 1
12 763 1
12 792 1
12 793 1
12 803 1
12 807 1
12 809 1
12 816 5
12 823 1
12 826 1
12 828 1
12 830 3
12 834 1
12 838 12
12 845 1
12 846 1
12 847 1
12 848 1
12 849 1
12 850 6
12 851 1
12 852 1
12 853 1
12 854 1
12 855 2
12 856 1
12 857 3
12 858 1
12 859 3
12 860 1
12 861 1
12 862 2
12 863 1
12 864 6
12 865 2
12 866 4
12 867 1
12 868 1
12 869 1
12 870 1
12 871 2
12 872 1
12 873 1
12 874 1
12 875 1
12 876 1
12 877 1
12 878 1
12 879 2
12 880 1
12 881 1
12 882 2
12 883 1
13 2 2
13 3 4
13 6 3
13 10 6
13 12 1
13 14 4
13 15 16
13 26 1
13 28 1
13 30 1
13 34 4
13 37 2
13 42 2
13 44 2
13 52 4
13 54 2
13 55 2
13 56 2
13 59 1
13 66 1
13 68 1
13 74 1
13 76 3
13 78 2
13 79 2
13 86 4
13 87 4
13 92 2
13 93 2
13 99 1
13 107 4
13 109 1
13 114 1
13 122 1
13 123 1
13 140 1
13 141 1
13 144 5
13 145 1
13 146 1
13 149 4
13 159 2
13 161 1
13 163 2
13 169 3
13 172 1
13 174 1
13 175 3
13 177 10
13 178 2
13 181 14
13 184 4
13 185 2
13 192 18
13 199 1
13 204 2
13 206 1
13 212 2
13 214 3
13 216 2
13 218 1
13 219 2
13 248 3
13 250 3
13 253 2
13 258 1
13 259 1
13 262 1
13 263 1
13 269 1
13 272 1
13 274 2
13 286 1
13 288 1
13 302 2
13 344 1
13 346 3
13 347 1
13 352 1
13 356 1
13 359 4
13 369 1
13 372 29
13 379 1
13 385 1
13 388 2
13 403 1
13 404 3
13 412 1
13 413 1
13 414 1
13 420 30
13 424 1
13 430 1
13 437 1
13 439 2
13 440 1
13 464 2
13 468 1
13 484 2
13 490 2
13 494 1
13 495 1
13 531 1
13 537 2
13 582 2
13 696 4
13 704 1
13 706 1
13 709 1
13 720 1
13 750 2
13 756 6
13 761 1
13 788 2
13 795 2
13 829 1
13 884 1
13 885 3
13 886 1
13 887 1
13 888 1
13 889 1
13 890 1
13 891 1
13 892 2
13 893 1
13 894 1
13 895 1
13 896 2
13 897 1
13 898 2
13 899 1
13 900 1
13 901 1
13 902 1
13 903 10
13 904 2
13 905 4
13 906 1
13 907 1
13 908 1
13 909 1
13 910 1
13 911 1
13 912 5
13 913 2
13 914 2
13 915 3
13 916 1
13 917 4
13 918 1
13 919 1
13 920 1
13 921 2
13 922 1
13 923 1
13 924 1
13 925 1
13 926 1
13 927 1
13 928 1
13 929 1
13 930 1
13 931 1
13 932 1
13 933 1
13 934 1
13 935 2
13 936 1
14 2 1
14 3 2
14 10 2
14 14 5
14 15 17
14 19 1
14 24 1
14 26 1
14 30 3
14 34 3
14 37 1
14 42 2
14 44 1
14 52 3
14 53 1
14 54 1
14 55 2
14 56 3
14 58 1
14 68 1
14 74 3
14 78 2
14 79 5
14 86 1
14 87 2
14 93 3
14 99 1
14 104 3
14 108 1
14 109 1
14 111 3
14 114 1
14 115 1
14 117 1
14 122 1
14 126 17
14 127 1
14 129 1
14 130 3
14 136 1
14 139 4
14 142 8
14 146 1
14 148 1
14 149 9
14 157 1
14 159 2
14 163 1
14 169 1
14 174 8
14 175 1
14 177 2
14 181 1
14 184 5
14 185 2
14 189 1
14 191 1
14 192 1
14 195 1
14 196 1
14 199 3
14 204 1
14 207 1
14 208 1
14 214 1
14 216 2
14 226 2
14 228 1
14 234 5
14 235 8
14 238 1
14 239 1
14 244 2
14 248 1
14 253 5
14 262 1
14 265 1
14 282 1
14 284 3
14 286 1
14 288 2
14 289 1
14 312 1
14 319 1
14 322 3
14 340 1
14 351 1
14 352 1
14 387 1
14 391 2
14 403 1
14 404 2
14 413 1
14 418 1
14 425 1
14 430 1
14 437 2
14 439 1
14 440 1
14 449 1
14 457 1
14 460 1
14 464 2
14 468 1
14 477 1
14 492 1
14 494 2
14 502 2
14 506 1
14 508 1
14 518 1
14 525 1
14 542 1
14 616 4
14 628 1
14 630 10
14 683 1
14 692 1
14 696 1
14 704 1
14 709 1
14 720 1
14 729 1
14 738 1
14 761 1
14 762 1
14 773 5
14 796 1
14 802 2
14 803 1
14 814 1
14 816 9
14 823 1
14 825 1
14 838 14
14 841 2
14 842 1
14 879 2
14 887 2
14 889 1
14 891 1
14 901 1
14 908 1
14 937 1
14 938 1
14 939 3
14 940 1
14 941 1
14 942 1
14 943 2
14 944 2
14 945 1
14 946 1
14 947 1
14 948 1
14 949 1
14 950 1
14 951 1
14 952 1
14 953 1
14 954 8
14 955 1
14 956 1
14 957 1
14 958 1
14 959 2
14 960 1
14 961 1
14 962 1
14 963 1
14 964 7
14 965 1
14 966 2
14 967 1
14 968 1
14 969 1
14 970 1
14 971 16
14 972 1
14 973 1
14 974 3
14 975 1
14 976 1
15 1 1
15 3 9
15 14 4
15 15 26
15 16 1
15 26 1
15 27 2
15 34 3
15 37 4
15 42 2
15 51 2
15 52 4
15 54 1
15 55 3
15 56 2
15 59 1
15 65 1
15 66 1
15 72 1
15 73 1
15 74 1
15 79 1
15 86 4
15 88 1
15 93 1
15 96 2
15 97 1
15 104 4
15 106 2
15 109 1
15 111 4
15 114 1
15 117 1
15 122 2
15 129 1
15 133 1
15 135 3
15 138 1
15 139 1
15 140 2
15 144 15
15 146 1
15 147 1
15 149 1
15 151 1
15 152 3
15 155 2
15 158 4
15 159 1
15 167 1
15 168 2
15 169 2
15 174 13
15 175 10
15 177 4
15 180 1
15 181 1
15 183 5
15 184 10
15 185 2
15 191 1
15 192 1
15 194 1
15 195 1
15 206 9
15 211 9
15 212 9
15 214 3
15 228 1
15 237 1
15 244 2
15 245 1
15 246 1
15 248 16
15 253 1
15 258 3
15 262 3
15 265 2
15 274 2
15 285 2
15 288 5
15 291 3
15 308 1
15 312 1
15 317 1
15 320 1
15 322 1
15 339 1
15 340 1
15 345 2
15 346 3
15 355 1
15 361 2
15 363 1
15 369 4
15 372 17
15 375 1
15 385 2
15 391 1
15 392 1
15 409 3
15 410 1
15 418 1
15 425 8
15 430 2
15 435 1
15 439 1
15 462 1
15 464 2
15 468 3
15 469 3
15 479 2
15 480 6
15 482 2
15 484 1
15 485 1
15 486 1
15 492 7
15 502 3
15 506 1
15 510 1
15 511 2
15 521 2
15 525 1
15 532 4
15 536 2
15 537 2
15 539 1
15 542 1
15 544 4
15 551 13
15 566 4
15 570 1
15 576 2
15 578 1
15 582 2
15 595 12
15 598 1
15 602 2
15 625 1
15 630 2
15 657 2
15 663 1
15 668 1
15 670 1
15 681 1
15 693 10
15 706 1
15 730 1
15 735 1
15 739 1
15 761 3
15 762 1
15 768 2
15 775 1
15 777 1
15 779 2
15 783 1
15 785 6
15 794 4
15 796 1
15 798 1
15 799 2
15 802 2
15 804 1
15 808 5
15 813 1
15 828 2
15 856 1
15 868 1
15 913 2
15 922 1
15 930 1
15 933 2
15 941 1
15 952 2
15 957 1
15 967 1
15 972 1
15 977 1
15 978 1
15 979 2
15 980 1
15 981 1
15 982 2
15 983 2
15 984 2
15 985 1
15 986 1
15 987 1
15 988 1
15 989 2
15 990 1
15 991 1
15 992 1
15 993 1
15 994 1
15 995 2
15 996 5
15 997 1
15 998 2
15 999 1
15 1000 1
15 1001 9
15 1002 9
15 1003 1
15 1004 1
15 1005 2
15 1006 1
15 1007 3
15 1008 2
15 1009 1
15 1010 1
15 1011 1
15 1012 1
15 1013 1
15 1014 1
15 1015 1
15 1016 1
15 1017 3
15 1018 1
15 1019 6
15 1020 1
15 1021 1
15 1022 1
15 1023 1
15 1024 1
15 1025 1
16 1 2
16 2 4
16 3 3
16 11 1
16 13 1
16 14 17
16 15 18
16 19 2
16 21 8
16 27 1
16 30 1
16 34 1
16 37 1
16 42 4
16 44 1
16 45 4
16 50 1
16 52 1
16 55 1
16 56 6
16 59 3
16 65 3
16 66 1
16 68 1
16 72 5
16 74 1
16 79 2
16 86 4
16 93 1
16 95 1
16 99 1
16 107 2
16 111 7
16 114 1
16 116 3
16 129 6
16 130 2
16 133 1
16 140 3
16 142 1
16 145 7
16 146 1
16 149 4
16 155 1
16 157 1
16 159 1
16 164 1
16 169 3
16 175 2
16 176 2
16 177 7
16 181 3
16 184 6
16 185 1
16 197 3
16 205 3
16 211 1
16 212 1
16 216 1
16 219 13
16 222 1
16 223 1
16 224 6
16 228 1
16 229 2
16 242 5
16 243 1
16 250 1
16 251 1
16 257 1
16 262 2
16 264 1
16 265 3
16 272 2
16 273 5
16 274 1
16 289 1
16 292 1
16 300 1
16 304 1
16 308 2
16 328 1
16 343 3
16 346 4
16 347 1
16 355 1
16 356 1
16 361 2
16 363 1
16 367 1
16 382 1
16 383 1
16 386 2
16 390 1
16 391 6
16 404 2
16 409 1
16 414 1
16 417 1
16 420 4
16 430 2
16 432 2
16 435 5
16 437 1
16 440 2
16 442 2
16 451 5
16 463 1
16 477 2
16 482 1
16 485 1
16 488 1
16 490 1
16 499 1
16 501 1
16 509 1
16 525 8
16 537 1
16 540 4
16 544 1
16 561 1
16 562 2
16 564 1
16 569 1
16 578 1
16 600 1
16 605 1
16 611 1
16 619 2
16 638 1
16 646 2
16 654 2
16 683 1
16 684 1
16 704 10
16 730 1
16 745 2
16 756 1
16 788 1
16 816 1
16 820 1
16 823 2
16 839 1
16 848 1
16 859 1
16 877 1
16 910 3
16 925 1
16 930 21
16 939 2
16 944 1
16 968 1
16 1005 2
16 1026 1
16 1027 2
16 1028 1
16 1029 1
16 1030 3
16 1031 1
16 1032 1
16 1033 1
16 1034 1
16 1035 1
16 1036 1
16 1037 1
16 1038 3
16 1039 3
16 1040 1
16 1041 1
16 1042 2
16 1043 1
16 1044 1
16 1045 2
16 1046 1
16 1047 3
16 1048 1
16 1049 1
16 1050 1
16 1051 1
16 1052 1
16 1053 2
16 1054 1
16 1055 1
16 1056 1
16 1057 2
16 1058 1
16 1059 1
16 1060 3
16 1061 1
16 1062 1
16 1063 1
16 1064 1
16 1065 1
16 1066 1
16 1067 1
16 1068 2
16 1069 1
16 1070 1
16 1071 6
16 1072 1
16 1073 1
16 1074 2
16 1075 1
16 1076 1
16 1077 1
16 1078 2
16 1079 1
16 1080 1
16 1081 1
16 1082 1
16 1083 1
16 1084 2
16 1085 2
16 1086 1
16 1087 1
16 1088 1
16 1089 2
16 1090 1
16 1091 1
16 1092 2
16 1093 2
16 1094 2
16 1095 1
16 1096 3
16 1097 2
16 1098 1
16 1099 1
16 1100 1
16 1101 1
16 1102 1
16 1103 1
16 1104 1
16 1105 1
16 1106 1
16 1107 1
16 1108 2
16 1109 1
16 1110 1
16 1111 1
16 1112 1
16 1113 1
16 1114 1
16 1115 1
16 1116 1
16 1117 1
16 1118 1
16 1119 2
16 1120 1
16 1121 1
16 1122 1
16 1123 3
16 1124 1
16 1125 1
16 1126 2
16 1127 1
16 1128 1
16 1129 11
16 1130 3
16 1131 3
16 1132 47
16 1133 1
16 1134 3
16 1135 5
16 1136 1
16 1137 4
16 1138 1
16 1139 2
16 1140 3
16 1141 1
16 1142 1
16 1143 1
16 1144 3
16 1145 1
16 1146 1
16 1147 1
16 1148 4
16 1149 1
16 1150 3
16 1151 2
16 1152 1
16 1153 1
16 1154 1
16 1155 1
16 1156 1
16 1157 1
16 1158 13
16 1159 3
16 1160 1
16 1161 1
16 1162 1
16 1163 1
16 1164 1
17 3 1
17 8 3
17 10 3
17 14 1
17 29 1
17 34 1
17 37 1
17 45 1
17 51 2
17 52 2
17 53 1
17 57 2
17 62 1
17 66 3
17 76 1
17 79 1
17 80 1
17 87 1
17 88 2
17 101 1
17 108 1
17 116 2
17 135 1
17 137 3
17 144 1
17 151 1
17 152 1
17 174 4
17 175 1
17 192 1
17 194 2
17 207 1
17 211 1
17 216 1
17 224 1
17 235 2
17 241 1
17 244 2
17 250 3
17 251 2
17 262 1
17 264 2
17 265 3
17 284 1
17 293 6
17 305 1
17 314 1
17 316 1
17 346 1
17 359 1
17 372 1
17 388 1
17 391 1
17 393 1
17 405 1
17 422 1
17 430 2
17 435 1
17 439 2
17 440 1
17 462 1
17 463 1
17 477 1
17 492 1
17 537 1
17 566 1
17 583 1
17 596 1
17 706 1
17 709 1
17 728 2
17 731 1
17 788 1
17 838 1
17 909 1
17 922 1
17 924 1
17 935 1
17 1055 1
17 1061 1
17 1102 1
17 1107 1
17 1151 1
17 1165 1
17 1166 1
17 1167 1
17 1168 1
17 1169 1
17 1170 1
17 1171 1
17 1172 1
17 1173 1
17 1174 1
17 1175 1
17 1176 1
17 1177 11
17 1178 1
17 1179 1
17 1180 2
17 1181 1
17 1182 1
17 1183 1
17 1184 2
17 1185 1
18 3 4
18 10 2
18 14 7
18 15 3
18 16 2
18 34 2
18 36 1
18 50 2
18 55 2
18 62 1
18 65 1
18 70 1
18 77 1
18 80 1
18 104 6
18 107 1
18 118 1
18 129 1
18 140 1
18 145 1
18 151 1
18 175 1
18 176 1
18 185 4
18 187 1
18 191 1
18 194 2
18 204 1
18 241 1
18 281 2
18 285 1
18 299 12
18 305 2
18 327 1
18 330 1
18 340 1
18 346 1
18 391 1
18 439 1
18 451 1
18 463 1
18 492 1
18 519 1
18 531 1
18 532 2
18 546 1
18 630 1
18 669 1
18 671 1
18 728 1
18 748 1
18 772 1
18 815 1
18 819 1
18 855 1
18 888 1
18 909 1
18 925 2
18 1005 1
18 1055 1
18 1101 1
18 1102 1
18 1123 1
18 1132 1
18 1149 1
18 1158 1
18 1172 1
18 1186 3
18 1187 3
18 1188 1
18 1189 1
18 1190 1
18 1191 2
18 1192 1
18 1193 1
18 1194 1
18 1195 1
18 1196 1
18 1197 2
18 1198 1
18 1199 1
19 2 2
19 3 4
19 10 2
19 13 1
19 14 4
19 15 5
19 16 2
19 34 1
19 36 1
19 37 1
19 50 2
19 55 1
19 62 1
19 77 1
19 80 1
19 96 3
19 104 3
19 107 1
19 119 1
19 122 1
19 129 2
19 133 1
19 136 1
19 140 1
19 151 1
19 158 1
19 175 1
19 176 1
19 184 1
19 185 4
19 192 3
19 205 1
19 212 2
19 224 1
19 228 2
19 241 1
19 260 1
19 265 1
19 272 1
19 299 12
19 305 1
19 324 1
19 370 2
19 386 1
19 425 1
19 439 1
19 451 1
19 457 2
19 462 1
19 492 1
19 509 1
19 513 1
19 519 1
19 536 1
19 537 1
19 538 1
19 566 1
19 570 3
19 621 1
19 630 1
19 669 1
19 671 1
19 728 1
19 770 2
19 771 1
19 782 1
19 819 2
19 853 2
19 902 1
19 913 1
19 935 1
19 1055 1
19 1062 1
19 1101 1
19 1102 1
19 1123 2
19 1172 1
19 1186 1
19 1188 1
19 1190 1
19 1192 1
19 1199 1
19 1200 1
19 1201 2
19 1202 1
19 1203 1
19 1204 1
19 1205 1
19 1206 1
19 1207 1
20 2 1
20 10 1
20 14 4
20 15 2
20 19 1
20 24 1
20 26 1
20 34 1
20 37 5
20 56 1
20 59 1
20 66 1
20 74 1
20 79 1
20 86 8
20 87 1
20 101 1
20 108 1
20 115 2
20 118 1
20 142 3
20 145 2
20 149 1
20 151 1
20 152 1
20 174 6
20 175 11
20 178 2
20 180 1
20 181 3
20 184 2
20 195 1
20 197 1
20 211 1
20 216 2
20 222 2
20 234 1
20 241 1
20 242 1
20 244 1
20 248 1
20 251 1
20 254 1
20 259 1
20 262 1
20 264 3
20 265 1
20 272 1
20 275 1
20 276 1
20 280 1
20 293 6
20 297 1
20 317 2
20 319 1
20 322 1
20 346 1
20 356 1
20 362 1
20 369 1
20 372 1
20 391 1
20 392 1
20 430 1
20 439 1
20 442 2
20 457 1
20 464 1
20 495 1
20 508 1
20 519 1
20 580 1
20 594 2
20 621 1
20 669 1
20 695 1
20 706 1
20 720 1
20 803 1
20 808 2
20 809 1
20 816 1
20 838 1
20 840 1
20 874 2
20 954 1
20 1016 1
20 1047 1
20 1080 1
20 1088 1
20 1107 1
20 1124 2
20 1158 1
20 1171 1
20 1188 1
20 1205 2
20 1208 2
20 1209 1
20 1210 1
20 1211 1
20 1212 1
20 1213 1
20 1214 1
20 1215 1
20 1216 1
20 1217 1
20 1218 1
20 1219 1
20 1220 1
20 1221 1
20 1222 1
20 1223 1
20 1224 1
20 1225 2
20 1226 1
20 1227 1
20 1228 1
20 1229 1
20 1230 2
20 1231 1
20 1232 1
20 1233 1
20 1234 1
20 1235 1
20 1236 1
21 4 2
21 14 6
21 25 1
21 37 6
21 79 1
21 86 4
21 88 2
21 99 1
21 112 3
21 117 2
21 129 1
21 148 1
21 149 1
21 152 1
21 175 5
21 179 2
21 181 1
21 197 1
21 212 2
21 216 4
21 229 2
21 240 1
21 244 1
21 262 2
21 277 1
21 293 7
21 316 1
21 346 1
21 374 1
21 416 1
21 439 2
21 442 1
21 475 1
21 477 1
21 491 1
21 494 2
21 513 1
21 518 1
21 522 1
21 535 1
21 543 1
21 544 1
21 669 1
21 769 1
21 794 1
21 889 1
21 957 1
21 1005 1
21 1015 2
21 1060 1
21 1118 1
21 1181 1
21 1208 1
21 1221 1
21 1224 1
21 1226 1
21 1230 1
21 1234 1
21 1237 1
21 1238 1
21 1239 1
21 1240 1
21 1241 1
21 1242 1
21 1243 1
21 1244 1
21 1245 1
21 1246 1
21 1247 1
21 1248 1
21 1249 3
21 1250 1
21 1251 1
21 1252 1
21 1253 1
21 1254 1
21 1255 1
22 1 1
22 3 4
22 10 2
22 12 2
22 14 7
22 15 6
22 16 2
22 18 2
22 19 2
22 26 1
22 30 1
22 34 3
22 37 3
22 42 1
22 45 1
22 54 3
22 56 1
22 62 1
22 68 1
22 74 2
22 77 1
22 79 2
22 86 4
22 87 2
22 88 1
22 93 1
22 99 1
22 101 1
22 104 1
22 108 2
22 111 2
22 115 1
22 123 1
22 126 1
22 127 4
22 128 1
22 129 1
22 135 1
22 136 1
22 140 2
22 149 4
22 152 1
22 157 1
22 159 1
22 164 1
22 167 1
22 169 2
22 174 3
22 184 4
22 185 2
22 190 1
22 194 1
22 206 4
22 207 1
22 216 1
22 217 2
22 219 2
22 228 1
22 242 1
22 244 1
22 250 1
22 259 1
22 260 3
22 262 2
22 264 1
22 269 2
22 272 4
22 274 1
22 289 1
22 293 2
22 299 2
22 302 1
22 308 2
22 361 2
22 378 1
22 391 1
22 403 1
22 450 3
22 457 1
22 491 18
22 492 8
22 495 1
22 497 1
22 500 1
22 501 1
22 526 2
22 541 2
22 580 1
22 621 1
22 657 1
22 678 2
22 695 3
22 725 1
22 802 1
22 849 1
22 870 1
22 889 2
22 895 1
22 954 18
22 957 1
22 958 2
22 1005 6
22 1021 2
22 1134 2
22 1135 2
22 1138 1
22 1158 1
22 1173 6
22 1177 1
22 1200 1
22 1230 1
22 1256 1
22 1257 1
22 1258 1
22 1259 2
22 1260 1
22 1261 1
22 1262 1
22 1263 2
22 1264 7
22 1265 1
22 1266 1
22 1267 1
22 1268 2
22 1269 1
22 1270 1
22 1271 2
22 1272 1
22 1273 1
22 1274 1
22 1275 6
22 1276 1
22 1277 1
22 1278 1
22 1279 1
22 1280 1
22 1281 1
22 1282 1
23 2 2
23 3 1
23 10 7
23 13 1
23 14 8
23 15 1
23 18 1
23 19 1
23 26 1
23 27 1
23 37 6
23 42 1
23 50 5
23 52 2
23 54 1
23 56 2
23 58 2
23 59 2
23 62 2
23 76 2
23 87 8
23 88 1
23 96 2
23 99 1
23 109 1
23 115 1
23 119 1
23 122 1
23 126 1
23 127 1
23 129 2
23 130 2
23 140 1
23 143 3
23 144 5
23 145 1
23 151 2
23 155 1
23 161 1
23 163 1
23 169 1
23 171 1
23 173 1
23 174 2
23 175 2
23 177 6
23 178 6
23 180 4
23 183 11
23 184 7
23 185 2
23 187 3
23 192 5
23 194 3
23 195 1
23 197 2
23 204 1
23 205 1
23 206 1
23 207 1
23 216 1
23 224 1
23 235 4
23 237 1
23 248 3
23 250 1
23 254 4
23 258 2
23 264 1
23 265 1
23 276 5
23 284 1
23 293 6
23 297 1
23 300 1
23 302 2
23 305 4
23 319 2
23 324 1
23 332 9
23 346 1
23 347 2
23 353 1
23 354 1
23 355 5
23 359 5
23 372 2
23 387 1
23 400 1
23 403 1
23 404 10
23 407 1
23 409 1
23 416 14
23 422 1
23 425 3
23 430 1
23 434 2
23 438 1
23 439 1
23 440 4
23 450 1
23 452 1
23 454 1
23 456 1
23 462 1
23 470 1
23 477 1
23 478 2
23 479 1
23 480 1
23 481 1
23 490 3
23 492 1
23 508 1
23 513 2
23 525 1
23 565 2
23 566 3
23 600 1
23 630 1
23 633 3
23 702 1
23 713 1
23 718 2
23 720 1
23 729 7
23 731 7
23 736 1
23 756 1
23 771 1
23 774 4
23 781 3
23 788 1
23 793 1
23 802 1
23 803 1
23 834 1
23 838 1
23 849 1
23 885 1
23 891 1
23 915 2
23 926 1
23 1042 1
23 1046 6
23 1051 1
23 1057 1
23 1098 1
23 1131 2
23 1150 1
23 1175 1
23 1181 1
23 1201 1
23 1207 1
23 1211 1
23 1212 2
23 1266 1
23 1282 1
23 1283 1
23 1284 2
23 1285 1
23 1286 1
23 1287 1
23 1288 1
23 1289 1
23 1290 1
23 1291 1
23 1292 1
23 1293 3
23 1294 3
23 1295 1
23 1296 1
23 1297 1
23 1298 2
23 1299 1
23 1300 1
23 1301 2
23 1302 2
23 1303 1
23 1304 1
23 1305 2
23 1306 1
23 1307 1
23 1308 1
23 1309 2
23 1310 1
23 1311 1
23 1312 1
23 1313 1
23 1314 1
23 1315 1
23 1316 1
23 1317 1
23 1318 1
23 1319 1
23 1320 2
23 1321 1
23 1322 1
24 2 1
24 3 4
24 7 2
24 10 3
24 14 6
24 15 2
24 16 1
24 26 1
24 28 1
24 30 2
24 34 4
24 37 2
24 39 1
24 42 2
24 45 1
24 51 6
24 52 2
24 53 1
24 55 5
24 56 3
24 57 1
24 58 1
24 66 4
24 68 1
24 74 2
24 79 6
24 86 3
24 88 2
24 93 1
24 98 1
24 99 1
24 109 1
24 111 3
24 112 1
24 123 1
24 137 10
24 139 1
24 149 8
24 151 1
24 152 1
24 159 2
24 161 1
24 164 1
24 169 1
24 174 11
24 175 4
24 177 2
24 178 1
24 181 1
24 184 2
24 185 1
24 188 1
24 192 1
24 194 3
24 207 1
24 211 2
24 219 2
24 222 2
24 226 1
24 227 1
24 244 5
24 251 1
24 253 1
24 262 1
24 264 1
24 288 2
24 293 9
24 304 1
24 305 1
24 322 4
24 324 1
24 329 1
24 340 1
24 347 3
24 356 1
24 370 1
24 385 2
24 387 1
24 430 1
24 435 1
24 462 1
24 492 1
24 495 2
24 502 1
24 513 1
24 557 1
24 566 1
24 583 1
24 651 1
24 670 2
24 706 1
24 709 1
24 720 1
24 725 2
24 752 1
24 766 1
24 774 1
24 785 1
24 792 1
24 805 1
24 874 1
24 887 1
24 893 1
24 898 1
24 960 1
24 977 1
24 1000 1
24 1016 1
24 1084 1
24 1085 1
24 1098 3
24 1136 1
24 1138 1
24 1150 5
24 1151 2
24 1156 1
24 1168 1
24 1172 1
24 1177 23
24 1180 1
24 1230 1
24 1237 1
24 1258 1
24 1323 2
24 1324 1
24 1325 1
24 1326 1
24 1327 1
24 1328 1
24 1329 1
24 1330 1
24 1331 2
24 1332 1
24 1333 1
24 1334 1
24 1335 1
24 1336 4
24 1337 2
24 1338 2
24 1339 1
24 1340 10
24 1341 1
24 1342 2
24 1343 1
24 1344 2
24 1345 1
24 1346 1
24 1347 3
24 1348 1
24 1349 1
24 1350 1
24 1351 3
24 1352 1
24 1353 1
24 1354 2
24 1355 1
24 1356 1
25 1 1
25 2 5
25 3 12
25 4 2
25 7 2
25 14 3
25 15 2
25 18 1
25 24 1
25 26 1
25 29 1
25 30 1
25 34 5
25 37 1
25 52 1
25 55 2
25 57 2
25 66 3
25 68 1
25 74 3
25 79 5
25 86 3
25 88 1
25 93 3
25 99 3
25 104 2
25 108 1
25 112 1
25 114 1
25 115 1
25 130 1
25 136 8
25 140 1
25 143 1
25 145 5
25 146 1
25 149 6
25 152 3
25 159 2
25 171 1
25 174 1
25 175 4
25 181 1
25 185 7
25 194 1
25 196 1
25 207 1
25 208 1
25 216 2
25 226 2
25 228 1
25 238 1
25 244 1
25 253 1
25 260 6
25 262 1
25 264 2
25 281 5
25 293 4
25 305 1
25 326 1
25 335 1
25 342 4
25 384 1
25 387 1
25 393 1
25 439 1
25 441 2
25 477 1
25 482 9
25 487 1
25 495 1
25 502 1
25 536 1
25 546 1
25 557 1
25 558 1
25 653 1
25 669 1
25 674 1
25 677 2
25 793 1
25 805 1
25 1007 1
25 1055 1
25 1058 1
25 1102 1
25 1107 2
25 1186 1
25 1200 1
25 1258 2
25 1324 3
25 1343 1
25 1344 3
25 1357 1
25 1358 1
25 1359 1
25 1360 1
25 1361 1
25 1362 1
25 1363 1
25 1364 1
25 1365 1
25 1366 1
25 1367 1
25 1368 1
26 1 1
26 2 1
26 3 1
26 10 5
26 11 1
26 14 7
26 30 1
26 37 4
26 53 1
26 65 2
26 66 1
26 74 2
26 78 2
26 79 4
26 87 2
26 92 1
26 93 1
26 104 1
26 115 2
26 116 3
26 121 1
26 130 1
26 133 1
26 139 1
26 140 2
26 149 2
26 174 1
26 175 1
26 184 4
26 197 1
26 200 1
26 202 17
26 206 3
26 207 2
26 209 2
26 212 2
26 216 1
26 226 2
26 240 1
26 241 2
26 244 1
26 250 1
26 251 5
26 253 3
26 254 2
26 259 1
26 261 1
26 262 3
26 265 2
26 282 2
26 288 2
26 293 2
26 295 1
26 302 1
26 308 1
26 313 1
26 314 1
26 333 1
26 341 1
26 346 1
26 348 2
26 356 2
26 358 1
26 360 1
26 361 2
26 370 1
26 376 1
26 378 1
26 380 1
26 383 1
26 389 1
26 406 2
26 428 2
26 457 1
26 519 1
26 594 2
26 621 1
26 670 1
26 691 1
26 711 1
26 793 2
26 795 2
26 850 1
26 891 1
26 924 1
26 930 1
26 1005 1
26 1011 1
26 1017 1
26 1055 1
26 1102 1
26 1104 1
26 1145 1
26 1209 1
26 1279 1
26 1329 1
26 1351 2
26 1369 1
26 1370 1
26 1371 1
26 1372 1
26 1373 1
26 1374 1
26 1375 1
26 1376 1
26 1377 1
26 1378 1
26 1379 1
26 1380 1
26 1381 1
26 1382 1
26 1383 1
26 1384 1
27 2 1
27 3 1
27 10 9
27 14 1
27 15 1
27 29 3
27 37 4
27 44 1
27 52 1
27 55 1
27 65 1
27 111 1
27 122 1
27 145 10
27 157 2
27 175 1
27 181 1
27 184 1
27 185 2
27 187 1
27 204 1
27 223 1
27 250 3
27 251 1
27 254 1
27 264 1
27 265 1
27 270 10
27 281 2
27 293 3
27 313 1
27 344 1
27 348 1
27 352 1
27 386 3
27 393 1
27 439 1
27 654 1
27 697 1
27 745 3
27 824 1
27 863 1
27 887 1
27 889 1
27 1055 1
27 1102 1
27 1187 1
27 1225 1
27 1283 1
27 1336 2
27 1375 1
27 1385 1
27 1386 1
27 1387 1
27 1388 1
27 1389 1
27 1390 1
27 1391 1
27 1392 1
27 1393 2
27 1394 1
27 1395 3
27 1396 1
27 1397 5
27 1398 1
28 3 1
28 14 9
28 19 1
28 25 1
28 29 1
28 43 1
28 50 4
28 57 1
28 60 1
28 74 1
28 77 1
28 79 2
28 93 1
28 107 3
28 112 3
28 115 1
28 116 3
28 122 1
28 141 1
28 144 6
28 145 5
28 149 1
28 164 1
28 165 1
28 174 1
28 175 9
28 176 3
28 179 1
28 181 1
28 185 1
28 191 1
28 204 1
28 242 1
28 251 1
28 257 1
28 261 1
28 282 2
28 288 1
28 293 2
28 313 1
28 320 1
28 343 1
28 346 4
28 352 1
28 382 2
28 390 1
28 439 1
28 461 2
28 462 1
28 502 1
28 509 2
28 540 1
28 594 1
28 630 3
28 669 1
28 689 1
28 691 3
28 693 1
28 793 1
28 802 1
28 839 1
28 887 1
28 900 1
28 907 1
28 908 1
28 913 1
28 921 1
28 925 1
28 1074 1
28 1079 1
28 1085 1
28 1096 1
28 1127 1
28 1188 2
28 1206 1
28 1226 1
28 1244 1
28 1324 1
28 1351 1
28 1370 2
28 1399 1
28 1400 2
28 1401 1
28 1402 2
28 1403 2
28 1404 1
28 1405 1
28 1406 1
28 1407 1
28 1408 3
28 1409 2
28 1410 1
28 1411 1
28 1412 1
28 1413 1
28 1414 2
28 1415 1
28 1416 1
28 1417 1
28 1418 1
29 1 1
29 2 7
29 3 9
29 8 2
29 10 5
29 13 1
29 14 6
29 15 14
29 21 1
29 24 1
29 26 1
29 28 1
29 30 3
29 31 2
29 34 3
29 37 6
29 42 1
29 43 1
29 44 1
29 50 1
29 52 3
29 53 1
29 55 1
29 57 1
29 58 1
29 62 1
29 65 2
29 70 1
29 72 1
29 74 2
29 76 1
29 78 1
29 79 4
29 81 2
29 86 2
29 87 5
29 88 1
29 93 2
29 95 2
29 97 1
29 99 1
29 104 5
29 107 3
29 108 1
29 109 1
29 115 4
29 118 1
29 119 1
29 122 1
29 130 2
29 131 1
29 136 4
29 140 3
29 144 4
29 145 2
29 148 1
29 149 6
29 151 3
29 152 1
29 155 1
29 159 2
29 161 2
29 165 1
29 167 1
29 174 4
29 175 6
29 176 2
29 177 1
29 181 1
29 184 7
29 185 4
29 189 1
29 192 3
29 194 1
29 206 1
29 207 3
29 212 5
29 216 2
29 223 1
29 224 3
29 226 2
29 228 2
29 232 4
29 234 1
29 238 5
29 240 2
29 248 2
29 250 1
29 251 1
29 253 2
29 257 1
29 258 1
29 261 5
29 262 5
29 265 1
29 267 2
29 279 1
29 282 2
29 284 1
29 289 1
29 293 1
29 299 2
29 305 4
29 309 1
29 315 1
29 317 6
29 323 1
29 332 1
29 348 1
29 355 1
29 356 1
29 359 2
29 361 1
29 367 1
29 372 3
29 387 2
29 390 1
29 400 1
29 404 3
29 409 2
29 412 8
29 416 1
29 420 19
29 430 1
29 435 1
29 439 1
29 440 1
29 446 1
29 451 4
29 456 3
29 457 1
29 460 2
29 478 1
29 482 3
29 492 2
29 494 2
29 495 1
29 502 2
29 508 1
29 522 2
29 525 1
29 557 1
29 580 3
29 598 1
29 630 1
29 645 1
29 668 1
29 675 1
29 696 1
29 706 1
29 708 2
29 718 3
29 720 2
29 725 1
29 727 1
29 738 1
29 739 1
29 750 3
29 769 1
29 795 1
29 802 1
29 804 1
29 808 1
29 815 1
29 828 1
29 833 1
29 879 1
29 885 1
29 898 1
29 901 1
29 909 6
29 915 1
29 935 2
29 941 1
29 944 1
29 1011 3
29 1017 1
29 1084 1
29 1107 2
29 1138 1
29 1151 2
29 1170 1
29 1175 1
29 1177 2
29 1205 8
29 1206 1
29 1229 1
29 1283 1
29 1284 1
29 1293 3
29 1307 3
29 1314 1
29 1315 1
29 1321 1
29 1324 1
29 1359 1
29 1370 2
29 1399 1
29 1419 1
29 1420 1
29 1421 1
29 1422 1
29 1423 1
29 1424 5
29 1425 1
29 1426 1
29 1427 1
29 1428 1
29 1429 1
29 1430 1
29 1431 3
29 1432 1
29 1433 1
29 1434 1
29 1435 1
29 1436 1
29 1437 1
29 1438 1
29 1439 1
29 1440 1
29 1441 1
29 1442 1
29 1443 1
29 1444 1
29 1445 1
29 1446 1
29 1447 1
29 1448 1
29 1449 1
29 1450 1
30 1 1
30 2 1
30 3 10
30 5 4
30 7 1
30 10 6
30 12 1
30 14 4
30 15 2
30 26 1
30 27 1
30 30 1
30 34 2
30 37 4
30 42 3
30 43 2
30 45 7
30 50 2
30 54 1
30 55 3
30 56 4
30 58 3
30 59 1
30 67 1
30 74 2
30 76 2
30 77 1
30 79 1
30 86 1
30 88 1
30 93 5
30 97 8
30 99 1
30 107 10
30 109 1
30 115 1
30 118 1
30 127 1
30 132 1
30 135 1
30 136 1
30 139 1
30 140 1
30 144 21
30 149 1
30 152 2
30 158 1
30 159 2
30 164 1
30 169 2
30 175 7
30 176 1
30 177 14
30 178 1
30 180 3
30 181 4
30 183 5
30 184 8
30 185 2
30 189 2
30 192 3
30 194 4
30 197 6
30 204 2
30 211 1
30 212 12
30 214 1
30 216 2
30 218 1
30 222 3
30 224 3
30 237 2
30 253 1
30 254 1
30 259 1
30 262 3
30 265 1
30 272 2
30 273 1
30 280 1
30 287 1
30 289 2
30 290 1
30 293 7
30 302 3
30 305 6
30 329 2
30 342 1
30 346 1
30 347 1
30 361 1
30 369 1
30 372 11
30 386 1
30 393 1
30 409 1
30 412 45
30 414 1
30 420 20
30 422 1
30 429 2
30 430 2
30 435 3
30 438 3
30 439 1
30 440 4
30 447 1
30 457 2
30 462 2
30 464 2
30 480 1
30 482 1
30 484 1
30 490 3
30 492 1
30 495 1
30 509 1
30 513 1
30 526 1
30 566 1
30 588 1
30 592 1
30 625 4
30 653 3
30 663 4
30 670 1
30 681 1
30 695 3
30 704 2
30 708 1
30 745 2
30 746 1
30 795 3
30 802 3
30 803 1
30 808 1
30 829 1
30 870 2
30 874 3
30 879 1
30 885 4
30 891 1
30 896 1
30 898 6
30 915 1
30 919 1
30 953 1
30 954 3
30 959 1
30 1051 2
30 1079 1
30 1093 1
30 1097 2
30 1150 1
30 1205 2
30 1261 1
30 1287 2
30 1313 1
30 1314 2
30 1322 2
30 1324 2
30 1342 1
30 1445 1
30 1446 1
30 1451 2
30 1452 5
30 1453 2
30 1454 2
30 1455 1
30 1456 1
30 1457 1
30 1458 1
30 1459 5
30 1460 4
30 1461 1
30 1462 1
30 1463 1
30 1464 1
30 1465 1
30 1466 1
30 1467 4
30 1468 1
30 1469 1
30 1470 2
30 1471 1
30 1472 1
30 1473 1
30 1474 1
30 1475 1
30 1476 2
30 1477 1
30 1478 1
30 1479 1
30 1480 1
31 2 1
31 10 6
31 13 1
31 14 2
31 15 3
31 26 1
31 44 1
31 52 1
31 109 1
31 114 1
31 116 4
31 146 1
31 167 1
31 175 2
31 181 1
31 204 1
31 205 1
31 224 1
31 242 1
31 250 1
31 265 2
31 285 6
31 352 1
31 361 1
31 406 1
31 409 1
31 439 1
31 484 2
31 485 1
31 525 1
31 537 1
31 670 1
31 706 1
31 802 1
31 863 1
31 879 3
31 901 2
31 1107 1
31 1158 4
31 1266 1
31 1270 9
31 1301 1
31 1380 3
31 1481 2
31 1482 1
31 1483 2
32 3 2
32 10 4
32 14 4
32 15 1
32 37 1
32 52 1
32 53 1
32 114 1
32 129 1
32 146 1
32 175 2
32 181 1
32 184 1
32 196 1
32 240 1
32 251 1
32 254 1
32 265 2
32 272 1
32 285 2
32 293 1
32 313 1
32 337 1
32 344 1
32 348 1
32 403 1
32 439 1
32 525 1
32 604 1
32 811 1
32 1055 1
32 1102 1
32 1158 2
32 1267 1
32 1270 2
32 1383 1
32 1484 1
32 1485 6
33 3 4
33 4 2
33 10 3
33 11 1
33 13 1
33 14 4
33 15 8
33 24 1
33 26 1
33 30 3
33 34 6
33 37 3
33 39 2
33 42 2
33 44 1
33 47 1
33 50 3
33 51 4
33 53 2
33 54 1
33 55 1
33 56 1
33 59 1
33 60 3
33 65 1
33 74 3
33 75 2
33 77 3
33 79 5
33 86 1
33 87 4
33 93 2
33 99 1
33 101 1
33 104 2
33 107 3
33 108 1
33 109 1
33 115 1
33 121 1
33 122 1
33 135 1
33 136 2
33 139 2
33 140 2
33 141 1
33 145 1
33 148 1
33 149 9
33 155 6
33 156 1
33 159 2
33 161 3
33 164 1
33 169 1
33 171 1
33 174 5
33 175 4
33 176 3
33 177 1
33 180 3
33 184 4
33 185 6
33 187 1
33 190 1
33 192 1
33 194 1
33 195 2
33 196 1
33 197 1
33 204 2
33 206 1
33 207 6
33 208 1
33 211 1
33 215 1
33 216 2
33 220 11
33 224 1
33 226 2
33 228 2
33 237 1
33 238 1
33 239 1
33 248 3
33 250 1
33 251 1
33 253 2
33 260 1
33 262 4
33 264 2
33 269 1
33 272 2
33 277 1
33 278 1
33 282 1
33 284 1
33 285 8
33 287 2
33 290 2
33 291 1
33 292 1
33 293 1
33 299 2
33 300 1
33 302 2
33 305 2
33 318 1
33 324 1
33 329 1
33 340 1
33 344 1
33 345 3
33 346 1
33 352 1
33 359 3
33 372 1
33 409 1
33 417 1
33 420 6
33 428 1
33 430 2
33 435 1
33 451 1
33 452 1
33 458 1
33 464 1
33 492 1
33 495 1
33 509 1
33 511 1
33 526 1
33 546 1
33 557 1
33 592 1
33 598 1
33 709 1
33 717 1
33 750 1
33 756 1
33 761 1
33 803 2
33 805 1
33 809 1
33 824 1
33 849 1
33 861 1
33 863 1
33 889 1
33 901 1
33 913 1
33 930 2
33 1005 1
33 1018 1
33 1084 1
33 1098 1
33 1145 1
33 1158 1
33 1166 1
33 1181 1
33 1186 1
33 1195 1
33 1205 4
33 1211 1
33 1224 1
33 1284 2
33 1305 1
33 1315 1
33 1324 1
33 1349 1
33 1438 1
33 1456 1
33 1486 1
33 1487 1
33 1488 1
33 1489 1
33 1490 1
33 1491 1
33 1492 1
33 1493 1
33 1494 3
33 1495 3
33 1496 1
33 1497 1
33 1498 1
33 1499 2
33 1500 1
33 1501 1
33 1502 1
33 1503 1
33 1504 1
33 1505 1
33 1506 3
33 1507 1
33 1508 1
33 1509 1
33 1510 1
33 1511 1
33 1512 1
34 2 1
34 4 1
34 10 1
34 12 1
34 13 1
34 14 8
34 15 2
34 19 1
34 29 1
34 34 2
34 41 1
34 50 2
34 52 1
34 77 1
34 79 1
34 87 2
34 107 2
34 111 1
34 114 1
34 115 1
34 116 2
34 122 1
34 144 9
34 145 13
34 146 1
34 149 1
34 156 1
34 174 1
34 175 9
34 176 2
34 181 1
34 184 2
34 185 2
34 194 1
34 197 1
34 204 3
34 223 1
34 225 5
34 242 2
34 248 1
34 250 1
34 254 1
34 259 1
34 284 1
34 285 2
34 293 3
34 295 3
34 313 1
34 320 1
34 341 1
34 346 1
34 348 1
34 382 1
34 386 2
34 390 1
34 406 2
34 430 1
34 439 2
34 485 1
34 525 1
34 537 1
34 538 2
34 630 7
34 654 1
34 661 2
34 689 1
34 691 2
34 699 1
34 700 1
34 715 1
34 788 3
34 793 1
34 863 2
34 900 1
34 913 2
34 922 1
34 939 1
34 1048 1
34 1078 1
34 1079 1
34 1122 1
34 1129 1
34 1140 1
34 1158 1
34 1189 1
34 1226 1
34 1266 1
34 1267 1
34 1270 1
34 1283 1
34 1352 1
34 1370 2
34 1400 9
34 1402 1
34 1403 2
34 1404 1
34 1408 1
34 1409 1
34 1410 1
34 1412 1
34 1414 2
34 1417 1
34 1513 1
34 1514 1
34 1515 1
34 1516 1
34 1517 1
34 1518 1
34 1519 1
34 1520 1
34 1521 1
34 1522 1
34 1523 1
35 2 1
35 14 8
35 19 1
35 29 1
35 34 1
35 50 2
35 52 1
35 58 1
35 62 1
35 65 2
35 77 1
35 79 2
35 80 1
35 92 1
35 100 1
35 107 2
35 111 1
35 114 1
35 115 1
35 116 1
35 119 1
35 130 1
35 144 3
35 145 16
35 146 1
35 149 1
35 174 1
35 175 10
35 176 2
35 181 1
35 184 1
35 191 1
35 194 2
35 198 1
35 206 1
35 219 1
35 241 1
35 242 2
35 244 1
35 247 1
35 254 1
35 264 1
35 265 1
35 273 2
35 280 1
35 282 2
35 293 6
35 295 4
35 346 1
35 348 6
35 352 1
35 355 1
35 362 1
35 382 1
35 383 1
35 384 1
35 386 1
35 387 2
35 390 1
35 417 1
35 430 1
35 439 2
35 476 1
35 477 1
35 502 1
35 513 2
35 525 1
35 557 2
35 565 1
35 576 1
35 630 2
35 633 1
35 669 2
35 670 1
35 693 1
35 738 1
35 749 4
35 793 1
35 828 1
35 863 1
35 907 1
35 913 1
35 925 1
35 1007 1
35 1136 1
35 1140 1
35 1182 1
35 1213 1
35 1226 1
35 1230 1
35 1244 11
35 1344 2
35 1351 1
35 1370 2
35 1385 1
35 1400 4
35 1403 2
35 1404 2
35 1408 2
35 1410 4
35 1413 1
35 1414 2
35 1425 1
35 1517 1
35 1524 2
35 1525 1
35 1526 1
35 1527 1
35 1528 2
35 1529 1
35 1530 1
35 1531 2
35 1532 1
35 1533 1
35 1534 1
35 1535 1
35 1536 1
35 1537 1
35 1538 1
35 1539 1
35 1540 1
35 1541 1
35 1542 1
35 1543 1
35 1544 1
35 1545 1
35 1546 1
36 1 1
36 2 6
36 3 4
36 6 2
36 10 17
36 13 1
36 14 7
36 15 19
36 18 2
36 26 1
36 28 1
36 30 1
36 34 3
36 37 3
36 42 2
36 50 1
36 52 1
36 53 1
36 54 1
36 55 1
36 56 2
36 57 2
36 68 1
36 70 1
36 72 1
36 74 2
36 77 1
36 78 4
36 79 8
36 86 5
36 87 3
36 88 2
36 93 2
36 96 8
36 99 2
36 101 1
36 107 5
36 109 1
36 111 1
36 114 1
36 115 2
36 121 2
36 130 3
36 131 4
36 135 1
36 136 1
36 146 1
36 148 1
36 149 12
36 152 4
36 159 2
36 169 1
36 174 1
36 175 16
36 176 1
36 177 7
36 178 1
36 180 2
36 181 1
36 184 4
36 185 4
36 188 1
36 194 1
36 195 1
36 196 1
36 204 3
36 205 4
36 207 1
36 208 1
36 216 3
36 219 1
36 224 1
36 226 2
36 236 1
36 242 1
36 253 3
36 261 3
36 262 1
36 265 1
36 267 3
36 282 1
36 290 8
36 299 1
36 305 1
36 316 1
36 317 1
36 344 1
36 346 2
36 352 4
36 355 1
36 359 1
36 361 1
36 409 15
36 412 4
36 420 36
36 422 1
36 430 1
36 432 1
36 437 1
36 442 1
36 446 1
36 449 1
36 474 1
36 488 1
36 495 1
36 508 1
36 509 1
36 510 1
36 513 1
36 522 2
36 537 1
36 540 2
36 557 1
36 561 1
36 580 1
36 582 5
36 651 1
36 689 1
36 695 2
36 699 1
36 708 2
36 793 1
36 805 1
36 828 1
36 885 1
36 889 2
36 905 3
36 909 1
36 914 1
36 922 1
36 926 1
36 959 1
36 997 1
36 1011 1
36 1039 1
36 1063 1
36 1065 1
36 1099 1
36 1107 1
36 1118 1
36 1181 1
36 1230 1
36 1253 1
36 1255 1
36 1258 1
36 1310 1
36 1339 1
36 1372 1
36 1423 1
36 1433 1
36 1437 1
36 1445 1
36 1450 1
36 1466 1
36 1484 1
36 1517 6
36 1532 1
36 1547 1
36 1548 1
36 1549 1
36 1550 1
36 1551 1
36 1552 1
36 1553 1
36 1554 1
36 1555 2
36 1556 1
36 1557 1
36 1558 1
36 1559 1
36 1560 1
36 1561 1
36 1562 3
36 1563 4
36 1564 3
36 1565 1
36 1566 1
36 1567 1
36 1568 1
36 1569 1
36 1570 1
36 1571 1
36 1572 1
36 1573 1
36 1574 4
36 1575 14
36 1576 1
36 1577 1
36 1578 1
36 1579 1
36 1580 1
37 1 1
37 2 1
37 8 1
37 10 3
37 14 3
37 15 5
37 26 1
37 34 1
37 45 1
37 52 1
37 65 1
37 66 2
37 86 2
37 90 2
37 109 1
37 114 1
37 137 1
37 144 1
37 146 1
37 152 1
37 167 1
37 175 6
37 180 1
37 181 1
37 191 1
37 197 2
37 204 1
37 206 1
37 207 1
37 223 1
37 224 1
37 317 1
37 414 1
37 435 1
37 439 1
37 440 1
37 442 1
37 443 1
37 447 7
37 457 1
37 464 2
37 484 1
37 495 1
37 633 1
37 653 1
37 663 2
37 669 1
37 820 1
37 874 1
37 877 1
37 893 3
37 909 1
37 922 1
37 932 5
37 1016 1
37 1042 1
37 1088 1
37 1151 1
37 1181 1
37 1186 1
37 1227 1
37 1230 1
37 1581 1
37 1582 1
37 1583 1
37 1584 1
37 1585 1
38 1 1
38 3 1
38 10 4
38 14 3
38 15 3
38 26 1
38 37 1
38 52 1
38 86 2
38 87 1
38 96 1
38 107 1
38 109 1
38 114 1
38 129 1
38 141 1
38 146 1
38 158 2
38 165 1
38 167 1
38 175 2
38 176 1
38 181 1
38 184 1
38 185 4
38 192 2
38 194 2
38 207 2
38 212 4
38 224 1
38 234 3
38 235 3
38 250 1
38 264 1
38 265 1
38 270 1
38 272 1
38 291 1
38 293 1
38 347 1
38 361 1
38 369 3
38 390 1
38 393 1
38 404 2
38 427 6
38 439 1
38 464 2
38 484 2
38 485 1
38 521 4
38 537 1
38 598 1
38 653 1
38 678 4
38 709 2
38 713 1
38 722 5
38 735 1
38 828 2
38 863 1
38 875 1
38 891 1
38 919 1
38 954 7
38 1015 2
38 1443 1
38 1586 3
38 1587 1
38 1588 1
38 1589 6
38 1590 1
38 1591 2
38 1592 1
38 1593 1
39 3 2
39 10 6
39 13 1
39 14 3
39 19 1
39 26 1
39 32 1
39 42 2
39 45 1
39 50 2
39 52 1
39 53 1
39 54 1
39 55 3
39 56 1
39 65 4
39 68 1
39 74 3
39 78 1
39 79 5
39 87 10
39 89 1
39 93 1
39 96 1
39 97 1
39 99 1
39 107 1
39 109 1
39 114 1
39 115 1
39 116 1
39 122 1
39 126 2
39 135 1
39 146 1
39 149 5
39 158 1
39 159 2
39 167 1
39 169 2
39 173 1
39 175 2
39 176 1
39 177 4
39 180 1
39 181 1
39 184 3
39 185 8
39 188 1
39 192 1
39 194 1
39 195 1
39 196 2
39 197 1
39 204 1
39 207 1
39 208 1
39 211 1
39 212 1
39 215 1
39 216 2
39 219 3
39 224 1
39 226 2
39 234 2
39 235 6
39 236 1
39 238 1
39 241 1
39 244 1
39 246 1
39 250 2
39 253 1
39 257 1
39 261 2
39 262 4
39 264 1
39 265 3
39 272 1
39 275 1
39 276 8
39 283 2
39 284 1
39 285 2
39 288 2
39 290 6
39 291 1
39 292 1
39 293 6
39 305 1
39 313 1
39 332 1
39 340 1
39 344 3
39 348 6
39 355 1
39 359 1
39 361 1
39 369 1
39 377 1
39 391 1
39 403 1
39 404 3
39 407 4
39 412 1
39 420 3
39 430 1
39 434 1
39 437 1
39 450 1
39 472 1
39 495 1
39 509 1
39 513 1
39 537 2
39 638 2
39 653 1
39 676 1
39 678 1
39 691 1
39 696 1
39 704 1
39 711 2
39 718 1
39 720 3
39 725 1
39 803 1
39 805 1
39 844 2
39 882 1
39 901 1
39 935 1
39 954 1
39 968 1
39 986 1
39 1011 1
39 1051 1
39 1084 1
39 1122 1
39 1158 1
39 1180 1
39 1205 1
39 1266 4
39 1283 1
39 1288 1
39 1301 1
39 1590 1
39 1594 1
39 1595 1
39 1596 1
39 1597 2
39 1598 9
39 1599 8
39 1600 1
39 1601 1
39 1602 1
39 1603 1
39 1604 2
39 1605 2
39 1606 1
39 1607 1
39 1608 1
39 1609 1
40 3 1
40 10 8
40 14 3
40 15 7
40 18 2
40 19 1
40 26 1
40 34 1
40 42 1
40 50 2
40 54 2
40 55 1
40 56 1
40 68 1
40 74 2
40 76 1
40 79 6
40 86 7
40 87 12
40 89 1
40 93 1
40 96 1
40 98 2
40 107 2
40 108 1
40 109 1
40 111 1
40 112 1
40 115 1
40 126 3
40 127 1
40 135 2
40 139 1
40 142 14
40 148 1
40 149 10
40 151 1
40 152 1
40 157 1
40 158 1
40 159 1
40 163 2
40 167 1
40 169 2
40 173 1
40 174 1
40 175 2
40 176 2
40 177 6
40 178 4
40 180 1
40 184 3
40 185 9
40 192 4
40 194 1
40 195 1
40 196 1
40 197 1
40 204 1
40 207 3
40 208 1
40 212 1
40 214 1
40 215 1
40 216 2
40 219 2
40 222 4
40 224 2
40 226 2
40 227 1
40 229 1
40 234 4
40 235 10
40 236 2
40 250 2
40 253 6
40 257 1
40 258 2
40 262 1
40 276 3
40 282 1
40 284 1
40 288 2
40 289 1
40 299 3
40 305 1
40 324 1
40 332 1
40 340 1
40 355 1
40 359 3
40 361 1
40 369 2
40 372 1
40 390 1
40 393 2
40 404 4
40 407 3
40 409 2
40 425 1
40 427 2
40 437 1
40 439 1
40 454 2
40 469 1
40 472 1
40 484 2
40 490 1
40 492 1
40 494 1
40 508 1
40 509 1
40 535 1
40 537 1
40 555 1
40 566 1
40 592 2
40 638 1
40 678 5
40 709 1
40 711 1
40 718 2
40 720 1
40 725 1
40 727 1
40 750 1
40 805 1
40 814 1
40 818 1
40 838 1
40 841 1
40 882 1
40 889 1
40 893 2
40 896 2
40 916 3
40 954 1
40 1028 1
40 1061 1
40 1063 1
40 1083 1
40 1084 1
40 1107 3
40 1158 1
40 1183 1
40 1215 1
40 1225 1
40 1230 1
40 1283 1
40 1301 1
40 1403 1
40 1425 1
40 1463 1
40 1547 1
40 1590 1
40 1601 1
40 1607 1
40 1608 1
40 1610 1
40 1611 1
40 1612 1
40 1613 1
40 1614 1
40 1615 2
40 1616 1
40 1617 27
40 1618 1
40 1619 1
40 1620 1
40 1621 1
40 1622 2
40 1623 1
40 1624 2
41 1 1
41 2 1
41 10 3
41 14 3
41 15 1
41 29 3
41 37 3
41 44 1
41 52 1
41 76 3
41 78 1
41 79 1
41 80 1
41 87 5
41 107 1
41 114 1
41 115 1
41 126 13
41 142 1
41 144 2
41 146 1
41 149 1
41 151 1
41 155 1
41 163 2
41 175 4
41 181 1
41 184 3
41 185 5
41 195 1
41 212 1
41 224 3
41 232 1
41 234 1
41 235 2
41 238 2
41 250 1
41 253 3
41 259 1
41 276 4
41 283 1
41 284 1
41 288 1
41 290 1
41 327 1
41 345 2
41 359 2
41 361 3
41 372 1
41 382 1
41 404 4
41 416 6
41 425 2
41 439 2
41 484 2
41 503 1
41 638 4
41 709 2
41 713 1
41 731 1
41 828 1
41 875 2
41 889 1
41 916 2
41 954 1
41 1005 1
41 1137 1
41 1158 3
41 1173 1
41 1181 1
41 1198 2
41 1230 1
41 1283 1
41 1309 1
41 1443 2
41 1558 1
41 1590 1
41 1591 1
41 1621 1
41 1625 2
41 1626 1
41 1627 1
41 1628 1
41 1629 2
41 1630 1
41 1631 1
41 1632 1
42 10 7
42 14 2
42 26 1
42 34 3
42 44 1
42 52 1
42 74 1
42 78 1
42 86 1
42 87 2
42 90 3
42 92 1
42 94 1
42 107 2
42 109 1
42 114 1
42 126 3
42 146 1
42 152 1
42 163 1
42 167 1
42 175 5
42 181 1
42 184 1
42 185 3
42 194 1
42 204 1
42 223 2
42 224 1
42 232 1
42 235 1
42 241 1
42 245 2
42 248 1
42 262 1
42 265 1
42 276 2
42 293 5
42 341 1
42 359 1
42 363 1
42 369 1
42 384 1
42 387 2
42 404 1
42 405 1
42 409 1
42 416 1
42 430 1
42 440 7
42 452 1
42 455 1
42 525 1
42 537 1
42 678 3
42 683 2
42 709 2
42 731 1
42 874 1
42 916 1
42 957 1
42 1158 1
42 1180 1
42 1255 1
42 1283 1
42 1302 1
42 1431 1
42 1488 5
42 1590 1
42 1633 4
43 2 1
43 3 8
43 10 10
43 13 1
43 14 1
43 15 12
43 19 2
43 23 1
43 26 1
43 30 2
43 37 1
43 42 2
43 52 3
43 53 1
43 54 1
43 55 2
43 56 2
43 59 1
43 62 3
43 74 3
43 76 2
43 78 3
43 79 5
43 87 13
43 88 1
43 93 2
43 96 6
43 97 1
43 99 1
43 107 1
43 109 1
43 115 3
43 118 1
43 122 2
43 126 5
43 127 1
43 130 1
43 131 1
43 135 1
43 143 4
43 144 1
43 145 1
43 149 7
43 158 1
43 159 2
43 163 4
43 169 2
43 173 1
43 174 2
43 175 5
43 177 7
43 178 5
43 180 1
43 181 2
43 183 5
43 184 6
43 185 7
43 188 1
43 191 1
43 192 6
43 194 1
43 195 3
43 196 2
43 197 1
43 204 1
43 206 1
43 207 4
43 208 1
43 211 1
43 212 4
43 216 2
43 218 1
43 224 3
43 226 2
43 234 3
43 238 1
43 239 1
43 240 1
43 248 2
43 250 1
43 253 5
43 258 2
43 262 3
43 265 1
43 267 1
43 274 1
43 276 6
43 282 1
43 284 1
43 286 1
43 288 1
43 290 1
43 297 1
43 305 3
43 312 1
43 315 1
43 317 1
43 332 2
43 346 3
43 347 1
43 367 1
43 383 1
43 387 2
43 393 1
43 404 3
43 409 1
43 412 3
43 416 1
43 420 17
43 422 2
43 423 1
43 425 2
43 430 5
43 435 2
43 438 3
43 440 1
43 442 1
43 451 1
43 454 1
43 456 2
43 457 2
43 460 1
43 462 1
43 464 1
43 465 1
43 470 1
43 478 2
43 479 1
43 480 2
43 484 1
43 490 3
43 491 1
43 492 1
43 502 1
43 508 1
43 513 1
43 525 1
43 526 1
43 531 3
43 566 3
43 580 1
43 582 2
43 617 1
43 645 1
43 653 1
43 668 1
43 676 1
43 696 4
43 698 1
43 709 2
43 718 3
43 730 1
43 731 1
43 738 1
43 750 2
43 784 1
43 800 1
43 803 2
43 805 1
43 811 3
43 833 1
43 841 1
43 853 1
43 875 1
43 879 1
43 888 1
43 891 2
43 905 2
43 909 5
43 912 2
43 915 1
43 916 1
43 924 1
43 937 1
43 957 1
43 1051 1
43 1054 1
43 1101 1
43 1107 1
43 1170 1
43 1205 9
43 1206 2
43 1212 1
43 1230 1
43 1283 2
43 1284 1
43 1287 2
43 1293 2
43 1298 1
43 1299 1
43 1305 1
43 1307 3
43 1309 1
43 1314 1
43 1315 1
43 1322 2
43 1382 1
43 1399 1
43 1419 1
43 1420 1
43 1426 1
43 1429 1
43 1434 1
43 1435 2
43 1439 6
43 1443 1
43 1444 1
43 1464 1
43 1478 1
43 1484 2
43 1590 1
43 1634 2
43 1635 1
43 1636 2
43 1637 1
43 1638 1
43 1639 1
43 1640 1
43 1641 1
43 1642 1
43 1643 1
43 1644 1
43 1645 3
44 14 3
44 15 7
44 16 1
44 26 1
44 30 2
44 37 2
44 42 4
44 43 1
44 52 2
44 55 7
44 56 2
44 59 1
44 66 1
44 74 3
44 79 4
44 86 1
44 87 2
44 93 4
44 94 1
44 99 1
44 104 1
44 109 1
44 115 2
44 130 2
44 149 6
44 159 3
44 161 7
44 169 3
44 174 3
44 175 2
44 181 2
44 184 2
44 192 1
44 196 2
44 198 2
44 201 2
44 202 3
44 203 7
44 204 1
44 205 1
44 206 3
44 207 1
44 208 1
44 209 2
44 211 1
44 212 2
44 216 2
44 218 1
44 219 1
44 223 1
44 224 3
44 226 2
44 230 1
44 234 1
44 235 3
44 236 1
44 238 1
44 239 1
44 241 1
44 243 1
44 244 1
44 247 2
44 248 3
44 252 1
44 253 1
44 254 1
44 255 1
44 258 1
44 259 2
44 262 1
44 264 1
44 272 1
44 275 1
44 276 1
44 283 1
44 286 1
44 302 1
44 306 1
44 309 3
44 313 1
44 333 1
44 340 1
44 358 1
44 360 1
44 361 1
44 372 4
44 375 3
44 376 1
44 380 1
44 384 1
44 389 1
44 391 1
44 392 1
44 405 1
44 409 1
44 411 1
44 420 1
44 439 1
44 468 1
44 477 1
44 492 9
44 493 2
44 502 1
44 509 1
44 582 1
44 630 3
44 673 1
44 676 1
44 681 1
44 684 1
44 686 1
44 688 1
44 706 1
44 709 1
44 718 1
44 720 5
44 734 1
44 740 1
44 746 1
44 776 1
44 784 1
44 792 1
44 846 1
44 933 2
44 1054 1
44 1155 1
44 1205 2
44 1215 2
44 1333 1
44 1370 1
44 1371 1
44 1403 3
44 1414 2
44 1471 1
44 1558 1
44 1625 1
44 1638 1
44 1646 1
44 1647 1
44 1648 1
44 1649 1
44 1650 1
44 1651 1
44 1652 1
44 1653 1
44 1654 1
44 1655 1
44 1656 1
44 1657 1
44 1658 5
44 1659 1
44 1660 1
44 1661 1
44 1662 1
44 1663 1
44 1664 1
44 1665 2
44 1666 1
44 1667 1
44 1668 1
44 1669 1
45 2 1
45 3 1
45 10 4
45 14 1
45 15 3
45 26 1
45 47 1
45 52 1
45 58 1
45 62 11
45 86 7
45 107 2
45 109 1
45 111 1
45 114 1
45 122 1
45 146 1
45 155 1
45 167 1
45 175 1
45 181 2
45 183 1
45 184 1
45 185 2
45 188 1
45 192 2
45 197 1
45 219 1
45 242 1
45 254 1
45 264 1
45 265 1
45 305 1
45 319 1
45 393 1
45 435 1
45 439 1
45 506 2
45 531 2
45 608 1
45 619 1
45 678 1
45 683 1
45 745 1
45 756 2
45 770 1
45 817 1
45 825 1
45 902 1
45 939 1
45 960 1
45 1187 1
45 1213 1
45 1499 1
45 1504 2
45 1591 1
45 1670 1
45 1671 3
45 1672 1
45 1673 1
45 1674 2
45 1675 1
45 1676 1
46 2 3
46 10 4
46 12 2
46 14 3
46 15 8
46 19 1
46 26 1
46 36 2
46 37 3
46 42 2
46 43 1
46 50 4
46 54 1
46 55 4
46 56 2
46 59 1
46 66 1
46 74 2
46 77 1
46 78 1
46 93 1
46 107 1
46 109 1
46 112 2
46 122 1
46 133 1
46 142 8
46 143 1
46 144 2
46 148 1
46 158 1
46 159 1
46 164 2
46 167 1
46 169 2
46 175 5
46 176 1
46 177 4
46 178 1
46 180 1
46 185 2
46 187 1
46 192 1
46 204 2
46 205 1
46 214 1
46 224 5
46 246 5
46 248 4
46 250 1
46 253 4
46 257 1
46 265 1
46 281 1
46 291 1
46 293 1
46 302 1
46 319 1
46 341 1
46 355 1
46 364 2
46 369 1
46 370 1
46 372 2
46 378 2
46 386 1
46 430 1
46 435 2
46 437 2
46 439 1
46 450 1
46 464 5
46 468 1
46 475 1
46 480 2
46 492 2
46 494 1
46 495 1
46 497 2
46 513 1
46 526 2
46 540 1
46 551 1
46 566 1
46 580 1
46 583 1
46 600 1
46 626 1
46 644 1
46 653 1
46 683 3
46 713 1
46 720 2
46 723 21
46 740 1
46 747 2
46 750 3
46 770 1
46 794 3
46 808 4
46 839 1
46 872 1
46 889 1
46 909 1
46 952 1
46 973 1
46 1011 1
46 1028 1
46 1101 1
46 1158 5
46 1210 1
46 1246 1
46 1287 5
46 1304 3
46 1305 1
46 1322 5
46 1386 2
46 1408 2
46 1423 1
46 1541 1
46 1562 1
46 1589 1
46 1677 3
46 1678 1
46 1679 10
46 1680 1
46 1681 1
46 1682 1
46 1683 1
46 1684 1
46 1685 1
46 1686 1
46 1687 1
46 1688 1
46 1689 1
46 1690 2
46 1691 1
46 1692 1
46 1693 1
46 1694 2
46 1695 1
46 1696 1
46 1697 1
47 10 2
47 12 2
47 14 4
47 24 1
47 26 1
47 28 2
47 42 2
47 43 2
47 50 1
47 54 1
47 55 2
47 56 2
47 57 1
47 59 1
47 72 2
47 74 2
47 77 3
47 78 1
47 86 1
47 93 1
47 107 8
47 108 1
47 109 1
47 142 5
47 143 2
47 144 4
47 145 2
47 148 1
47 158 6
47 159 1
47 161 1
47 165 1
47 175 4
47 177 7
47 178 1
47 179 1
47 180 1
47 184 2
47 185 3
47 192 2
47 194 1
47 197 1
47 204 2
47 205 2
47 211 1
47 214 3
47 218 1
47 224 5
47 232 2
47 237 1
47 246 8
47 248 5
47 253 3
47 265 2
47 266 1
47 269 1
47 281 1
47 287 1
47 288 1
47 291 5
47 293 15
47 322 2
47 346 1
47 348 1
47 364 4
47 367 1
47 369 1
47 370 1
47 372 9
47 378 2
47 383 1
47 384 1
47 386 2
47 387 1
47 403 1
47 430 1
47 435 2
47 437 2
47 439 1
47 450 2
47 464 6
47 468 1
47 480 4
47 492 6
47 494 1
47 495 3
47 497 3
47 509 1
47 513 1
47 526 1
47 537 1
47 540 2
47 551 2
47 566 1
47 583 1
47 626 1
47 630 2
47 644 1
47 652 1
47 653 1
47 654 1
47 683 1
47 686 3
47 688 1
47 694 1
47 711 1
47 720 1
47 723 14
47 738 1
47 740 1
47 750 3
47 758 1
47 763 1
47 770 1
47 785 6
47 788 1
47 794 2
47 808 8
47 828 1
47 839 1
47 872 1
47 925 2
47 973 1
47 984 1
47 1011 1
47 1014 1
47 1028 2
47 1084 1
47 1139 1
47 1158 1
47 1200 1
47 1204 2
47 1246 2
47 1267 1
47 1287 6
47 1304 4
47 1322 6
47 1358 1
47 1403 1
47 1408 2
47 1419 1
47 1529 2
47 1677 2
47 1678 3
47 1679 31
47 1684 1
47 1685 1
47 1689 2
47 1690 1
47 1694 6
47 1697 3
47 1698 1
47 1699 1
47 1700 1
47 1701 1
47 1702 1
47 1703 1
47 1704 1
47 1705 1
47 1706 1
47 1707 1
47 1708 1
47 1709 1
47 1710 1
47 1711 1
47 1712 1
47 1713 2
47 1714 1
47 1715 2
47 1716 1
47 1717 1
47 1718 1
47 1719 1
47 1720 1
47 1721 1
48 2 3
48 3 2
48 14 3
48 15 3
48 26 1
48 45 1
48 56 1
48 86 1
48 88 1
48 96 3
48 99 1
48 107 1
48 109 1
48 123 1
48 129 2
48 158 7
48 175 4
48 178 2
48 184 1
48 192 6
48 195 1
48 197 1
48 212 1
48 219 1
48 224 1
48 228 1
48 240 1
48 242 1
48 247 1
48 258 7
48 289 1
48 319 1
48 344 1
48 345 1
48 346 1
48 351 1
48 393 1
48 409 1
48 430 1
48 435 2
48 470 2
48 497 1
48 526 1
48 663 1
48 704 1
48 784 2
48 862 1
48 891 1
48 907 1
48 1063 1
48 1072 1
48 1168 1
48 1205 1
48 1234 1
48 1478 3
48 1583 3
48 1585 1
48 1722 1
48 1723 1
48 1724 1
48 1725 1
48 1726 1
48 1727 1
48 1728 1
