%%MatrixMarket matrix coordinate real general
68 1991 8769                                      
1 1 1
1 2 1
1 3 20
1 4 2
1 5 5
1 6 3
1 7 4
1 8 3
1 9 1
1 10 8
1 11 1
1 12 4
1 13 1
1 14 3
1 15 8
1 16 2
1 17 1
1 18 1
1 19 2
1 20 1
1 21 3
1 22 1
1 23 1
1 24 1
1 25 1
1 26 1
1 27 1
1 28 1
1 29 3
1 30 1
1 31 1
1 32 2
1 33 3
1 34 1
1 35 2
1 36 1
1 37 1
1 38 1
1 39 1
1 40 2
1 41 1
1 42 2
1 43 1
1 44 1
1 45 1
1 46 3
1 47 1
1 48 1
1 49 3
1 50 2
1 51 1
1 52 1
1 53 1
1 54 2
1 55 1
1 56 1
1 57 1
1 58 1
1 59 1
1 60 1
1 61 2
1 62 2
1 63 2
1 64 6
1 65 1
1 66 1
1 67 1
1 68 2
1 69 1
1 70 3
1 71 1
1 72 3
1 73 1
1 74 1
1 75 1
1 76 1
1 77 1
1 78 1
1 79 1
1 80 2
1 81 1
1 82 1
1 83 1
1 84 1
1 85 2
1 86 1
1 87 1
1 88 2
1 89 1
1 90 1
1 91 1
1 92 1
1 93 1
1 94 1
1 95 1
1 96 1
1 97 1
1 98 1
1 99 1
1 100 1
1 101 1
1 102 4
1 103 1
1 104 1
1 105 4
1 106 1
1 107 2
1 108 1
1 109 1
1 110 1
1 111 1
1 112 2
1 113 1
1 114 1
1 115 1
1 116 1
1 117 1
1 118 1
1 119 3
1 120 1
1 121 1
1 122 1
1 123 4
1 124 2
1 125 2
1 126 1
1 127 3
1 128 1
1 129 1
1 130 1
1 131 1
1 132 3
1 133 1
1 134 2
1 135 1
1 136 2
1 137 1
1 138 1
1 139 1
1 140 2
1 141 1
1 142 9
1 143 1
1 144 2
1 145 1
1 146 3
1 147 1
1 148 2
1 149 1
1 150 1
1 151 5
1 152 2
1 153 1
1 154 1
1 155 1
1 156 2
1 157 1
1 158 1
1 159 1
1 160 1
1 161 1
1 162 1
1 163 1
1 164 1
1 165 1
1 166 1
1 167 1
1 168 1
1 169 2
1 170 2
1 171 1
1 172 1
1 173 1
1 174 6
1 175 1
1 176 1
1 177 2
1 178 1
1 179 1
1 180 3
1 181 1
1 182 7
1 183 1
1 184 2
1 185 1
1 186 1
1 187 1
1 188 2
1 189 5
2 3 2
2 10 3
2 12 1
2 14 4
2 15 6
2 28 3
2 32 1
2 35 5
2 40 2
2 45 2
2 48 1
2 49 1
2 50 1
2 52 1
2 53 2
2 54 1
2 55 3
2 56 1
2 57 2
2 66 1
2 72 4
2 77 5
2 84 1
2 85 1
2 91 2
2 93 1
2 105 1
2 106 1
2 112 1
2 113 1
2 126 1
2 127 1
2 130 1
2 136 1
2 146 9
2 156 3
2 158 2
2 166 3
2 171 1
2 172 2
2 173 1
2 175 1
2 177 2
2 181 3
2 182 3
2 190 1
2 191 1
2 192 1
2 193 1
2 194 1
2 195 1
2 196 1
2 197 1
2 198 4
2 199 10
2 200 1
2 201 2
2 202 2
2 203 3
2 204 2
2 205 1
2 206 1
2 207 1
2 208 1
2 209 1
2 210 1
2 211 1
2 212 1
2 213 2
2 214 1
2 215 1
2 216 1
2 217 15
2 218 2
2 219 1
2 220 1
2 221 2
2 222 1
2 223 2
2 224 1
2 225 1
2 226 1
2 227 1
2 228 2
2 229 1
2 230 1
2 231 2
2 232 1
2 233 1
2 234 2
2 235 1
2 236 1
2 237 2
2 238 1
2 239 1
2 240 1
2 241 2
2 242 1
2 243 1
2 244 1
2 245 1
2 246 1
2 247 1
2 248 1
2 249 1
2 250 2
2 251 1
2 252 2
2 253 1
2 254 1
2 255 1
2 256 1
2 257 1
2 258 1
2 259 1
2 260 1
2 261 1
2 262 1
2 263 1
2 264 1
2 265 1
2 266 1
2 267 2
2 268 1
2 269 1
2 270 1
2 271 1
2 272 1
2 273 1
2 274 1
2 275 2
2 276 1
2 277 1
2 278 1
2 279 2
2 280 1
2 281 2
2 282 1
2 283 1
2 284 3
2 285 1
2 286 1
3 1 1
3 2 1
3 3 2
3 10 4
3 14 6
3 24 1
3 26 3
3 28 3
3 32 2
3 35 3
3 40 4
3 41 1
3 48 1
3 50 2
3 51 5
3 52 1
3 53 4
3 54 2
3 58 1
3 63 2
3 64 1
3 66 1
3 72 4
3 76 3
3 77 3
3 85 6
3 91 3
3 102 1
3 105 2
3 106 1
3 108 1
3 111 1
3 112 1
3 123 1
3 127 3
3 132 1
3 133 1
3 140 1
3 142 1
3 143 1
3 145 1
3 146 7
3 148 2
3 152 1
3 156 4
3 158 5
3 164 1
3 166 3
3 171 5
3 172 10
3 173 2
3 175 1
3 178 1
3 180 1
3 181 1
3 182 4
3 188 1
3 189 4
3 191 1
3 192 4
3 193 1
3 194 2
3 196 2
3 197 4
3 198 15
3 199 7
3 200 1
3 201 3
3 202 3
3 203 3
3 204 1
3 205 1
3 206 2
3 209 6
3 211 2
3 221 2
3 222 3
3 223 2
3 227 1
3 231 5
3 232 1
3 235 1
3 236 1
3 237 1
3 238 1
3 240 1
3 241 2
3 244 2
3 252 8
3 253 1
3 254 1
3 256 1
3 258 3
3 259 1
3 261 3
3 262 1
3 268 1
3 269 2
3 270 1
3 271 1
3 276 1
3 278 1
3 281 1
3 282 1
3 284 1
3 286 1
3 287 1
3 288 1
3 289 16
3 290 1
3 291 1
3 292 1
3 293 1
3 294 1
3 295 1
3 296 1
3 297 1
3 298 1
3 299 1
3 300 2
3 301 1
3 302 1
3 303 1
3 304 2
3 305 1
3 306 2
3 307 1
3 308 1
3 309 1
3 310 4
3 311 1
3 312 1
3 313 2
3 314 1
3 315 1
3 316 2
3 317 1
3 318 1
3 319 1
3 320 1
3 321 1
3 322 1
3 323 1
3 324 1
3 325 1
3 326 1
3 327 1
3 328 1
3 329 1
3 330 1
3 331 1
3 332 1
3 333 1
3 334 1
3 335 2
3 336 1
3 337 2
3 338 1
3 339 1
3 340 1
3 341 2
3 342 1
3 343 1
3 344 1
3 345 1
3 346 1
3 347 2
3 348 1
3 349 1
3 350 1
3 351 4
3 352 1
3 353 3
3 354 1
3 355 1
3 356 1
3 357 1
3 358 1
3 359 1
3 360 1
3 361 1
3 362 1
3 363 2
3 364 1
3 365 2
3 366 1
3 367 1
3 368 2
3 369 1
3 370 1
3 371 3
3 372 1
3 373 1
3 374 2
3 375 1
3 376 1
3 377 1
3 378 1
3 379 1
3 380 1
3 381 1
3 382 1
3 383 1
3 384 1
3 385 1
3 386 1
3 387 1
3 388 1
3 389 1
4 2 1
4 3 2
4 10 3
4 14 2
4 15 8
4 22 1
4 26 1
4 28 2
4 39 2
4 40 3
4 47 1
4 48 1
4 50 7
4 51 2
4 54 3
4 57 1
4 60 3
4 64 1
4 72 2
4 74 3
4 76 1
4 77 2
4 84 1
4 85 4
4 91 1
4 94 1
4 95 5
4 105 3
4 106 1
4 108 3
4 111 1
4 112 3
4 116 1
4 119 1
4 123 2
4 124 1
4 140 2
4 141 2
4 143 1
4 145 1
4 146 4
4 149 1
4 152 1
4 156 1
4 160 3
4 161 1
4 163 1
4 166 2
4 172 1
4 173 2
4 174 4
4 175 4
4 177 1
4 178 2
4 180 3
4 182 4
4 186 1
4 189 11
4 191 2
4 192 1
4 193 1
4 203 1
4 204 3
4 205 1
4 211 1
4 213 1
4 216 5
4 219 3
4 223 2
4 225 1
4 229 1
4 231 3
4 232 5
4 235 1
4 236 1
4 238 1
4 243 1
4 245 1
4 254 1
4 255 3
4 259 1
4 261 1
4 262 2
4 272 2
4 273 2
4 285 1
4 314 1
4 319 9
4 341 1
4 342 2
4 343 3
4 349 1
4 355 1
4 371 21
4 388 1
4 390 1
4 391 1
4 392 1
4 393 2
4 394 1
4 395 1
4 396 1
4 397 1
4 398 1
4 399 1
4 400 2
4 401 1
4 402 1
4 403 1
4 404 1
4 405 3
4 406 1
4 407 1
4 408 1
4 409 10
4 410 2
4 411 1
4 412 1
4 413 1
4 414 1
4 415 1
4 416 2
4 417 1
4 418 10
4 419 1
4 420 2
4 421 2
4 422 1
4 423 2
4 424 1
4 425 3
4 426 1
4 427 5
4 428 14
4 429 1
4 430 1
4 431 1
4 432 1
4 433 1
4 434 1
4 435 3
4 436 2
4 437 1
4 438 1
4 439 1
4 440 1
4 441 1
4 442 1
4 443 1
4 444 1
4 445 2
4 446 1
4 447 1
4 448 1
4 449 1
4 450 1
4 451 1
4 452 1
4 453 1
4 454 1
4 455 1
4 456 1
4 457 2
4 458 1
4 459 1
4 460 1
4 461 1
4 462 1
4 463 1
4 464 1
4 465 1
4 466 9
4 467 1
4 468 1
4 469 3
4 470 1
4 471 1
4 472 1
4 473 1
4 474 1
4 475 1
4 476 2
4 477 1
4 478 1
4 479 1
5 1 1
5 3 4
5 6 1
5 10 4
5 11 1
5 14 3
5 15 11
5 25 8
5 27 1
5 28 1
5 32 1
5 37 1
5 39 1
5 40 2
5 52 2
5 53 2
5 54 1
5 58 1
5 60 1
5 66 1
5 72 2
5 76 1
5 77 4
5 79 1
5 84 2
5 99 1
5 106 1
5 108 1
5 109 3
5 121 1
5 127 2
5 137 1
5 141 1
5 146 6
5 156 1
5 157 1
5 161 1
5 166 3
5 169 1
5 171 7
5 172 10
5 174 1
5 175 4
5 176 5
5 181 12
5 182 2
5 184 1
5 185 1
5 193 1
5 200 1
5 208 1
5 213 2
5 215 1
5 225 2
5 228 1
5 229 4
5 233 2
5 241 2
5 245 2
5 250 2
5 259 1
5 261 1
5 278 1
5 316 3
5 326 1
5 327 2
5 337 1
5 344 1
5 369 2
5 371 7
5 382 1
5 408 1
5 413 1
5 435 1
5 438 2
5 444 1
5 460 1
5 466 2
5 480 3
5 481 1
5 482 1
5 483 1
5 484 2
5 485 1
5 486 1
5 487 2
5 488 1
5 489 3
5 490 3
5 491 2
5 492 5
5 493 1
5 494 1
5 495 2
5 496 3
5 497 1
5 498 1
5 499 2
5 500 1
5 501 1
5 502 1
5 503 1
5 504 2
5 505 1
5 506 1
5 507 1
5 508 2
5 509 2
5 510 5
5 511 1
5 512 3
5 513 1
5 514 2
5 515 1
5 516 1
5 517 1
5 518 1
5 519 6
5 520 1
5 521 1
5 522 2
5 523 1
5 524 2
5 525 1
5 526 1
5 527 1
5 528 1
5 529 1
5 530 12
5 531 15
5 532 2
5 533 4
5 534 2
5 535 1
5 536 1
5 537 1
5 538 1
5 539 6
5 540 3
5 541 1
5 542 1
5 543 1
5 544 1
5 545 1
5 546 4
5 547 1
5 548 1
5 549 15
5 550 1
5 551 1
5 552 2
5 553 1
6 1 1
6 3 1
6 6 9
6 10 1
6 14 3
6 16 3
6 24 3
6 28 1
6 32 8
6 40 2
6 46 2
6 48 1
6 50 3
6 52 1
6 53 2
6 60 1
6 64 2
6 66 1
6 72 2
6 77 4
6 91 2
6 95 2
6 99 1
6 105 1
6 106 1
6 111 1
6 127 1
6 133 1
6 143 1
6 146 6
6 149 1
6 155 10
6 156 1
6 164 1
6 166 2
6 171 10
6 172 9
6 173 1
6 174 9
6 177 1
6 178 1
6 180 2
6 181 4
6 182 3
6 187 1
6 189 2
6 191 1
6 200 1
6 208 1
6 209 1
6 211 7
6 213 2
6 241 1
6 242 1
6 245 10
6 246 1
6 250 1
6 254 1
6 255 4
6 256 1
6 257 2
6 259 2
6 273 2
6 276 1
6 277 1
6 278 1
6 289 11
6 299 1
6 313 1
6 340 1
6 342 1
6 343 1
6 360 1
6 385 2
6 389 1
6 399 1
6 408 1
6 412 1
6 418 1
6 420 1
6 426 1
6 430 1
6 437 1
6 444 1
6 461 2
6 462 1
6 472 2
6 477 1
6 480 2
6 481 1
6 490 1
6 491 1
6 494 1
6 504 2
6 508 3
6 516 3
6 517 5
6 519 2
6 530 3
6 535 1
6 536 1
6 538 4
6 540 3
6 549 30
6 554 1
6 555 1
6 556 3
6 557 5
6 558 1
6 559 2
6 560 2
6 561 4
6 562 1
6 563 1
6 564 6
6 565 8
6 566 1
6 567 1
6 568 8
6 569 1
6 570 3
6 571 5
6 572 8
6 573 1
6 574 1
6 575 1
6 576 1
6 577 2
6 578 1
6 579 1
6 580 1
6 581 1
6 582 1
6 583 3
6 584 1
6 585 3
6 586 1
6 587 1
6 588 2
6 589 2
6 590 2
6 591 3
6 592 1
6 593 2
6 594 3
6 595 1
6 596 1
6 597 3
6 598 1
6 599 1
6 600 6
6 601 1
6 602 1
6 603 1
6 604 1
6 605 1
6 606 1
6 607 5
6 608 1
6 609 1
6 610 1
6 611 3
6 612 1
6 613 1
6 614 3
6 615 1
6 616 1
6 617 1
6 618 1
6 619 1
6 620 1
6 621 1
6 622 2
6 623 1
6 624 1
6 625 2
6 626 1
6 627 1
6 628 2
6 629 3
6 630 1
6 631 4
6 632 1
6 633 1
6 634 2
6 635 1
6 636 1
6 637 1
6 638 1
6 639 1
6 640 1
6 641 1
6 642 3
6 643 4
6 644 1
6 645 1
6 646 7
6 647 1
6 648 1
6 649 1
6 650 1
6 651 2
6 652 1
7 1 2
7 2 1
7 3 5
7 4 1
7 10 1
7 14 7
7 15 8
7 26 1
7 28 3
7 32 7
7 35 3
7 40 2
7 43 1
7 50 8
7 51 1
7 52 1
7 53 3
7 54 1
7 57 6
7 58 1
7 64 11
7 66 1
7 68 1
7 72 4
7 76 1
7 77 4
7 78 1
7 85 3
7 88 1
7 91 3
7 102 2
7 104 1
7 106 1
7 108 4
7 111 1
7 112 1
7 127 1
7 130 1
7 132 1
7 133 8
7 143 1
7 145 4
7 146 8
7 148 2
7 152 1
7 155 1
7 156 1
7 164 1
7 166 1
7 171 9
7 172 3
7 174 4
7 178 2
7 181 7
7 182 6
7 188 2
7 189 6
7 191 2
7 192 1
7 193 3
7 200 1
7 201 1
7 203 5
7 204 1
7 205 1
7 208 2
7 209 3
7 211 3
7 213 2
7 223 2
7 225 1
7 229 2
7 231 2
7 232 2
7 235 1
7 236 1
7 241 3
7 242 1
7 243 10
7 245 1
7 246 1
7 250 1
7 255 8
7 256 1
7 257 5
7 259 1
7 266 1
7 277 5
7 279 3
7 282 1
7 284 1
7 286 1
7 299 2
7 302 1
7 309 1
7 312 1
7 319 1
7 336 1
7 337 1
7 339 3
7 340 1
7 341 1
7 343 1
7 354 1
7 360 1
7 369 1
7 389 1
7 398 1
7 408 2
7 414 1
7 430 1
7 437 2
7 438 1
7 460 5
7 461 7
7 482 3
7 493 3
7 500 2
7 504 1
7 518 3
7 523 2
7 549 5
7 560 1
7 564 6
7 574 1
7 581 1
7 600 1
7 619 1
7 653 1
7 654 1
7 655 1
7 656 2
7 657 1
7 658 1
7 659 1
7 660 1
7 661 2
7 662 1
7 663 1
7 664 1
7 665 1
7 666 1
7 667 1
7 668 1
7 669 1
7 670 1
7 671 1
7 672 1
7 673 1
7 674 1
7 675 1
7 676 1
7 677 1
7 678 1
7 679 1
7 680 2
7 681 1
7 682 1
7 683 1
7 684 1
7 685 4
7 686 1
7 687 1
7 688 1
7 689 1
7 690 2
7 691 1
7 692 1
7 693 1
7 694 1
7 695 7
7 696 1
7 697 1
7 698 1
7 699 1
7 700 2
7 701 2
7 702 1
7 703 2
7 704 3
7 705 2
7 706 1
7 707 1
7 708 2
7 709 1
7 710 1
7 711 3
7 712 1
7 713 1
7 714 1
7 715 1
7 716 1
7 717 1
7 718 6
7 719 1
7 720 32
8 3 1
8 10 3
8 14 5
8 15 4
8 19 1
8 28 3
8 32 1
8 35 1
8 40 2
8 49 3
8 53 2
8 54 1
8 55 1
8 66 1
8 67 1
8 72 1
8 74 21
8 77 4
8 85 1
8 91 1
8 102 1
8 105 1
8 106 1
8 112 1
8 126 1
8 127 1
8 138 1
8 141 31
8 146 8
8 148 1
8 152 1
8 156 1
8 158 1
8 161 1
8 172 4
8 173 1
8 174 5
8 175 1
8 178 2
8 181 2
8 182 1
8 185 1
8 189 9
8 191 4
8 192 1
8 193 2
8 201 3
8 204 1
8 205 1
8 208 1
8 209 2
8 213 1
8 216 2
8 219 1
8 223 2
8 233 1
8 234 1
8 235 1
8 236 1
8 240 2
8 245 5
8 247 1
8 250 1
8 259 1
8 261 1
8 283 1
8 293 2
8 302 1
8 339 1
8 343 1
8 344 1
8 349 1
8 358 2
8 369 1
8 371 7
8 385 3
8 388 1
8 389 4
8 391 1
8 401 3
8 402 1
8 404 1
8 425 9
8 428 2
8 432 3
8 433 1
8 437 2
8 447 8
8 452 5
8 454 2
8 460 1
8 462 1
8 473 2
8 494 1
8 505 1
8 523 1
8 530 1
8 540 2
8 564 2
8 580 1
8 669 1
8 685 1
8 687 1
8 693 1
8 717 1
8 719 4
8 721 1
8 722 1
8 723 2
8 724 1
8 725 1
8 726 1
8 727 2
8 728 4
8 729 2
8 730 2
8 731 1
8 732 1
8 733 1
8 734 1
8 735 1
8 736 3
8 737 1
8 738 1
8 739 1
8 740 1
8 741 1
8 742 1
8 743 1
8 744 1
8 745 1
8 746 1
8 747 2
8 748 1
8 749 1
8 750 1
8 751 1
8 752 3
8 753 2
8 754 10
8 755 1
8 756 1
8 757 1
8 758 1
8 759 1
8 760 1
8 761 1
8 762 1
8 763 1
9 14 1
9 126 1
9 232 1
9 315 1
9 326 1
9 342 1
9 418 1
9 461 1
9 764 1
9 765 1
9 766 3
9 767 1
9 768 1
9 769 1
9 770 2
9 771 1
9 772 1
9 773 1
10 1 1
10 3 3
10 7 1
10 10 1
10 14 2
10 26 1
10 28 1
10 32 4
10 34 1
10 37 1
10 40 4
10 41 1
10 42 4
10 48 1
10 50 4
10 52 1
10 53 6
10 54 1
10 57 1
10 66 1
10 72 1
10 74 6
10 76 1
10 77 3
10 84 4
10 91 1
10 95 1
10 102 1
10 105 1
10 106 1
10 108 1
10 111 1
10 114 1
10 124 1
10 132 1
10 138 2
10 141 16
10 143 1
10 146 5
10 148 1
10 149 2
10 152 1
10 155 4
10 156 1
10 166 2
10 171 9
10 172 4
10 173 1
10 174 2
10 178 1
10 181 5
10 182 1
10 188 5
10 189 15
10 200 1
10 208 2
10 211 1
10 213 2
10 214 7
10 216 3
10 241 4
10 245 11
10 250 1
10 254 1
10 259 1
10 273 1
10 284 1
10 289 19
10 296 2
10 302 2
10 319 7
10 368 1
10 371 16
10 389 2
10 407 2
10 408 3
10 423 3
10 425 2
10 433 1
10 437 2
10 460 15
10 461 1
10 462 2
10 477 1
10 478 1
10 481 1
10 490 2
10 491 1
10 492 1
10 500 1
10 509 1
10 511 1
10 514 1
10 517 2
10 523 1
10 534 3
10 542 2
10 549 17
10 564 7
10 570 1
10 574 1
10 581 3
10 618 1
10 669 1
10 692 1
10 693 4
10 698 1
10 708 1
10 710 2
10 719 1
10 721 4
10 745 1
10 760 1
10 763 1
10 768 2
10 773 5
10 774 1
10 775 1
10 776 1
10 777 3
10 778 1
10 779 1
10 780 1
10 781 2
10 782 6
10 783 2
10 784 1
10 785 2
10 786 1
10 787 2
10 788 1
10 789 16
10 790 3
10 791 1
10 792 2
10 793 3
10 794 7
10 795 3
10 796 1
10 797 1
10 798 1
10 799 3
10 800 1
10 801 1
10 802 1
10 803 1
10 804 1
10 805 1
10 806 1
10 807 10
10 808 5
10 809 4
10 810 2
11 3 1
11 10 4
11 14 4
11 15 7
11 28 3
11 32 1
11 35 12
11 40 4
11 42 1
11 45 1
11 50 5
11 51 6
11 53 3
11 54 1
11 63 1
11 64 3
11 66 1
11 72 2
11 77 5
11 85 1
11 91 1
11 102 1
11 105 1
11 106 1
11 111 1
11 112 2
11 127 2
11 136 2
11 139 2
11 143 1
11 146 9
11 156 1
11 166 2
11 171 1
11 178 1
11 181 6
11 191 1
11 192 1
11 200 1
11 201 1
11 203 1
11 204 8
11 205 1
11 209 1
11 212 2
11 213 4
11 223 2
11 229 1
11 231 8
11 232 10
11 235 1
11 236 1
11 241 4
11 245 3
11 250 1
11 259 1
11 262 1
11 276 1
11 277 2
11 278 1
11 280 3
11 286 1
11 309 1
11 319 1
11 336 1
11 337 1
11 340 1
11 344 1
11 345 1
11 377 4
11 390 2
11 405 1
11 409 4
11 416 1
11 432 1
11 438 1
11 448 1
11 463 2
11 507 2
11 581 1
11 597 1
11 619 1
11 626 1
11 703 1
11 705 1
11 717 1
11 719 2
11 747 1
11 749 1
11 757 1
11 794 1
11 795 1
11 802 1
11 811 3
11 812 7
11 813 1
11 814 3
11 815 4
11 816 10
11 817 1
11 818 1
11 819 1
11 820 1
11 821 1
11 822 2
11 823 1
11 824 1
11 825 3
11 826 1
11 827 1
11 828 1
11 829 1
11 830 1
11 831 1
11 832 1
11 833 1
11 834 1
11 835 1
11 836 1
11 837 1
11 838 1
11 839 11
11 840 1
11 841 1
11 842 1
11 843 1
11 844 1
11 845 1
12 3 14
12 10 8
12 13 1
12 14 3
12 15 7
12 28 3
12 32 3
12 35 6
12 40 3
12 42 1
12 50 4
12 53 2
12 54 2
12 56 1
12 57 2
12 61 12
12 66 1
12 67 1
12 70 1
12 72 1
12 77 5
12 85 2
12 91 1
12 102 2
12 106 1
12 108 1
12 111 1
12 112 1
12 119 1
12 124 1
12 127 2
12 130 1
12 136 3
12 139 8
12 143 1
12 145 1
12 146 9
12 148 2
12 156 1
12 166 3
12 174 4
12 175 5
12 177 2
12 178 2
12 181 14
12 182 4
12 188 7
12 192 1
12 193 1
12 195 2
12 200 1
12 203 6
12 204 2
12 205 1
12 208 2
12 209 1
12 211 1
12 213 13
12 215 1
12 216 3
12 219 2
12 223 2
12 231 3
12 232 10
12 234 1
12 235 1
12 236 1
12 241 3
12 250 3
12 256 1
12 259 1
12 262 1
12 268 1
12 271 1
12 278 1
12 293 2
12 305 1
12 337 1
12 343 1
12 360 3
12 389 5
12 405 1
12 437 1
12 438 8
12 467 1
12 488 1
12 500 2
12 506 11
12 507 1
12 511 1
12 523 4
12 530 2
12 538 1
12 594 9
12 618 1
12 625 1
12 632 1
12 669 2
12 692 2
12 698 1
12 708 3
12 734 1
12 760 1
12 762 1
12 791 1
12 792 1
12 802 1
12 806 1
12 809 1
12 816 5
12 823 1
12 826 1
12 827 1
12 829 1
12 831 3
12 835 1
12 839 12
12 846 1
12 847 1
12 848 1
12 849 1
12 850 1
12 851 6
12 852 1
12 853 1
12 854 1
12 855 1
12 856 2
12 857 1
12 858 3
12 859 1
12 860 3
12 861 1
12 862 1
12 863 2
12 864 1
12 865 6
12 866 2
12 867 4
12 868 1
12 869 1
12 870 1
12 871 1
12 872 2
12 873 1
12 874 1
12 875 1
12 876 1
12 877 1
12 878 1
12 879 1
12 880 2
12 881 1
12 882 1
12 883 2
12 884 1
13 2 2
13 3 4
13 6 3
13 10 6
13 12 1
13 14 4
13 15 16
13 26 1
13 28 1
13 32 4
13 35 2
13 40 2
13 42 2
13 50 4
13 52 2
13 53 2
13 54 2
13 57 1
13 64 1
13 66 1
13 72 1
13 74 3
13 76 2
13 77 2
13 84 4
13 85 4
13 90 2
13 91 1
13 105 4
13 106 1
13 111 1
13 119 1
13 120 1
13 137 1
13 138 1
13 141 5
13 142 1
13 143 1
13 146 4
13 156 2
13 158 1
13 160 2
13 166 3
13 169 1
13 171 1
13 172 3
13 174 10
13 175 2
13 178 14
13 181 4
13 182 2
13 189 18
13 195 1
13 200 1
13 201 2
13 203 1
13 209 2
13 211 3
13 213 2
13 215 1
13 216 2
13 245 3
13 247 3
13 250 2
13 255 1
13 256 1
13 259 1
13 260 1
13 268 1
13 270 2
13 282 1
13 284 1
13 299 2
13 341 1
13 343 3
13 345 1
13 351 1
13 355 1
13 358 4
13 368 1
13 371 29
13 378 1
13 383 1
13 386 2
13 401 1
13 402 3
13 410 1
13 411 1
13 412 1
13 418 30
13 422 1
13 428 1
13 435 1
13 437 2
13 438 1
13 462 2
13 466 1
13 482 2
13 488 2
13 492 1
13 493 1
13 529 1
13 535 2
13 580 2
13 627 1
13 695 4
13 703 1
13 705 1
13 708 1
13 719 1
13 749 2
13 755 6
13 760 1
13 787 2
13 794 2
13 830 1
13 885 1
13 886 3
13 887 1
13 888 1
13 889 1
13 890 1
13 891 1
13 892 1
13 893 2
13 894 1
13 895 1
13 896 1
13 897 2
13 898 1
13 899 2
13 900 1
13 901 1
13 902 1
13 903 1
13 904 10
13 905 2
13 906 4
13 907 1
13 908 1
13 909 1
13 910 1
13 911 1
13 912 1
13 913 5
13 914 2
13 915 2
13 916 3
13 917 1
13 918 4
13 919 1
13 920 1
13 921 1
13 922 2
13 923 1
13 924 1
13 925 1
13 926 1
13 927 1
13 928 1
13 929 1
13 930 1
13 931 1
13 932 1
13 933 1
13 934 1
13 935 1
13 936 2
13 937 1
14 2 1
14 3 2
14 10 2
14 14 5
14 15 17
14 19 1
14 28 3
14 32 3
14 35 1
14 40 2
14 42 1
14 50 3
14 51 1
14 52 1
14 53 2
14 54 3
14 56 1
14 66 1
14 72 3
14 76 2
14 77 5
14 84 1
14 85 2
14 91 3
14 102 3
14 106 1
14 108 3
14 111 1
14 112 1
14 114 1
14 119 1
14 123 17
14 124 1
14 126 1
14 127 3
14 133 1
14 136 4
14 139 8
14 143 1
14 145 1
14 146 9
14 154 1
14 156 2
14 160 1
14 166 1
14 171 8
14 172 1
14 174 2
14 178 1
14 181 5
14 182 2
14 186 1
14 188 1
14 189 1
14 192 1
14 195 3
14 201 1
14 204 1
14 205 1
14 211 1
14 213 2
14 223 2
14 225 1
14 231 5
14 232 8
14 235 1
14 236 1
14 241 2
14 245 1
14 250 5
14 259 1
14 262 1
14 278 1
14 280 3
14 282 1
14 284 2
14 285 1
14 293 1
14 309 1
14 316 1
14 319 3
14 337 1
14 350 1
14 351 1
14 385 1
14 389 2
14 401 1
14 402 2
14 411 1
14 416 1
14 423 1
14 428 1
14 435 2
14 437 1
14 438 1
14 447 1
14 455 1
14 458 1
14 462 2
14 466 1
14 475 1
14 490 1
14 492 2
14 500 2
14 504 1
14 506 1
14 516 1
14 523 1
14 540 1
14 614 4
14 626 1
14 629 10
14 682 1
14 691 1
14 695 1
14 703 1
14 708 1
14 719 1
14 728 1
14 737 1
14 760 1
14 761 1
14 772 5
14 795 1
14 801 2
14 802 1
14 814 1
14 816 9
14 823 1
14 825 1
14 826 1
14 839 14
14 842 2
14 843 1
14 880 2
14 888 2
14 890 1
14 892 1
14 902 1
14 909 1
14 938 1
14 939 1
14 940 3
14 941 1
14 942 1
14 943 1
14 944 2
14 945 2
14 946 1
14 947 1
14 948 1
14 949 1
14 950 1
14 951 1
14 952 1
14 953 1
14 954 1
14 955 8
14 956 1
14 957 1
14 958 1
14 959 1
14 960 2
14 961 1
14 962 1
14 963 1
14 964 1
14 965 7
14 966 1
14 967 2
14 968 1
14 969 1
14 970 1
14 971 1
14 972 16
14 973 1
14 974 1
14 975 3
14 976 1
14 977 1
15 1 1
15 3 9
15 14 4
15 15 26
15 16 1
15 25 2
15 32 3
15 35 4
15 40 2
15 49 2
15 50 4
15 52 1
15 53 3
15 54 2
15 57 1
15 63 1
15 64 1
15 70 1
15 71 1
15 72 1
15 77 1
15 84 4
15 86 1
15 91 1
15 95 2
15 96 1
15 102 4
15 104 2
15 106 1
15 108 4
15 111 1
15 114 1
15 119 2
15 126 1
15 130 1
15 132 3
15 135 1
15 136 1
15 137 2
15 141 15
15 143 1
15 144 1
15 146 1
15 148 1
15 149 3
15 152 2
15 155 4
15 156 1
15 164 1
15 165 2
15 166 2
15 171 13
15 172 10
15 174 4
15 177 1
15 178 1
15 180 5
15 181 10
15 182 2
15 188 1
15 189 1
15 191 1
15 200 1
15 203 9
15 208 9
15 209 9
15 211 3
15 225 1
15 234 1
15 241 2
15 242 1
15 243 1
15 245 16
15 250 1
15 255 3
15 259 3
15 262 2
15 270 2
15 281 2
15 284 5
15 287 3
15 293 1
15 305 1
15 309 1
15 314 1
15 317 1
15 319 1
15 336 1
15 337 1
15 342 2
15 343 3
15 354 1
15 360 2
15 362 1
15 368 4
15 371 17
15 374 1
15 383 2
15 389 1
15 390 1
15 407 3
15 408 1
15 416 1
15 423 8
15 428 2
15 433 1
15 437 1
15 460 1
15 462 2
15 466 3
15 467 3
15 477 2
15 478 6
15 480 2
15 482 1
15 483 1
15 484 1
15 490 7
15 500 3
15 504 1
15 508 1
15 509 2
15 519 2
15 523 1
15 530 2
15 534 2
15 535 2
15 537 1
15 540 1
15 542 4
15 549 13
15 564 4
15 568 1
15 574 2
15 576 1
15 580 2
15 593 12
15 596 1
15 600 2
15 623 1
15 629 2
15 656 2
15 662 1
15 667 1
15 669 1
15 680 1
15 692 10
15 705 1
15 729 1
15 734 1
15 738 1
15 760 3
15 761 1
15 767 2
15 774 1
15 776 1
15 778 2
15 784 6
15 793 4
15 795 1
15 797 1
15 798 2
15 801 2
15 803 1
15 807 5
15 808 2
15 813 1
15 829 2
15 857 1
15 869 1
15 914 2
15 923 1
15 931 1
15 934 2
15 942 1
15 953 2
15 958 1
15 968 1
15 973 1
15 978 1
15 979 1
15 980 2
15 981 1
15 982 1
15 983 2
15 984 2
15 985 2
15 986 1
15 987 1
15 988 1
15 989 1
15 990 2
15 991 1
15 992 1
15 993 1
15 994 1
15 995 1
15 996 2
15 997 5
15 998 1
15 999 2
15 1000 1
15 1001 1
15 1002 9
15 1003 9
15 1004 1
15 1005 1
15 1006 2
15 1007 1
15 1008 3
15 1009 2
15 1010 1
15 1011 1
15 1012 1
15 1013 1
15 1014 1
15 1015 1
15 1016 1
15 1017 1
15 1018 3
15 1019 1
15 1020 6
15 1021 1
15 1022 1
15 1023 1
15 1024 1
15 1025 1
15 1026 1
16 1 2
16 2 4
16 3 3
16 11 1
16 13 1
16 14 17
16 15 18
16 19 2
16 21 8
16 25 1
16 28 1
16 32 1
16 35 1
16 40 4
16 42 1
16 43 4
16 48 1
16 50 1
16 53 1
16 54 6
16 57 3
16 63 3
16 64 1
16 66 1
16 70 5
16 72 1
16 77 2
16 84 4
16 94 1
16 105 2
16 108 7
16 111 1
16 113 3
16 126 6
16 127 2
16 130 1
16 137 3
16 139 1
16 142 7
16 143 1
16 146 4
16 152 1
16 154 1
16 156 1
16 161 1
16 166 3
16 172 2
16 173 2
16 174 7
16 178 3
16 181 6
16 182 1
16 193 3
16 202 3
16 208 1
16 209 1
16 213 1
16 216 13
16 219 1
16 220 1
16 221 6
16 225 1
16 226 2
16 239 5
16 240 1
16 247 1
16 248 1
16 254 1
16 259 2
16 261 1
16 262 3
16 268 2
16 269 5
16 270 1
16 285 1
16 288 1
16 297 1
16 301 1
16 305 2
16 325 1
16 340 3
16 343 4
16 345 1
16 354 1
16 355 1
16 360 2
16 362 1
16 366 1
16 381 1
16 384 2
16 388 1
16 389 6
16 402 2
16 407 1
16 412 1
16 415 1
16 418 4
16 428 2
16 430 2
16 433 5
16 435 1
16 438 2
16 440 2
16 449 5
16 461 1
16 475 2
16 480 1
16 483 1
16 486 1
16 488 1
16 497 1
16 499 1
16 507 1
16 523 8
16 535 1
16 538 4
16 542 1
16 559 1
16 560 2
16 562 1
16 567 1
16 576 1
16 598 1
16 603 1
16 609 1
16 617 2
16 637 1
16 645 2
16 653 2
16 682 1
16 683 1
16 703 10
16 729 1
16 744 2
16 755 1
16 787 1
16 816 1
16 820 1
16 823 2
16 840 1
16 849 1
16 860 1
16 878 1
16 911 3
16 926 1
16 931 21
16 940 2
16 945 1
16 969 1
16 1006 2
16 1027 1
16 1028 2
16 1029 1
16 1030 1
16 1031 3
16 1032 1
16 1033 1
16 1034 1
16 1035 1
16 1036 1
16 1037 1
16 1038 1
16 1039 3
16 1040 3
16 1041 1
16 1042 1
16 1043 2
16 1044 1
16 1045 1
16 1046 2
16 1047 1
16 1048 3
16 1049 1
16 1050 1
16 1051 1
16 1052 1
16 1053 1
16 1054 2
16 1055 1
16 1056 1
16 1057 1
16 1058 2
16 1059 1
16 1060 1
16 1061 3
16 1062 1
16 1063 1
16 1064 1
16 1065 1
16 1066 1
16 1067 1
16 1068 1
16 1069 2
16 1070 1
16 1071 1
16 1072 6
16 1073 1
16 1074 1
16 1075 2
16 1076 1
16 1077 1
16 1078 1
16 1079 2
16 1080 1
16 1081 1
16 1082 1
16 1083 1
16 1084 1
16 1085 2
16 1086 2
16 1087 1
16 1088 1
16 1089 1
16 1090 2
16 1091 1
16 1092 1
16 1093 2
16 1094 2
16 1095 2
16 1096 1
16 1097 3
16 1098 2
16 1099 1
16 1100 1
16 1101 1
16 1102 1
16 1103 1
16 1104 1
16 1105 1
16 1106 1
16 1107 1
16 1108 1
16 1109 2
16 1110 1
16 1111 1
16 1112 1
16 1113 1
16 1114 1
16 1115 1
16 1116 1
16 1117 1
16 1118 1
16 1119 1
16 1120 2
16 1121 1
16 1122 1
16 1123 1
16 1124 3
16 1125 1
16 1126 1
16 1127 2
16 1128 1
16 1129 1
16 1130 11
16 1131 3
16 1132 3
16 1133 47
16 1134 1
16 1135 3
16 1136 5
16 1137 1
16 1138 4
16 1139 1
16 1140 2
16 1141 3
16 1142 1
16 1143 1
16 1144 1
16 1145 3
16 1146 1
16 1147 1
16 1148 1
16 1149 4
16 1150 1
16 1151 1
16 1152 3
16 1153 2
16 1154 1
16 1155 1
16 1156 1
16 1157 1
16 1158 1
16 1159 1
16 1160 13
16 1161 3
16 1162 1
16 1163 1
16 1164 1
16 1165 1
16 1166 1
17 3 1
17 8 3
17 10 3
17 14 1
17 27 1
17 32 1
17 35 1
17 43 1
17 49 2
17 50 2
17 51 1
17 55 2
17 60 1
17 64 3
17 74 1
17 77 1
17 78 1
17 85 1
17 86 2
17 99 1
17 113 2
17 132 1
17 134 3
17 141 1
17 148 1
17 149 1
17 171 4
17 172 1
17 189 1
17 191 2
17 204 1
17 208 1
17 213 1
17 221 1
17 232 2
17 238 1
17 241 2
17 247 3
17 248 2
17 259 1
17 261 2
17 262 3
17 280 1
17 289 6
17 302 1
17 311 1
17 313 1
17 343 1
17 349 1
17 358 1
17 371 1
17 386 1
17 389 1
17 391 1
17 403 1
17 420 1
17 428 2
17 433 1
17 437 2
17 438 1
17 460 1
17 461 1
17 475 1
17 490 1
17 535 1
17 564 1
17 581 1
17 594 1
17 705 1
17 708 1
17 727 2
17 730 1
17 787 1
17 839 1
17 910 1
17 923 1
17 925 1
17 936 1
17 1056 1
17 1062 1
17 1103 1
17 1108 1
17 1153 1
17 1167 1
17 1168 1
17 1169 1
17 1170 1
17 1171 1
17 1172 1
17 1173 1
17 1174 1
17 1175 1
17 1176 1
17 1177 1
17 1178 1
17 1179 11
17 1180 1
17 1181 1
17 1182 2
17 1183 1
17 1184 1
17 1185 1
17 1186 2
17 1187 1
18 3 4
18 10 2
18 14 7
18 15 3
18 16 2
18 32 2
18 34 1
18 48 2
18 53 2
18 60 1
18 63 1
18 68 1
18 75 1
18 78 1
18 102 6
18 105 1
18 115 1
18 126 1
18 137 1
18 142 1
18 148 1
18 172 1
18 173 1
18 182 4
18 184 1
18 188 1
18 191 2
18 201 1
18 238 1
18 277 2
18 281 1
18 296 12
18 302 2
18 324 1
18 327 1
18 337 1
18 343 1
18 389 1
18 437 1
18 449 1
18 461 1
18 490 1
18 517 1
18 529 1
18 530 2
18 544 1
18 629 1
18 668 1
18 670 1
18 727 1
18 747 1
18 771 1
18 815 1
18 819 1
18 856 1
18 889 1
18 910 1
18 926 2
18 1006 1
18 1056 1
18 1102 1
18 1103 1
18 1124 1
18 1133 1
18 1150 1
18 1160 1
18 1174 1
18 1188 3
18 1189 3
18 1190 1
18 1191 1
18 1192 1
18 1193 2
18 1194 1
18 1195 1
18 1196 1
18 1197 1
18 1198 1
18 1199 2
18 1200 1
18 1201 1
19 2 2
19 3 4
19 10 2
19 13 1
19 14 4
19 15 5
19 16 2
19 32 1
19 34 1
19 35 1
19 48 2
19 53 1
19 60 1
19 75 1
19 78 1
19 95 3
19 102 3
19 105 1
19 116 1
19 119 1
19 126 2
19 130 1
19 133 1
19 137 1
19 148 1
19 155 1
19 172 1
19 173 1
19 181 1
19 182 4
19 189 3
19 202 1
19 209 2
19 221 1
19 225 2
19 238 1
19 257 1
19 262 1
19 268 1
19 296 12
19 302 1
19 321 1
19 369 2
19 384 1
19 423 1
19 437 1
19 449 1
19 455 2
19 460 1
19 490 1
19 507 1
19 511 1
19 517 1
19 534 1
19 535 1
19 536 1
19 564 1
19 568 3
19 619 1
19 629 1
19 668 1
19 670 1
19 727 1
19 769 2
19 770 1
19 781 1
19 819 2
19 854 2
19 903 1
19 914 1
19 936 1
19 1056 1
19 1063 1
19 1102 1
19 1103 1
19 1124 2
19 1174 1
19 1188 1
19 1190 1
19 1192 1
19 1194 1
19 1201 1
19 1202 1
19 1203 2
19 1204 1
19 1205 1
19 1206 1
19 1207 1
19 1208 1
19 1209 1
20 2 1
20 10 1
20 14 4
20 15 2
20 19 1
20 32 1
20 35 5
20 54 1
20 57 1
20 64 1
20 72 1
20 77 1
20 84 8
20 85 1
20 99 1
20 112 2
20 115 1
20 139 3
20 142 2
20 146 1
20 148 1
20 149 1
20 171 6
20 172 11
20 175 2
20 177 1
20 178 3
20 181 2
20 193 1
20 200 1
20 208 1
20 213 2
20 219 2
20 231 1
20 238 1
20 239 1
20 241 1
20 245 1
20 248 1
20 251 1
20 256 1
20 259 1
20 261 3
20 262 1
20 268 1
20 271 1
20 272 1
20 276 1
20 289 6
20 293 1
20 294 1
20 314 2
20 316 1
20 319 1
20 343 1
20 355 1
20 361 1
20 368 1
20 371 1
20 389 1
20 390 1
20 428 1
20 437 1
20 440 2
20 455 1
20 462 1
20 493 1
20 506 1
20 517 1
20 578 1
20 592 2
20 619 1
20 668 1
20 694 1
20 705 1
20 719 1
20 802 1
20 807 2
20 809 1
20 816 1
20 839 1
20 841 1
20 875 2
20 955 1
20 1017 1
20 1048 1
20 1081 1
20 1089 1
20 1108 1
20 1125 2
20 1160 1
20 1173 1
20 1190 1
20 1207 2
20 1210 2
20 1211 1
20 1212 1
20 1213 1
20 1214 1
20 1215 1
20 1216 1
20 1217 1
20 1218 1
20 1219 1
20 1220 1
20 1221 1
20 1222 1
20 1223 1
20 1224 1
20 1225 1
20 1226 1
20 1227 2
20 1228 1
20 1229 1
20 1230 1
20 1231 1
20 1232 2
20 1233 1
20 1234 1
20 1235 1
20 1236 1
20 1237 1
20 1238 1
21 4 2
21 14 6
21 24 1
21 35 6
21 77 1
21 84 4
21 86 2
21 109 3
21 114 2
21 126 1
21 145 1
21 146 1
21 149 1
21 172 5
21 176 2
21 178 1
21 193 1
21 209 2
21 213 4
21 226 2
21 237 1
21 241 1
21 259 2
21 273 1
21 289 7
21 313 1
21 343 1
21 373 1
21 414 1
21 437 2
21 440 1
21 473 1
21 475 1
21 489 1
21 492 2
21 511 1
21 516 1
21 520 1
21 533 1
21 541 1
21 542 1
21 668 1
21 768 1
21 793 1
21 826 1
21 890 1
21 958 1
21 1006 1
21 1016 2
21 1061 1
21 1119 1
21 1183 1
21 1210 1
21 1223 1
21 1226 1
21 1228 1
21 1232 1
21 1236 1
21 1239 1
21 1240 1
21 1241 1
21 1242 1
21 1243 1
21 1244 1
21 1245 1
21 1246 1
21 1247 1
21 1248 1
21 1249 1
21 1250 1
21 1251 3
21 1252 1
21 1253 1
21 1254 1
21 1255 1
21 1256 1
21 1257 1
22 1 1
22 3 4
22 10 2
22 12 2
22 14 7
22 15 6
22 16 2
22 18 2
22 19 2
22 28 1
22 32 3
22 35 3
22 40 1
22 43 1
22 52 3
22 54 1
22 60 1
22 66 1
22 72 2
22 75 1
22 77 2
22 84 4
22 85 2
22 86 1
22 92 1
22 99 1
22 102 1
22 108 2
22 112 1
22 120 1
22 123 1
22 124 4
22 125 1
22 126 1
22 132 1
22 133 1
22 137 2
22 146 4
22 149 1
22 154 1
22 156 1
22 161 1
22 164 1
22 166 2
22 171 3
22 181 4
22 182 2
22 187 1
22 191 1
22 200 1
22 203 4
22 204 1
22 213 1
22 214 2
22 216 2
22 225 1
22 239 1
22 241 1
22 247 1
22 256 1
22 257 3
22 259 2
22 261 1
22 268 4
22 270 1
22 285 1
22 289 2
22 296 2
22 299 1
22 305 2
22 349 2
22 360 2
22 377 1
22 389 1
22 401 1
22 448 3
22 455 1
22 489 18
22 490 8
22 493 1
22 495 1
22 498 1
22 499 1
22 524 2
22 539 2
22 578 1
22 619 1
22 627 2
22 656 1
22 677 2
22 694 3
22 724 1
22 801 1
22 850 1
22 871 1
22 890 2
22 896 1
22 955 18
22 958 1
22 959 2
22 1006 6
22 1022 2
22 1135 2
22 1136 2
22 1139 1
22 1160 1
22 1175 6
22 1179 1
22 1202 1
22 1232 1
22 1258 1
22 1259 1
22 1260 1
22 1261 2
22 1262 1
22 1263 1
22 1264 1
22 1265 2
22 1266 7
22 1267 1
22 1268 1
22 1269 1
22 1270 2
22 1271 1
22 1272 1
22 1273 2
22 1274 1
22 1275 1
22 1276 1
22 1277 6
22 1278 1
22 1279 1
22 1280 1
22 1281 1
22 1282 1
22 1283 1
22 1284 1
23 2 2
23 3 1
23 10 7
23 13 1
23 14 8
23 15 1
23 18 1
23 19 1
23 25 1
23 35 6
23 40 1
23 48 5
23 50 2
23 52 1
23 54 2
23 56 2
23 57 2
23 60 2
23 74 2
23 85 8
23 86 1
23 95 2
23 106 1
23 112 1
23 116 1
23 119 1
23 123 1
23 124 1
23 126 2
23 127 2
23 137 1
23 140 3
23 141 5
23 142 1
23 148 2
23 152 1
23 158 1
23 160 1
23 166 1
23 168 1
23 170 1
23 171 2
23 172 2
23 174 6
23 175 6
23 177 4
23 180 11
23 181 7
23 182 2
23 184 3
23 189 5
23 191 3
23 193 2
23 200 1
23 201 1
23 202 1
23 203 1
23 204 1
23 213 1
23 221 1
23 232 4
23 234 1
23 245 3
23 247 1
23 251 4
23 255 2
23 261 1
23 262 1
23 272 5
23 280 1
23 289 6
23 293 1
23 294 1
23 297 1
23 299 2
23 302 4
23 316 2
23 321 1
23 329 9
23 343 1
23 345 2
23 352 1
23 353 1
23 354 5
23 358 5
23 371 2
23 385 1
23 398 1
23 401 1
23 402 10
23 405 1
23 407 1
23 414 14
23 420 1
23 423 3
23 428 1
23 432 2
23 436 1
23 437 1
23 438 4
23 448 1
23 450 1
23 452 1
23 454 1
23 460 1
23 468 1
23 475 1
23 476 2
23 477 1
23 478 1
23 479 1
23 488 3
23 490 1
23 506 1
23 511 2
23 523 1
23 563 2
23 564 3
23 598 1
23 629 1
23 632 3
23 701 1
23 712 1
23 717 2
23 719 1
23 728 7
23 730 7
23 735 1
23 755 1
23 770 1
23 773 4
23 780 3
23 787 1
23 792 1
23 801 1
23 802 1
23 826 1
23 835 1
23 839 1
23 850 1
23 886 1
23 892 1
23 916 2
23 927 1
23 1043 1
23 1047 6
23 1052 1
23 1058 1
23 1099 1
23 1132 2
23 1152 1
23 1177 1
23 1183 1
23 1203 1
23 1209 1
23 1213 1
23 1214 2
23 1268 1
23 1284 1
23 1285 1
23 1286 2
23 1287 1
23 1288 1
23 1289 1
23 1290 1
23 1291 1
23 1292 1
23 1293 1
23 1294 1
23 1295 3
23 1296 3
23 1297 1
23 1298 1
23 1299 1
23 1300 2
23 1301 1
23 1302 1
23 1303 2
23 1304 2
23 1305 1
23 1306 1
23 1307 2
23 1308 1
23 1309 1
23 1310 1
23 1311 2
23 1312 1
23 1313 1
23 1314 1
23 1315 1
23 1316 1
23 1317 1
23 1318 1
23 1319 1
23 1320 1
23 1321 1
23 1322 2
23 1323 1
23 1324 1
24 2 1
24 3 4
24 7 2
24 10 3
24 14 6
24 15 2
24 16 1
24 26 1
24 28 2
24 32 4
24 35 2
24 37 1
24 40 2
24 43 1
24 49 6
24 50 2
24 51 1
24 53 5
24 54 3
24 55 1
24 56 1
24 64 4
24 66 1
24 72 2
24 77 6
24 84 3
24 86 2
24 91 1
24 97 1
24 102 1
24 106 1
24 108 3
24 109 1
24 120 1
24 134 10
24 136 1
24 146 8
24 148 1
24 149 1
24 156 2
24 158 1
24 161 1
24 166 1
24 171 11
24 172 4
24 174 2
24 175 1
24 178 1
24 181 2
24 182 1
24 185 1
24 189 1
24 191 3
24 200 1
24 204 1
24 208 2
24 216 2
24 219 2
24 223 1
24 224 1
24 241 5
24 248 1
24 250 1
24 259 1
24 261 1
24 284 2
24 289 9
24 301 1
24 319 4
24 321 1
24 326 1
24 337 1
24 345 3
24 355 1
24 369 1
24 383 2
24 385 1
24 428 1
24 433 1
24 460 1
24 490 1
24 493 2
24 500 1
24 511 1
24 555 1
24 564 1
24 581 1
24 650 1
24 669 2
24 705 1
24 708 1
24 719 1
24 724 2
24 751 1
24 765 1
24 773 1
24 784 1
24 791 1
24 826 1
24 875 1
24 888 1
24 894 1
24 899 1
24 961 1
24 978 1
24 1001 1
24 1017 1
24 1085 1
24 1086 1
24 1099 3
24 1137 1
24 1139 1
24 1152 5
24 1153 2
24 1158 1
24 1170 1
24 1174 1
24 1179 23
24 1182 1
24 1232 1
24 1239 1
24 1260 1
24 1325 2
24 1326 1
24 1327 1
24 1328 1
24 1329 1
24 1330 1
24 1331 1
24 1332 1
24 1333 1
24 1334 2
24 1335 1
24 1336 1
24 1337 1
24 1338 1
24 1339 4
24 1340 2
24 1341 2
24 1342 1
24 1343 10
24 1344 1
24 1345 2
24 1346 1
24 1347 2
24 1348 1
24 1349 1
24 1350 3
24 1351 1
24 1352 1
24 1353 1
24 1354 3
24 1355 1
24 1356 1
24 1357 2
24 1358 1
24 1359 1
25 1 1
25 2 5
25 3 12
25 4 2
25 7 2
25 14 3
25 15 2
25 18 1
25 27 1
25 28 1
25 32 5
25 35 1
25 50 1
25 53 2
25 55 2
25 64 3
25 66 1
25 72 3
25 77 5
25 84 3
25 86 1
25 91 2
25 92 1
25 102 3
25 109 1
25 111 1
25 112 1
25 127 1
25 133 8
25 137 1
25 140 1
25 142 5
25 143 1
25 146 6
25 149 3
25 156 2
25 168 1
25 171 1
25 172 4
25 178 1
25 182 7
25 191 1
25 192 1
25 200 1
25 204 1
25 205 1
25 213 2
25 223 2
25 225 1
25 235 1
25 241 1
25 250 1
25 257 6
25 259 1
25 261 2
25 277 5
25 289 4
25 323 1
25 332 1
25 339 4
25 382 1
25 385 1
25 391 1
25 437 1
25 439 2
25 475 1
25 480 9
25 485 1
25 493 1
25 500 1
25 534 1
25 544 1
25 555 1
25 556 1
25 652 1
25 668 1
25 673 1
25 676 2
25 792 1
25 826 2
25 1008 1
25 1056 1
25 1059 1
25 1103 1
25 1108 2
25 1188 1
25 1202 1
25 1260 2
25 1326 1
25 1327 3
25 1346 1
25 1347 3
25 1360 1
25 1361 1
25 1362 1
25 1363 1
25 1364 1
25 1365 1
25 1366 1
25 1367 1
25 1368 1
25 1369 1
25 1370 1
25 1371 1
26 1 1
26 2 1
26 3 1
26 10 5
26 11 1
26 14 7
26 28 1
26 35 4
26 51 1
26 63 2
26 64 1
26 72 2
26 76 2
26 77 4
26 85 2
26 90 1
26 91 1
26 102 1
26 112 2
26 113 3
26 118 1
26 127 1
26 130 1
26 136 1
26 137 2
26 146 2
26 171 1
26 172 1
26 181 4
26 193 1
26 196 1
26 198 17
26 203 3
26 204 2
26 206 2
26 209 2
26 213 1
26 223 2
26 237 1
26 238 2
26 241 1
26 247 1
26 248 5
26 250 3
26 251 2
26 256 1
26 258 1
26 259 3
26 262 2
26 278 2
26 284 2
26 289 2
26 291 1
26 299 1
26 305 1
26 310 1
26 311 1
26 330 1
26 338 1
26 344 1
26 346 2
26 355 2
26 357 1
26 359 1
26 360 2
26 369 1
26 375 1
26 377 1
26 379 1
26 387 1
26 404 2
26 426 2
26 455 1
26 517 1
26 592 2
26 619 1
26 669 1
26 690 1
26 710 1
26 792 2
26 794 2
26 851 1
26 892 1
26 925 1
26 931 1
26 1006 1
26 1012 1
26 1018 1
26 1056 1
26 1103 1
26 1105 1
26 1146 1
26 1211 1
26 1281 1
26 1332 1
26 1354 2
26 1372 1
26 1373 1
26 1374 1
26 1375 1
26 1376 1
26 1377 1
26 1378 1
26 1379 1
26 1380 1
26 1381 1
26 1382 1
26 1383 1
26 1384 1
26 1385 1
26 1386 1
26 1387 1
27 2 1
27 3 1
27 10 9
27 14 1
27 15 1
27 27 3
27 35 4
27 42 1
27 50 1
27 53 1
27 63 1
27 108 1
27 119 1
27 142 10
27 154 2
27 172 1
27 178 1
27 181 1
27 182 2
27 184 1
27 201 1
27 220 1
27 247 3
27 248 1
27 251 1
27 261 1
27 262 1
27 266 10
27 277 2
27 289 3
27 310 1
27 341 1
27 346 1
27 351 1
27 384 3
27 391 1
27 437 1
27 653 1
27 696 1
27 744 3
27 824 1
27 864 1
27 888 1
27 890 1
27 1056 1
27 1103 1
27 1189 1
27 1227 1
27 1285 1
27 1339 2
27 1378 1
27 1388 1
27 1389 1
27 1390 1
27 1391 1
27 1392 1
27 1393 1
27 1394 1
27 1395 1
27 1396 2
27 1397 1
27 1398 3
27 1399 1
27 1400 5
27 1401 1
28 3 1
28 14 9
28 19 1
28 24 1
28 27 1
28 41 1
28 48 4
28 55 1
28 58 1
28 72 1
28 75 1
28 77 2
28 91 1
28 105 3
28 109 3
28 112 1
28 113 3
28 119 1
28 138 1
28 141 6
28 142 5
28 146 1
28 161 1
28 162 1
28 171 1
28 172 9
28 173 3
28 176 1
28 178 1
28 182 1
28 188 1
28 201 1
28 239 1
28 248 1
28 254 1
28 258 1
28 278 2
28 284 1
28 289 2
28 310 1
28 317 1
28 340 1
28 343 4
28 351 1
28 381 2
28 388 1
28 437 1
28 459 2
28 460 1
28 500 1
28 507 2
28 538 1
28 592 1
28 629 3
28 668 1
28 688 1
28 690 3
28 692 1
28 792 1
28 801 1
28 840 1
28 888 1
28 901 1
28 908 1
28 909 1
28 914 1
28 922 1
28 926 1
28 1075 1
28 1080 1
28 1086 1
28 1097 1
28 1128 1
28 1190 2
28 1208 1
28 1228 1
28 1246 1
28 1327 1
28 1354 1
28 1373 2
28 1402 1
28 1403 2
28 1404 1
28 1405 2
28 1406 2
28 1407 1
28 1408 1
28 1409 1
28 1410 1
28 1411 3
28 1412 2
28 1413 1
28 1414 1
28 1415 1
28 1416 1
28 1417 2
28 1418 1
28 1419 1
28 1420 1
28 1421 1
29 1 1
29 2 7
29 3 9
29 8 2
29 10 5
29 13 1
29 14 6
29 15 14
29 21 1
29 26 1
29 28 3
29 29 2
29 32 3
29 35 6
29 40 1
29 41 1
29 42 1
29 48 1
29 50 3
29 51 1
29 53 1
29 55 1
29 60 1
29 63 2
29 68 1
29 70 1
29 72 2
29 74 1
29 76 1
29 77 4
29 79 2
29 84 2
29 85 5
29 86 1
29 91 1
29 94 2
29 96 1
29 102 5
29 105 3
29 106 1
29 112 4
29 115 1
29 116 1
29 119 1
29 127 2
29 128 1
29 133 4
29 137 3
29 141 4
29 142 2
29 145 1
29 146 6
29 148 3
29 149 1
29 152 1
29 156 2
29 158 2
29 162 1
29 164 1
29 171 4
29 172 6
29 173 2
29 174 1
29 178 1
29 181 7
29 182 4
29 186 1
29 189 3
29 191 1
29 203 1
29 204 3
29 209 5
29 213 2
29 220 1
29 221 3
29 223 2
29 225 2
29 229 4
29 231 1
29 235 5
29 237 2
29 245 2
29 247 1
29 248 1
29 250 2
29 254 1
29 255 1
29 258 5
29 259 5
29 262 1
29 264 2
29 275 1
29 278 2
29 280 1
29 285 1
29 289 1
29 296 2
29 302 4
29 306 1
29 312 1
29 314 6
29 320 1
29 329 1
29 346 1
29 354 1
29 355 1
29 358 2
29 360 1
29 366 1
29 371 3
29 385 2
29 388 1
29 398 1
29 402 3
29 407 2
29 410 8
29 414 1
29 418 19
29 428 1
29 433 1
29 437 1
29 438 1
29 444 1
29 449 4
29 454 3
29 455 1
29 458 2
29 476 1
29 480 3
29 490 2
29 492 2
29 493 1
29 500 2
29 506 1
29 520 2
29 523 1
29 555 1
29 578 3
29 596 1
29 629 1
29 644 1
29 667 1
29 674 1
29 695 1
29 705 1
29 707 2
29 717 3
29 719 2
29 724 1
29 726 1
29 737 1
29 738 1
29 749 3
29 768 1
29 794 1
29 801 1
29 803 1
29 807 1
29 815 1
29 829 1
29 834 1
29 880 1
29 886 1
29 899 1
29 902 1
29 910 6
29 916 1
29 936 2
29 942 1
29 945 1
29 1012 3
29 1018 1
29 1085 1
29 1108 2
29 1139 1
29 1153 2
29 1172 1
29 1177 1
29 1179 2
29 1207 8
29 1208 1
29 1231 1
29 1285 1
29 1286 1
29 1295 3
29 1309 3
29 1316 1
29 1317 1
29 1323 1
29 1327 1
29 1362 1
29 1373 2
29 1402 1
29 1422 1
29 1423 1
29 1424 1
29 1425 1
29 1426 1
29 1427 5
29 1428 1
29 1429 1
29 1430 1
29 1431 1
29 1432 1
29 1433 1
29 1434 3
29 1435 1
29 1436 1
29 1437 1
29 1438 1
29 1439 1
29 1440 1
29 1441 1
29 1442 1
29 1443 1
29 1444 1
29 1445 1
29 1446 1
29 1447 1
29 1448 1
29 1449 1
29 1450 1
29 1451 1
29 1452 1
29 1453 1
30 1 1
30 2 1
30 3 10
30 5 4
30 7 1
30 10 6
30 12 1
30 14 4
30 15 2
30 25 1
30 28 1
30 32 2
30 35 4
30 40 3
30 41 2
30 43 7
30 48 2
30 52 1
30 53 3
30 54 4
30 56 3
30 57 1
30 65 1
30 72 2
30 74 2
30 75 1
30 77 1
30 84 1
30 86 1
30 91 4
30 96 8
30 105 10
30 106 1
30 112 1
30 115 1
30 124 1
30 129 1
30 132 1
30 133 1
30 136 1
30 137 1
30 141 21
30 146 1
30 149 2
30 155 1
30 156 2
30 161 1
30 166 2
30 172 7
30 173 1
30 174 14
30 175 1
30 177 3
30 178 4
30 180 5
30 181 8
30 182 2
30 186 2
30 189 3
30 191 4
30 193 6
30 200 1
30 201 2
30 208 1
30 209 12
30 211 1
30 213 2
30 215 1
30 219 3
30 221 3
30 234 2
30 250 1
30 251 1
30 256 1
30 259 3
30 262 1
30 268 2
30 269 1
30 276 1
30 283 1
30 285 2
30 286 1
30 289 7
30 299 3
30 302 6
30 326 2
30 339 1
30 343 1
30 345 1
30 360 1
30 368 1
30 371 11
30 384 1
30 391 1
30 407 1
30 410 45
30 412 1
30 418 20
30 420 1
30 427 2
30 428 2
30 433 3
30 436 3
30 437 1
30 438 4
30 445 1
30 455 2
30 460 2
30 462 2
30 478 1
30 480 1
30 482 1
30 488 3
30 490 1
30 493 1
30 507 1
30 511 1
30 524 1
30 564 1
30 586 1
30 590 1
30 623 4
30 652 3
30 662 4
30 669 1
30 680 1
30 694 3
30 703 2
30 707 1
30 744 2
30 745 1
30 794 3
30 801 3
30 802 1
30 807 1
30 830 1
30 871 2
30 875 3
30 880 1
30 886 4
30 892 1
30 897 1
30 899 6
30 916 1
30 920 1
30 954 1
30 955 3
30 960 1
30 1052 2
30 1080 1
30 1094 1
30 1098 2
30 1152 1
30 1207 2
30 1263 1
30 1289 2
30 1315 1
30 1316 2
30 1324 2
30 1327 2
30 1345 1
30 1448 1
30 1449 1
30 1454 2
30 1455 5
30 1456 2
30 1457 2
30 1458 1
30 1459 1
30 1460 1
30 1461 1
30 1462 5
30 1463 4
30 1464 1
30 1465 1
30 1466 1
30 1467 1
30 1468 1
30 1469 1
30 1470 4
30 1471 1
30 1472 1
30 1473 2
30 1474 1
30 1475 1
30 1476 1
30 1477 1
30 1478 1
30 1479 2
30 1480 1
30 1481 1
30 1482 1
30 1483 1
31 2 1
31 10 6
31 13 1
31 14 2
31 15 3
31 42 1
31 50 1
31 106 1
31 111 1
31 113 4
31 143 1
31 164 1
31 172 2
31 178 1
31 200 1
31 201 1
31 202 1
31 221 1
31 239 1
31 247 1
31 262 2
31 281 6
31 351 1
31 360 1
31 404 1
31 407 1
31 437 1
31 482 2
31 483 1
31 523 1
31 535 1
31 669 1
31 705 1
31 801 1
31 864 1
31 880 3
31 902 2
31 1108 1
31 1160 4
31 1268 1
31 1272 9
31 1303 1
31 1383 3
31 1484 2
31 1485 1
31 1486 2
32 3 2
32 10 4
32 14 4
32 15 1
32 35 1
32 50 1
32 51 1
32 111 1
32 126 1
32 143 1
32 172 2
32 178 1
32 181 1
32 192 1
32 237 1
32 248 1
32 251 1
32 262 2
32 268 1
32 281 2
32 289 1
32 310 1
32 334 1
32 341 1
32 346 1
32 401 1
32 437 1
32 523 1
32 602 1
32 811 1
32 1056 1
32 1103 1
32 1160 2
32 1269 1
32 1272 2
32 1386 1
32 1487 1
32 1488 6
33 3 4
33 4 2
33 10 3
33 11 1
33 13 1
33 14 4
33 15 8
33 28 3
33 32 6
33 35 3
33 37 2
33 40 2
33 42 1
33 45 1
33 48 3
33 51 2
33 52 1
33 53 1
33 54 1
33 57 1
33 58 3
33 63 1
33 72 3
33 73 2
33 75 3
33 77 5
33 84 1
33 85 4
33 91 1
33 99 1
33 102 3
33 105 3
33 106 1
33 112 1
33 118 1
33 119 1
33 132 1
33 133 2
33 136 2
33 137 2
33 138 1
33 142 1
33 145 1
33 146 9
33 152 6
33 153 1
33 156 2
33 158 3
33 161 1
33 166 1
33 168 1
33 171 5
33 172 4
33 173 3
33 174 1
33 177 3
33 181 4
33 182 6
33 184 1
33 187 1
33 189 1
33 191 1
33 192 1
33 193 1
33 201 2
33 203 1
33 204 6
33 205 1
33 208 1
33 212 1
33 213 2
33 217 15
33 221 1
33 223 2
33 225 2
33 234 1
33 235 1
33 236 1
33 245 3
33 247 1
33 248 1
33 250 2
33 257 1
33 259 4
33 261 2
33 268 2
33 273 1
33 274 1
33 278 1
33 280 1
33 281 4
33 283 2
33 286 2
33 287 1
33 288 1
33 289 1
33 293 1
33 296 2
33 297 1
33 299 2
33 302 1
33 315 1
33 321 1
33 326 1
33 337 1
33 341 1
33 342 3
33 343 1
33 351 1
33 358 3
33 371 1
33 407 1
33 415 1
33 418 6
33 426 1
33 428 2
33 433 1
33 449 1
33 450 1
33 456 1
33 462 1
33 490 1
33 493 1
33 507 1
33 509 1
33 524 1
33 544 1
33 555 1
33 590 1
33 596 1
33 708 1
33 716 1
33 749 1
33 755 1
33 760 1
33 802 2
33 809 1
33 824 1
33 850 1
33 862 1
33 864 1
33 890 1
33 902 1
33 914 1
33 931 2
33 1006 1
33 1019 1
33 1085 1
33 1099 1
33 1146 1
33 1160 1
33 1168 1
33 1183 1
33 1188 1
33 1197 1
33 1207 3
33 1213 1
33 1226 1
33 1286 2
33 1307 1
33 1317 1
33 1326 1
33 1327 1
33 1352 1
33 1441 1
33 1459 1
33 1489 1
33 1490 1
33 1491 1
33 1492 1
33 1493 1
33 1494 1
33 1495 1
33 1496 1
33 1497 3
33 1498 3
33 1499 1
33 1500 1
33 1501 1
33 1502 2
33 1503 1
33 1504 1
33 1505 1
33 1506 1
33 1507 1
33 1508 1
33 1509 3
33 1510 1
33 1511 1
33 1512 1
33 1513 1
33 1514 1
33 1515 1
34 2 1
34 4 1
34 10 1
34 12 1
34 13 1
34 14 8
34 15 2
34 19 1
34 27 1
34 32 2
34 39 1
34 48 2
34 50 1
34 75 1
34 77 1
34 85 2
34 105 2
34 108 1
34 111 1
34 112 1
34 113 2
34 119 1
34 141 9
34 142 13
34 143 1
34 146 1
34 153 1
34 171 1
34 172 9
34 173 2
34 178 1
34 181 2
34 182 2
34 191 1
34 193 1
34 201 3
34 220 1
34 222 5
34 239 2
34 245 1
34 247 1
34 251 1
34 256 1
34 280 1
34 281 2
34 289 3
34 291 3
34 310 1
34 317 1
34 338 1
34 343 1
34 346 1
34 381 1
34 384 2
34 388 1
34 404 2
34 428 1
34 437 2
34 483 1
34 523 1
34 535 1
34 536 2
34 629 7
34 653 1
34 660 2
34 688 1
34 690 2
34 698 1
34 699 1
34 714 1
34 787 3
34 792 1
34 864 2
34 901 1
34 914 2
34 923 1
34 940 1
34 1049 1
34 1079 1
34 1080 1
34 1123 1
34 1130 1
34 1141 1
34 1160 1
34 1191 1
34 1228 1
34 1268 1
34 1269 1
34 1272 1
34 1285 1
34 1355 1
34 1373 2
34 1403 9
34 1405 1
34 1406 2
34 1407 1
34 1411 1
34 1412 1
34 1413 1
34 1415 1
34 1417 2
34 1420 1
34 1516 1
34 1517 1
34 1518 1
34 1519 1
34 1520 1
34 1521 1
34 1522 1
34 1523 1
34 1524 1
34 1525 1
34 1526 1
35 2 1
35 14 8
35 19 1
35 27 1
35 32 1
35 48 2
35 50 1
35 56 1
35 60 1
35 63 2
35 75 1
35 77 2
35 78 1
35 90 1
35 98 1
35 105 2
35 108 1
35 111 1
35 112 1
35 113 1
35 116 1
35 127 1
35 141 3
35 142 16
35 143 1
35 146 1
35 171 1
35 172 10
35 173 2
35 178 1
35 181 1
35 188 1
35 191 2
35 194 1
35 203 1
35 216 1
35 238 1
35 239 2
35 241 1
35 244 1
35 251 1
35 261 1
35 262 1
35 269 2
35 276 1
35 278 2
35 289 6
35 291 4
35 343 1
35 346 6
35 351 1
35 354 1
35 361 1
35 381 1
35 382 1
35 384 1
35 385 2
35 388 1
35 415 1
35 428 1
35 437 2
35 474 1
35 475 1
35 500 1
35 511 2
35 523 1
35 555 2
35 563 1
35 574 1
35 629 2
35 632 1
35 668 2
35 669 1
35 692 1
35 737 1
35 748 4
35 792 1
35 829 1
35 864 1
35 908 1
35 914 1
35 926 1
35 1008 1
35 1137 1
35 1141 1
35 1151 1
35 1184 1
35 1215 1
35 1228 1
35 1232 1
35 1246 11
35 1347 2
35 1354 1
35 1373 2
35 1388 1
35 1403 4
35 1406 2
35 1407 2
35 1411 2
35 1413 4
35 1416 1
35 1417 2
35 1428 1
35 1520 1
35 1527 2
35 1528 1
35 1529 1
35 1530 1
35 1531 2
35 1532 1
35 1533 1
35 1534 2
35 1535 1
35 1536 1
35 1537 1
35 1538 1
35 1539 1
35 1540 1
35 1541 1
35 1542 1
35 1543 1
35 1544 1
35 1545 1
35 1546 1
35 1547 1
35 1548 1
35 1549 1
36 1 1
36 2 6
36 3 4
36 6 2
36 10 17
36 13 1
36 14 7
36 15 19
36 18 2
36 26 1
36 28 1
36 32 3
36 35 3
36 40 2
36 48 1
36 50 1
36 51 1
36 52 1
36 53 1
36 54 2
36 55 2
36 66 1
36 68 1
36 70 1
36 72 2
36 75 1
36 76 4
36 77 8
36 84 5
36 85 3
36 86 2
36 91 1
36 95 8
36 99 1
36 102 1
36 105 5
36 106 1
36 108 1
36 111 1
36 112 2
36 118 2
36 127 3
36 128 4
36 132 1
36 133 1
36 143 1
36 145 1
36 146 12
36 149 4
36 156 2
36 166 1
36 171 1
36 172 16
36 173 1
36 174 7
36 175 1
36 177 2
36 178 1
36 181 4
36 182 4
36 185 1
36 191 1
36 192 1
36 200 1
36 201 3
36 202 4
36 204 1
36 205 1
36 213 3
36 216 1
36 221 1
36 223 2
36 233 1
36 239 1
36 250 3
36 258 3
36 259 1
36 262 1
36 264 3
36 278 1
36 286 8
36 293 1
36 296 1
36 313 1
36 314 1
36 341 1
36 343 2
36 351 4
36 354 1
36 358 1
36 360 1
36 407 15
36 410 4
36 418 36
36 420 1
36 428 1
36 430 1
36 435 1
36 440 1
36 444 1
36 447 1
36 472 1
36 486 1
36 493 1
36 506 1
36 507 1
36 508 1
36 511 1
36 520 2
36 535 1
36 538 2
36 555 1
36 559 1
36 578 1
36 580 5
36 650 1
36 688 1
36 694 2
36 698 1
36 707 2
36 792 1
36 826 1
36 829 1
36 886 1
36 890 2
36 906 3
36 910 1
36 915 1
36 923 1
36 927 1
36 960 1
36 998 1
36 1012 1
36 1040 1
36 1064 1
36 1066 1
36 1100 1
36 1108 1
36 1119 1
36 1183 1
36 1232 1
36 1255 1
36 1257 1
36 1260 1
36 1312 1
36 1326 1
36 1342 1
36 1375 1
36 1426 1
36 1436 1
36 1440 1
36 1448 1
36 1453 1
36 1469 1
36 1487 1
36 1520 6
36 1535 1
36 1550 1
36 1551 1
36 1552 1
36 1553 1
36 1554 1
36 1555 1
36 1556 1
36 1557 1
36 1558 2
36 1559 1
36 1560 1
36 1561 1
36 1562 1
36 1563 1
36 1564 1
36 1565 3
36 1566 4
36 1567 3
36 1568 1
36 1569 1
36 1570 1
36 1571 1
36 1572 1
36 1573 1
36 1574 1
36 1575 1
36 1576 1
36 1577 4
36 1578 14
36 1579 1
36 1580 1
36 1581 1
36 1582 1
36 1583 1
37 1 1
37 2 1
37 8 1
37 10 3
37 14 3
37 15 5
37 32 1
37 43 1
37 50 1
37 63 1
37 64 2
37 84 2
37 88 2
37 106 1
37 111 1
37 134 1
37 141 1
37 143 1
37 149 1
37 164 1
37 172 6
37 177 1
37 178 1
37 188 1
37 193 2
37 200 1
37 201 1
37 203 1
37 204 1
37 220 1
37 221 1
37 314 1
37 412 1
37 433 1
37 437 1
37 438 1
37 440 1
37 441 1
37 445 7
37 455 1
37 462 2
37 482 1
37 493 1
37 632 1
37 652 1
37 662 2
37 668 1
37 820 1
37 875 1
37 878 1
37 894 3
37 910 1
37 923 1
37 933 5
37 1017 1
37 1043 1
37 1089 1
37 1153 1
37 1183 1
37 1188 1
37 1229 1
37 1232 1
37 1584 1
37 1585 1
37 1586 1
37 1587 1
37 1588 1
38 1 1
38 3 1
38 10 4
38 14 3
38 15 3
38 35 1
38 50 1
38 84 2
38 85 1
38 95 1
38 105 1
38 106 1
38 111 1
38 126 1
38 138 1
38 143 1
38 155 2
38 162 1
38 164 1
38 172 2
38 173 1
38 178 1
38 181 1
38 182 4
38 189 2
38 191 2
38 200 1
38 204 2
38 209 4
38 221 1
38 231 3
38 232 3
38 247 1
38 261 1
38 262 1
38 266 1
38 268 1
38 287 1
38 289 1
38 345 1
38 360 1
38 368 3
38 388 1
38 391 1
38 402 2
38 425 6
38 437 1
38 462 2
38 482 2
38 483 1
38 519 4
38 535 1
38 596 1
38 652 1
38 677 4
38 708 2
38 712 1
38 721 5
38 734 1
38 829 2
38 864 1
38 876 1
38 892 1
38 920 1
38 955 7
38 1016 2
38 1446 1
38 1589 3
38 1590 1
38 1591 1
38 1592 6
38 1593 1
38 1594 2
38 1595 1
38 1596 1
39 3 2
39 10 6
39 13 1
39 14 3
39 19 1
39 30 1
39 40 2
39 43 1
39 48 2
39 50 1
39 51 1
39 52 1
39 53 3
39 54 1
39 63 4
39 66 1
39 72 3
39 76 1
39 77 5
39 85 10
39 87 1
39 91 1
39 95 1
39 96 1
39 102 1
39 105 1
39 106 1
39 111 1
39 112 1
39 113 1
39 119 1
39 123 2
39 132 1
39 143 1
39 146 5
39 155 1
39 156 2
39 164 1
39 166 2
39 170 1
39 172 2
39 173 1
39 174 4
39 177 1
39 178 1
39 181 3
39 182 8
39 185 1
39 189 1
39 191 1
39 192 2
39 193 1
39 200 1
39 201 1
39 204 1
39 205 1
39 208 1
39 209 1
39 212 1
39 213 2
39 216 3
39 221 1
39 223 2
39 231 2
39 232 6
39 233 1
39 235 1
39 238 1
39 241 1
39 243 1
39 247 2
39 250 1
39 254 1
39 258 2
39 259 4
39 261 1
39 262 3
39 268 1
39 271 1
39 272 8
39 279 2
39 280 1
39 281 2
39 284 2
39 286 6
39 287 1
39 288 1
39 289 6
39 310 1
39 329 1
39 337 1
39 341 3
39 346 6
39 354 1
39 358 1
39 360 1
39 368 1
39 376 1
39 389 1
39 401 1
39 402 3
39 405 4
39 410 1
39 418 3
39 428 1
39 432 1
39 435 1
39 448 1
39 470 1
39 493 1
39 507 1
39 511 1
39 535 2
39 637 2
39 652 1
39 675 1
39 677 1
39 690 1
39 695 1
39 703 1
39 710 2
39 717 1
39 719 3
39 724 1
39 802 1
39 826 1
39 845 2
39 883 1
39 902 1
39 936 1
39 955 1
39 969 1
39 987 1
39 1012 1
39 1052 1
39 1085 1
39 1123 1
39 1160 1
39 1182 1
39 1207 1
39 1268 4
39 1285 1
39 1290 1
39 1303 1
39 1326 1
39 1593 1
39 1597 1
39 1598 1
39 1599 1
39 1600 2
39 1601 9
39 1602 8
39 1603 1
39 1604 1
39 1605 1
39 1606 1
39 1607 2
39 1608 2
39 1609 1
39 1610 1
39 1611 1
39 1612 1
40 3 1
40 10 8
40 14 3
40 15 7
40 18 2
40 19 1
40 32 1
40 40 1
40 48 2
40 52 2
40 53 1
40 54 1
40 66 1
40 72 2
40 74 1
40 77 6
40 84 7
40 85 12
40 87 1
40 91 1
40 95 1
40 97 2
40 102 1
40 105 2
40 106 1
40 108 1
40 109 1
40 112 1
40 123 3
40 124 1
40 132 2
40 136 1
40 139 14
40 145 1
40 146 10
40 148 1
40 149 1
40 154 1
40 155 1
40 156 1
40 160 2
40 164 1
40 166 2
40 170 1
40 171 1
40 172 2
40 173 1
40 174 6
40 175 4
40 177 1
40 181 3
40 182 9
40 189 4
40 191 1
40 192 1
40 193 1
40 200 1
40 201 1
40 204 3
40 205 1
40 209 1
40 211 1
40 212 1
40 213 2
40 216 2
40 219 4
40 221 2
40 223 2
40 224 1
40 226 1
40 231 4
40 232 10
40 233 2
40 247 2
40 250 6
40 254 1
40 255 2
40 259 1
40 272 3
40 278 1
40 280 1
40 284 2
40 285 1
40 296 3
40 321 1
40 329 1
40 337 1
40 349 1
40 354 1
40 358 3
40 360 1
40 368 2
40 371 1
40 388 1
40 391 2
40 402 4
40 405 3
40 407 2
40 423 1
40 425 2
40 435 1
40 437 1
40 452 2
40 467 1
40 470 1
40 482 2
40 488 1
40 490 1
40 492 1
40 506 1
40 507 1
40 533 1
40 535 1
40 553 1
40 564 1
40 637 1
40 677 3
40 708 1
40 710 1
40 717 2
40 719 1
40 724 1
40 726 1
40 749 1
40 814 1
40 818 1
40 839 1
40 842 1
40 883 1
40 890 1
40 894 2
40 897 2
40 917 3
40 955 1
40 1029 1
40 1062 1
40 1064 1
40 1084 1
40 1085 1
40 1108 3
40 1160 1
40 1185 1
40 1217 1
40 1227 1
40 1232 1
40 1285 1
40 1303 1
40 1326 1
40 1406 1
40 1428 1
40 1466 1
40 1550 1
40 1593 1
40 1604 1
40 1610 1
40 1611 1
40 1613 1
40 1614 1
40 1615 1
40 1616 1
40 1617 1
40 1618 2
40 1619 2
40 1620 1
40 1621 27
40 1622 1
40 1623 1
40 1624 1
40 1625 1
40 1626 2
40 1627 1
40 1628 2
41 1 1
41 2 1
41 10 3
41 14 3
41 15 1
41 27 3
41 35 3
41 42 1
41 50 1
41 74 3
41 76 1
41 77 1
41 78 1
41 85 5
41 105 1
41 111 1
41 112 1
41 123 13
41 139 1
41 141 2
41 143 1
41 146 1
41 148 1
41 152 1
41 160 2
41 172 4
41 178 1
41 181 3
41 182 5
41 209 1
41 221 3
41 229 1
41 231 1
41 232 2
41 235 2
41 247 1
41 250 3
41 256 1
41 272 4
41 279 1
41 280 1
41 284 1
41 286 1
41 293 1
41 324 1
41 342 2
41 358 2
41 360 3
41 371 1
41 381 1
41 402 4
41 414 6
41 423 2
41 437 2
41 482 2
41 501 1
41 637 4
41 708 2
41 712 1
41 730 1
41 829 1
41 876 2
41 890 1
41 917 2
41 955 1
41 1006 1
41 1138 1
41 1160 3
41 1175 1
41 1183 1
41 1200 2
41 1232 1
41 1285 1
41 1311 1
41 1446 2
41 1561 1
41 1593 1
41 1594 1
41 1625 1
41 1629 2
41 1630 1
41 1631 1
41 1632 1
41 1633 2
41 1634 1
41 1635 1
41 1636 1
42 10 7
42 14 2
42 32 3
42 42 1
42 50 1
42 72 1
42 76 1
42 84 1
42 85 2
42 88 3
42 90 1
42 93 1
42 105 2
42 106 1
42 111 1
42 123 3
42 143 1
42 149 1
42 160 1
42 164 1
42 172 5
42 178 1
42 181 1
42 182 3
42 191 1
42 200 1
42 201 1
42 220 2
42 221 1
42 229 1
42 232 1
42 238 1
42 242 2
42 245 1
42 259 1
42 262 1
42 272 2
42 289 5
42 338 1
42 358 1
42 362 1
42 368 1
42 382 1
42 385 2
42 402 1
42 403 1
42 407 1
42 414 1
42 428 1
42 438 7
42 450 1
42 453 1
42 523 1
42 535 1
42 677 3
42 682 2
42 708 2
42 730 1
42 875 1
42 917 1
42 958 1
42 1160 1
42 1182 1
42 1257 1
42 1285 1
42 1304 1
42 1434 1
42 1491 5
42 1593 1
42 1637 4
43 2 1
43 3 8
43 10 10
43 13 1
43 14 1
43 15 12
43 19 2
43 23 1
43 28 2
43 35 1
43 40 2
43 50 3
43 51 1
43 52 1
43 53 2
43 54 2
43 57 1
43 60 3
43 72 3
43 74 2
43 76 3
43 77 5
43 85 13
43 86 1
43 91 1
43 95 6
43 96 1
43 102 1
43 105 1
43 106 1
43 112 3
43 115 1
43 119 2
43 123 5
43 124 1
43 127 1
43 128 1
43 132 1
43 140 4
43 141 1
43 142 1
43 146 7
43 155 1
43 156 2
43 160 4
43 166 2
43 170 1
43 171 2
43 172 5
43 174 7
43 175 5
43 177 1
43 178 2
43 180 5
43 181 6
43 182 7
43 185 1
43 188 1
43 189 6
43 191 1
43 192 2
43 193 1
43 200 1
43 201 1
43 203 1
43 204 4
43 205 1
43 208 1
43 209 4
43 213 2
43 215 1
43 221 3
43 223 2
43 231 3
43 235 1
43 236 1
43 237 1
43 245 2
43 247 1
43 250 5
43 255 2
43 259 3
43 262 1
43 264 1
43 270 1
43 272 6
43 278 1
43 280 1
43 282 1
43 284 1
43 286 1
43 293 3
43 294 1
43 302 2
43 309 1
43 312 1
43 314 1
43 329 2
43 343 2
43 344 1
43 345 1
43 366 1
43 385 2
43 391 1
43 402 3
43 407 1
43 410 3
43 414 1
43 418 17
43 420 2
43 421 1
43 423 2
43 428 5
43 433 2
43 436 3
43 438 1
43 440 1
43 449 1
43 452 1
43 454 2
43 455 2
43 458 1
43 460 1
43 462 1
43 463 1
43 468 1
43 476 2
43 477 1
43 478 2
43 482 1
43 488 3
43 489 1
43 490 1
43 500 1
43 506 1
43 511 1
43 523 1
43 524 1
43 529 3
43 564 3
43 578 1
43 580 2
43 615 1
43 644 1
43 652 1
43 667 1
43 675 1
43 695 4
43 697 1
43 708 2
43 717 3
43 729 1
43 730 1
43 737 1
43 749 2
43 783 1
43 799 1
43 802 2
43 811 3
43 834 1
43 842 1
43 854 1
43 876 1
43 880 1
43 889 1
43 892 2
43 906 2
43 910 5
43 913 2
43 916 1
43 917 1
43 925 1
43 938 1
43 958 1
43 1052 1
43 1055 1
43 1102 1
43 1108 1
43 1172 1
43 1207 9
43 1208 2
43 1214 1
43 1232 1
43 1285 2
43 1286 1
43 1289 2
43 1295 2
43 1300 1
43 1301 1
43 1307 1
43 1309 3
43 1311 1
43 1316 1
43 1317 1
43 1324 2
43 1326 1
43 1385 1
43 1402 1
43 1422 1
43 1423 1
43 1429 1
43 1432 1
43 1437 1
43 1438 2
43 1442 6
43 1446 1
43 1447 1
43 1467 1
43 1481 1
43 1487 2
43 1593 1
43 1638 2
43 1639 1
43 1640 2
43 1641 1
43 1642 1
43 1643 1
43 1644 1
43 1645 1
43 1646 1
43 1647 1
43 1648 1
43 1649 3
44 14 3
44 15 7
44 16 1
44 28 2
44 35 2
44 40 4
44 41 1
44 50 2
44 53 7
44 54 2
44 57 1
44 64 1
44 72 3
44 77 4
44 84 1
44 85 2
44 91 3
44 93 1
44 102 1
44 106 1
44 112 2
44 127 2
44 146 6
44 156 3
44 158 7
44 166 3
44 171 3
44 172 2
44 178 2
44 181 2
44 189 1
44 192 2
44 194 2
44 197 2
44 198 3
44 199 7
44 200 1
44 201 1
44 202 1
44 203 3
44 204 1
44 205 1
44 206 2
44 208 1
44 209 2
44 213 2
44 215 1
44 216 1
44 220 1
44 221 3
44 223 2
44 227 1
44 231 1
44 232 3
44 233 1
44 235 1
44 236 1
44 238 1
44 240 1
44 241 1
44 244 2
44 245 3
44 249 1
44 250 1
44 251 1
44 252 1
44 255 1
44 256 2
44 259 1
44 261 1
44 268 1
44 271 1
44 272 1
44 279 1
44 282 1
44 299 1
44 303 1
44 306 3
44 310 1
44 330 1
44 337 1
44 357 1
44 359 1
44 360 1
44 371 4
44 374 3
44 375 1
44 379 1
44 382 1
44 387 1
44 389 1
44 390 1
44 403 1
44 407 1
44 409 1
44 418 1
44 437 1
44 466 1
44 475 1
44 490 9
44 491 2
44 500 1
44 507 1
44 580 1
44 629 3
44 672 1
44 675 1
44 680 1
44 683 1
44 685 1
44 687 1
44 705 1
44 708 1
44 717 1
44 719 5
44 733 1
44 739 1
44 745 1
44 775 1
44 783 1
44 791 1
44 847 1
44 934 2
44 1055 1
44 1157 1
44 1207 2
44 1217 2
44 1336 1
44 1373 1
44 1374 1
44 1406 3
44 1417 2
44 1474 1
44 1561 1
44 1629 1
44 1642 1
44 1650 1
44 1651 1
44 1652 1
44 1653 1
44 1654 1
44 1655 1
44 1656 1
44 1657 1
44 1658 1
44 1659 1
44 1660 1
44 1661 1
44 1662 5
44 1663 1
44 1664 1
44 1665 1
44 1666 1
44 1667 1
44 1668 1
44 1669 2
44 1670 1
44 1671 1
44 1672 1
44 1673 1
45 2 1
45 3 1
45 10 4
45 14 1
45 15 3
45 45 1
45 50 1
45 56 1
45 60 11
45 84 7
45 105 2
45 106 1
45 108 1
45 111 1
45 119 1
45 143 1
45 152 1
45 164 1
45 172 1
45 178 2
45 180 1
45 181 1
45 182 2
45 185 1
45 189 2
45 193 1
45 200 1
45 216 1
45 239 1
45 251 1
45 261 1
45 262 1
45 302 1
45 316 1
45 391 1
45 433 1
45 437 1
45 504 2
45 529 2
45 606 1
45 617 1
45 677 1
45 682 1
45 744 1
45 755 2
45 769 1
45 817 1
45 825 1
45 903 1
45 940 1
45 961 1
45 1189 1
45 1215 1
45 1502 1
45 1507 2
45 1594 1
45 1674 1
45 1675 3
45 1676 1
45 1677 1
45 1678 2
45 1679 1
45 1680 1
46 2 3
46 10 4
46 12 2
46 14 3
46 15 8
46 19 1
46 34 2
46 35 3
46 40 2
46 41 1
46 48 4
46 52 1
46 53 4
46 54 2
46 57 1
46 64 1
46 72 2
46 75 1
46 76 1
46 91 1
46 105 1
46 106 1
46 109 2
46 119 1
46 130 1
46 139 8
46 140 1
46 141 2
46 145 1
46 155 1
46 156 1
46 161 2
46 164 1
46 166 2
46 172 5
46 173 1
46 174 4
46 175 1
46 177 1
46 182 2
46 184 1
46 189 1
46 200 1
46 201 2
46 202 1
46 211 1
46 221 5
46 243 5
46 245 4
46 247 1
46 250 4
46 254 1
46 262 1
46 277 1
46 287 1
46 289 1
46 299 1
46 316 1
46 338 1
46 354 1
46 363 2
46 368 1
46 369 1
46 371 2
46 377 2
46 384 1
46 428 1
46 433 2
46 435 2
46 437 1
46 448 1
46 462 5
46 466 1
46 473 1
46 478 2
46 490 2
46 492 1
46 493 1
46 495 2
46 511 1
46 524 2
46 538 1
46 549 1
46 564 1
46 578 1
46 581 1
46 598 1
46 624 1
46 643 1
46 652 1
46 682 3
46 712 1
46 719 2
46 722 21
46 739 1
46 746 2
46 749 3
46 769 1
46 793 3
46 807 4
46 840 1
46 873 1
46 890 1
46 910 1
46 953 1
46 974 1
46 1012 1
46 1029 1
46 1102 1
46 1160 5
46 1212 1
46 1248 1
46 1289 5
46 1306 3
46 1307 1
46 1324 5
46 1389 2
46 1411 2
46 1426 1
46 1544 1
46 1565 1
46 1592 1
46 1681 3
46 1682 1
46 1683 10
46 1684 1
46 1685 1
46 1686 1
46 1687 1
46 1688 1
46 1689 1
46 1690 1
46 1691 1
46 1692 1
46 1693 1
46 1694 2
46 1695 1
46 1696 1
46 1697 1
46 1698 2
46 1699 1
46 1700 1
46 1701 1
47 10 2
47 12 2
47 14 4
47 26 2
47 40 2
47 41 2
47 48 1
47 52 1
47 53 2
47 54 2
47 55 1
47 57 1
47 70 2
47 72 2
47 75 3
47 76 1
47 84 1
47 91 1
47 105 8
47 106 1
47 139 5
47 140 2
47 141 4
47 142 2
47 145 1
47 155 6
47 156 1
47 158 1
47 162 1
47 172 4
47 174 7
47 175 1
47 176 1
47 177 1
47 181 2
47 182 3
47 189 2
47 191 1
47 193 1
47 201 2
47 202 2
47 208 1
47 211 3
47 215 1
47 221 5
47 229 2
47 234 1
47 243 8
47 245 5
47 250 3
47 262 2
47 263 1
47 277 1
47 283 1
47 284 1
47 287 5
47 289 15
47 319 2
47 344 1
47 346 1
47 363 4
47 366 1
47 368 1
47 369 1
47 371 9
47 377 2
47 382 1
47 384 2
47 385 1
47 401 1
47 428 1
47 433 2
47 435 2
47 437 1
47 448 2
47 462 6
47 466 1
47 478 4
47 490 6
47 492 1
47 493 3
47 495 3
47 507 1
47 511 1
47 524 1
47 535 1
47 538 2
47 549 2
47 564 1
47 581 1
47 624 1
47 627 1
47 629 2
47 643 1
47 651 1
47 652 1
47 653 1
47 682 1
47 685 3
47 687 1
47 693 1
47 710 1
47 719 1
47 722 14
47 737 1
47 739 1
47 749 3
47 757 1
47 762 1
47 769 1
47 784 6
47 787 1
47 793 2
47 807 8
47 829 1
47 840 1
47 873 1
47 926 2
47 974 1
47 985 1
47 1012 1
47 1015 1
47 1029 2
47 1085 1
47 1140 1
47 1160 1
47 1202 1
47 1206 2
47 1248 2
47 1269 1
47 1289 6
47 1306 4
47 1324 6
47 1361 1
47 1406 1
47 1411 2
47 1422 1
47 1532 2
47 1681 2
47 1682 3
47 1683 31
47 1688 1
47 1689 1
47 1693 2
47 1694 1
47 1698 6
47 1701 3
47 1702 1
47 1703 1
47 1704 1
47 1705 1
47 1706 1
47 1707 1
47 1708 1
47 1709 1
47 1710 1
47 1711 1
47 1712 1
47 1713 1
47 1714 1
47 1715 1
47 1716 1
47 1717 2
47 1718 1
47 1719 2
47 1720 1
47 1721 1
47 1722 1
47 1723 1
47 1724 1
47 1725 1
48 2 3
48 3 2
48 14 3
48 15 3
48 43 1
48 54 1
48 84 1
48 86 1
48 95 3
48 105 1
48 106 1
48 120 1
48 126 2
48 155 7
48 172 4
48 175 2
48 181 1
48 189 6
48 193 1
48 200 1
48 209 1
48 216 1
48 221 1
48 225 1
48 237 1
48 239 1
48 244 1
48 255 7
48 285 1
48 293 1
48 316 1
48 341 1
48 342 1
48 343 1
48 350 1
48 391 1
48 407 1
48 428 1
48 433 2
48 468 2
48 495 1
48 524 1
48 662 1
48 703 1
48 783 2
48 826 1
48 863 1
48 892 1
48 908 1
48 1064 1
48 1073 1
48 1170 1
48 1207 1
48 1236 1
48 1481 3
48 1586 3
48 1588 1
48 1726 1
48 1727 1
48 1728 1
48 1729 1
48 1730 1
48 1731 1
48 1732 1
49 2 1
49 3 1
49 7 1
49 14 4
49 15 1
49 19 1
49 32 1
49 54 1
49 95 1
49 106 1
49 120 1
49 130 1
49 139 1
49 148 1
49 155 6
49 172 3
49 175 2
49 189 7
49 193 1
49 200 1
49 216 1
49 237 1
49 239 1
49 285 1
49 293 1
49 311 1
49 316 1
49 342 1
49 349 1
49 428 1
49 433 2
49 468 2
49 507 1
49 629 8
49 662 1
49 703 1
49 826 1
49 863 1
49 892 1
49 908 1
49 978 1
49 1064 2
49 1170 1
49 1207 1
49 1236 1
49 1481 2
49 1586 2
49 1588 1
49 1726 1
49 1728 1
49 1729 1
49 1730 1
49 1732 1
49 1733 1
49 1734 2
49 1735 1
50 2 2
50 14 1
50 84 1
50 99 1
50 102 1
50 106 1
50 116 2
50 137 2
50 181 3
50 184 1
50 200 1
50 203 1
50 209 2
50 235 2
50 250 5
50 289 7
50 299 2
50 308 1
50 343 1
50 407 1
50 423 1
50 433 3
50 437 1
50 462 1
50 542 2
50 559 1
50 580 1
50 662 1
50 665 1
50 695 1
50 721 1
50 793 3
50 801 1
50 862 1
50 890 2
50 919 1
50 955 12
50 986 1
50 1016 5
50 1097 1
50 1160 5
50 1232 1
50 1307 1
50 1389 1
50 1565 1
50 1580 1
50 1627 1
50 1736 16
50 1737 1
50 1738 2
50 1739 1
50 1740 1
50 1741 1
50 1742 2
50 1743 6
50 1744 3
50 1745 1
51 1 3
51 3 3
51 10 5
51 14 5
51 19 1
51 26 1
51 27 2
51 35 5
51 45 1
51 46 5
51 50 1
51 56 1
51 63 1
51 72 1
51 74 1
51 77 4
51 84 2
51 91 1
51 105 5
51 106 1
51 108 2
51 112 4
51 114 1
51 116 3
51 127 2
51 128 1
51 133 1
51 137 2
51 140 2
51 142 1
51 146 3
51 148 1
51 152 1
51 171 2
51 172 4
51 176 3
51 178 1
51 180 2
51 181 3
51 182 1
51 191 1
51 200 1
51 201 1
51 203 1
51 208 1
51 209 3
51 213 2
51 221 8
51 229 1
51 241 1
51 243 2
51 247 1
51 248 2
51 250 7
51 251 1
51 258 1
51 259 1
51 261 3
51 262 2
51 268 1
51 272 1
51 278 2
51 283 2
51 287 6
51 289 7
51 293 1
51 302 1
51 311 1
51 314 1
51 315 1
51 316 1
51 321 2
51 329 2
51 337 1
51 358 1
51 360 1
51 363 1
51 366 2
51 369 1
51 371 1
51 381 1
51 389 1
51 391 2
51 401 1
51 407 1
51 414 2
51 418 2
51 433 2
51 490 1
51 492 1
51 500 1
51 523 1
51 535 1
51 544 4
51 598 1
51 619 1
51 627 1
51 629 1
51 669 1
51 672 1
51 677 5
51 708 1
51 730 1
51 737 1
51 746 1
51 749 1
51 755 2
51 756 1
51 777 3
51 780 1
51 783 8
51 792 2
51 801 1
51 826 1
51 829 1
51 834 1
51 850 1
51 880 1
51 890 2
51 899 1
51 901 1
51 910 2
51 919 1
51 923 2
51 936 2
51 953 1
51 958 1
51 970 25
51 977 12
51 985 4
51 1004 1
51 1017 2
51 1022 2
51 1118 1
51 1203 2
51 1208 1
51 1211 2
51 1232 1
51 1239 1
51 1280 1
51 1289 3
51 1315 1
51 1352 1
51 1353 2
51 1354 1
51 1361 1
51 1366 1
51 1373 2
51 1380 1
51 1388 1
51 1389 1
51 1406 2
51 1417 2
51 1426 1
51 1436 1
51 1507 1
51 1535 1
51 1565 5
51 1592 8
51 1625 1
51 1677 2
51 1694 4
51 1746 1
51 1747 1
51 1748 1
51 1749 1
51 1750 2
51 1751 1
51 1752 1
51 1753 1
51 1754 1
51 1755 1
51 1756 2
51 1757 1
51 1758 2
51 1759 1
51 1760 6
51 1761 1
51 1762 1
51 1763 2
51 1764 1
52 1 1
52 2 1
52 3 1
52 10 3
52 14 7
52 15 5
52 26 3
52 32 2
52 40 2
52 45 1
52 53 1
52 54 3
52 57 1
52 58 1
52 72 2
52 77 1
52 84 1
52 91 1
52 102 2
52 106 1
52 109 3
52 112 1
52 113 4
52 127 1
52 138 1
52 140 2
52 141 6
52 142 10
52 143 1
52 146 1
52 156 2
52 162 1
52 166 1
52 170 1
52 172 13
52 174 3
52 175 2
52 176 1
52 180 3
52 181 4
52 189 6
52 200 1
52 201 4
52 208 1
52 211 1
52 234 2
52 237 1
52 239 5
52 242 1
52 244 1
52 256 1
52 261 2
52 270 1
52 291 1
52 306 2
52 310 1
52 312 2
52 314 1
52 338 1
52 339 1
52 358 5
52 360 2
52 377 1
52 391 1
52 404 1
52 437 1
52 440 1
52 462 2
52 478 1
52 480 1
52 488 2
52 511 1
52 516 1
52 564 2
52 610 1
52 623 2
52 629 6
52 707 1
52 768 1
52 795 2
52 800 1
52 826 1
52 847 1
52 864 1
52 866 1
52 905 1
52 909 1
52 910 1
52 916 1
52 923 2
52 955 9
52 960 1
52 972 3
52 977 10
52 987 1
52 1083 1
52 1137 1
52 1139 2
52 1141 5
52 1214 1
52 1265 2
52 1373 2
52 1381 1
52 1388 1
52 1403 1
52 1406 2
52 1407 2
52 1412 3
52 1416 2
52 1417 2
52 1418 1
52 1421 1
52 1525 1
52 1531 1
52 1670 1
52 1698 6
52 1765 1
52 1766 1
52 1767 1
52 1768 1
52 1769 1
52 1770 1
52 1771 1
52 1772 1
52 1773 1
52 1774 2
52 1775 1
52 1776 1
52 1777 1
52 1778 2
52 1779 1
52 1780 1
52 1781 1
53 2 1
53 10 1
53 14 1
53 15 3
53 26 2
53 27 1
53 32 1
53 35 4
53 48 2
53 56 1
53 77 2
53 86 1
53 105 2
53 109 1
53 112 1
53 121 1
53 137 1
53 138 1
53 142 1
53 146 1
53 155 2
53 172 6
53 173 2
53 175 1
53 181 1
53 189 4
53 193 1
53 208 1
53 209 23
53 221 1
53 229 2
53 235 2
53 242 1
53 250 8
53 251 1
53 254 1
53 255 2
53 261 2
53 270 4
53 275 1
53 289 6
53 338 1
53 343 1
53 360 1
53 363 1
53 381 1
53 384 1
53 388 1
53 407 1
53 412 1
53 418 2
53 428 1
53 437 2
53 440 2
53 492 3
53 506 1
53 511 1
53 540 1
53 587 1
53 590 1
53 693 1
53 734 1
53 792 1
53 793 3
53 862 1
53 953 1
53 955 3
53 1006 1
53 1190 1
53 1202 1
53 1217 1
53 1228 1
53 1239 2
53 1359 1
53 1362 1
53 1371 1
53 1436 2
53 1534 1
53 1565 2
53 1586 1
53 1592 1
53 1688 1
53 1698 1
53 1743 1
53 1744 7
53 1763 3
53 1782 1
53 1783 1
53 1784 2
53 1785 1
53 1786 1
53 1787 1
53 1788 1
53 1789 1
53 1790 1
53 1791 1
53 1792 1
53 1793 1
53 1794 1
54 2 1
54 10 2
54 14 4
54 15 3
54 50 1
54 54 2
54 76 1
54 84 2
54 105 6
54 106 1
54 111 1
54 113 1
54 143 1
54 172 4
54 178 1
54 181 2
54 200 1
54 226 1
54 237 1
54 341 2
54 382 1
54 407 3
54 418 6
54 430 1
54 437 1
54 627 1
54 795 1
54 1124 1
54 1214 1
54 1232 1
54 1263 1
54 1448 5
54 1472 1
54 1479 1
54 1486 1
54 1570 1
54 1578 1
54 1729 3
55 1 4
55 2 1
55 3 1
55 10 5
55 14 6
55 15 12
55 16 2
55 19 1
55 25 1
55 28 2
55 40 3
55 42 4
55 48 1
55 49 4
55 50 3
55 52 1
55 53 2
55 54 3
55 57 1
55 61 1
55 72 2
55 76 2
55 77 2
55 84 1
55 85 9
55 87 1
55 91 1
55 95 1
55 96 1
55 106 1
55 109 3
55 112 1
55 114 1
55 118 1
55 121 1
55 123 1
55 127 2
55 128 1
55 130 1
55 132 1
55 133 1
55 139 5
55 142 2
55 145 2
55 146 4
55 148 1
55 155 1
55 156 1
55 158 3
55 160 1
55 161 1
55 163 1
55 164 1
55 166 3
55 170 2
55 171 5
55 172 7
55 174 8
55 175 1
55 177 1
55 178 3
55 181 7
55 182 4
55 183 1
55 184 1
55 189 3
55 191 1
55 192 1
55 193 2
55 200 1
55 204 21
55 205 1
55 209 1
55 213 1
55 216 1
55 219 2
55 223 2
55 229 1
55 231 2
55 232 9
55 235 1
55 236 1
55 240 1
55 245 3
55 257 1
55 258 4
55 259 1
55 262 1
55 272 2
55 282 1
55 284 1
55 299 1
55 305 1
55 314 2
55 316 1
55 321 1
55 329 4
55 335 1
55 342 1
55 343 1
55 345 2
55 354 1
55 358 3
55 371 4
55 385 1
55 391 2
55 402 1
55 410 4
55 412 1
55 418 1
55 428 1
55 433 3
55 437 1
55 438 1
55 449 1
55 454 1
55 463 2
55 480 1
55 487 1
55 490 1
55 491 1
55 492 1
55 496 2
55 507 1
55 530 1
55 538 1
55 554 1
55 563 1
55 564 1
55 652 1
55 677 1
55 690 1
55 692 1
55 694 2
55 717 7
55 719 1
55 735 1
55 749 1
55 781 1
55 783 1
55 791 1
55 807 1
55 815 1
55 816 2
55 822 1
55 839 4
55 848 1
55 861 1
55 863 2
55 870 1
55 871 1
55 886 1
55 887 1
55 888 1
55 893 1
55 910 2
55 914 1
55 927 1
55 931 1
55 946 1
55 955 1
55 973 1
55 977 1
55 1031 1
55 1043 1
55 1092 1
55 1097 1
55 1123 1
55 1152 1
55 1191 1
55 1202 1
55 1217 1
55 1231 1
55 1245 1
55 1286 2
55 1290 1
55 1315 1
55 1317 1
55 1427 1
55 1453 1
55 1475 2
55 1484 1
55 1570 1
55 1571 1
55 1581 1
55 1591 12
55 1621 4
55 1638 2
55 1646 1
55 1649 1
55 1675 1
55 1700 1
55 1795 1
55 1796 2
55 1797 2
55 1798 1
55 1799 1
55 1800 1
55 1801 1
55 1802 1
55 1803 1
55 1804 1
55 1805 1
55 1806 1
55 1807 1
55 1808 1
55 1809 1
55 1810 1
55 1811 2
55 1812 1
55 1813 1
55 1814 1
55 1815 3
55 1816 1
55 1817 1
55 1818 1
55 1819 1
55 1820 1
55 1821 1
55 1822 1
55 1823 1
56 3 1
56 10 1
56 14 4
56 15 1
56 23 2
56 26 1
56 35 3
56 37 2
56 41 1
56 45 1
56 48 1
56 50 1
56 53 1
56 56 1
56 75 1
56 96 1
56 105 2
56 106 1
56 108 1
56 111 1
56 130 1
56 141 1
56 142 7
56 143 1
56 148 1
56 161 1
56 164 1
56 171 2
56 172 6
56 173 1
56 174 1
56 178 3
56 182 2
56 200 1
56 220 2
56 221 1
56 251 1
56 285 1
56 289 4
56 319 1
56 341 8
56 343 1
56 345 1
56 377 1
56 383 1
56 407 1
56 418 8
56 423 1
56 433 5
56 435 1
56 437 1
56 440 1
56 483 1
56 488 1
56 493 1
56 495 1
56 507 1
56 518 1
56 535 1
56 538 1
56 560 1
56 598 3
56 652 1
56 662 1
56 692 1
56 727 3
56 745 1
56 880 1
56 902 1
56 906 1
56 985 1
56 1018 1
56 1052 1
56 1093 1
56 1141 1
56 1173 1
56 1215 1
56 1230 1
56 1232 1
56 1236 1
56 1263 1
56 1327 1
56 1481 2
56 1487 1
56 1625 1
56 1675 1
56 1706 1
56 1813 1
56 1824 2
56 1825 1
56 1826 1
56 1827 1
56 1828 1
56 1829 2
56 1830 1
56 1831 1
56 1832 1
56 1833 1
56 1834 1
56 1835 1
56 1836 1
57 3 1
57 6 1
57 12 2
57 13 1
57 14 7
57 28 1
57 34 2
57 50 1
57 60 1
57 66 1
57 73 1
57 77 1
57 94 1
57 108 1
57 111 1
57 142 2
57 143 1
57 146 4
57 172 1
57 178 1
57 181 2
57 182 1
57 193 3
57 209 3
57 211 1
57 221 1
57 235 1
57 249 1
57 289 4
57 296 4
57 343 1
57 358 1
57 389 1
57 418 1
57 435 1
57 437 2
57 486 1
57 534 1
57 535 1
57 542 1
57 559 1
57 574 2
57 580 1
57 651 2
57 653 1
57 668 1
57 688 1
57 729 1
57 731 1
57 770 1
57 792 1
57 793 1
57 890 5
57 914 2
57 955 7
57 1075 1
57 1085 1
57 1090 2
57 1092 11
57 1108 1
57 1228 1
57 1441 1
57 1742 1
57 1744 5
57 1782 2
57 1837 1
57 1838 1
57 1839 1
57 1840 1
57 1841 1
57 1842 1
57 1843 1
58 10 1
58 14 2
58 15 4
58 32 3
58 35 8
58 50 1
58 53 1
58 60 1
58 77 1
58 85 8
58 99 1
58 102 1
58 111 1
58 120 2
58 143 1
58 148 1
58 161 1
58 168 1
58 172 5
58 178 2
58 181 2
58 182 2
58 188 1
58 193 1
58 201 2
58 221 1
58 248 4
58 281 2
58 302 1
58 311 1
58 313 1
58 330 2
58 338 1
58 343 1
58 358 2
58 360 1
58 401 2
58 402 1
58 403 1
58 418 1
58 437 1
58 486 1
58 556 1
58 580 1
58 637 2
58 668 1
58 705 1
58 708 1
58 712 1
58 717 1
58 730 1
58 787 1
58 803 1
58 835 1
58 880 1
58 902 1
58 904 1
58 909 2
58 923 4
58 936 1
58 1056 1
58 1103 1
58 1108 1
58 1160 1
58 1179 1
58 1260 1
58 1268 2
58 1285 1
58 1305 1
58 1733 1
58 1844 1
58 1845 1
58 1846 1
58 1847 1
58 1848 1
59 10 2
59 14 2
59 18 1
59 32 1
59 50 1
59 77 1
59 109 1
59 111 1
59 112 1
59 141 1
59 142 4
59 143 1
59 146 1
59 178 2
59 181 2
59 182 1
59 192 1
59 201 1
59 204 1
59 205 1
59 223 2
59 245 1
59 251 1
59 289 3
59 316 1
59 341 3
59 390 1
59 418 1
59 426 1
59 437 2
59 492 1
59 520 1
59 544 1
59 555 1
59 895 1
59 926 1
59 1085 1
59 1168 1
59 1173 1
59 1207 1
59 1209 1
59 1228 1
59 1386 1
59 1388 1
59 1394 1
59 1744 2
59 1849 1
59 1850 1
59 1851 1
60 2 1
60 10 6
60 14 1
60 43 1
60 51 2
60 53 1
60 56 1
60 58 1
60 79 1
60 84 6
60 106 1
60 108 1
60 113 1
60 127 1
60 140 1
60 142 1
60 149 5
60 160 1
60 172 1
60 175 1
60 181 1
60 189 2
60 200 1
60 208 1
60 209 3
60 213 1
60 221 1
60 239 2
60 251 1
60 259 1
60 268 1
60 289 6
60 341 1
60 345 1
60 360 1
60 369 1
60 377 2
60 385 1
60 418 10
60 426 1
60 437 2
60 511 1
60 564 1
60 625 2
60 632 1
60 703 2
60 722 2
60 744 1
60 756 1
60 878 1
60 899 1
60 923 1
60 927 1
60 1145 1
60 1248 1
60 1340 1
60 1353 1
60 1362 1
60 1415 1
60 1448 8
60 1486 1
60 1711 1
60 1748 1
60 1852 2
60 1853 1
60 1854 1
60 1855 1
61 2 2
61 3 1
61 14 5
61 35 4
61 77 1
61 84 2
61 106 1
61 109 1
61 114 1
61 126 1
61 130 1
61 146 1
61 149 1
61 160 1
61 161 1
61 164 1
61 172 1
61 175 1
61 176 1
61 208 1
61 209 3
61 251 1
61 259 2
61 261 2
61 289 7
61 313 1
61 341 1
61 437 5
61 467 1
61 474 1
61 481 1
61 492 3
61 499 1
61 502 1
61 533 4
61 535 1
61 541 3
61 542 3
61 563 1
61 757 1
61 793 2
61 801 1
61 854 1
61 890 1
61 1001 1
61 1207 1
61 1226 1
61 1239 1
61 1248 1
61 1251 1
61 1340 1
61 1690 1
61 1743 2
61 1856 1
61 1857 1
61 1858 2
61 1859 1
61 1860 1
61 1861 1
61 1862 1
62 10 2
62 14 3
62 24 1
62 25 1
62 48 2
62 75 1
62 77 1
62 84 3
62 86 1
62 91 3
62 92 1
62 105 1
62 106 1
62 109 16
62 114 2
62 115 2
62 119 1
62 126 2
62 138 2
62 144 1
62 146 1
62 149 1
62 152 1
62 154 1
62 156 1
62 157 1
62 172 5
62 173 1
62 175 2
62 176 8
62 187 1
62 193 1
62 200 1
62 209 1
62 213 1
62 215 1
62 259 1
62 268 1
62 270 1
62 289 6
62 293 1
62 313 1
62 334 1
62 437 1
62 444 1
62 491 1
62 492 3
62 520 1
62 523 1
62 524 1
62 533 4
62 535 1
62 553 1
62 603 1
62 627 1
62 729 1
62 737 1
62 793 1
62 801 1
62 824 1
62 826 1
62 871 1
62 875 1
62 1008 1
62 1016 2
62 1058 1
62 1061 1
62 1119 1
62 1139 1
62 1214 1
62 1245 1
62 1253 1
62 1260 1
62 1275 1
62 1542 1
62 1683 1
62 1698 1
62 1742 1
62 1861 1
62 1863 1
62 1864 1
62 1865 1
62 1866 1
62 1867 1
62 1868 1
62 1869 1
62 1870 1
62 1871 1
62 1872 1
62 1873 2
62 1874 2
62 1875 1
63 2 1
63 3 5
63 10 7
63 14 2
63 15 1
63 18 1
63 23 7
63 27 1
63 32 1
63 48 8
63 50 1
63 51 3
63 53 1
63 56 1
63 58 2
63 63 1
63 72 3
63 73 1
63 75 1
63 77 2
63 91 2
63 93 13
63 95 2
63 101 1
63 102 1
63 105 1
63 106 1
63 112 1
63 113 1
63 119 1
63 126 1
63 128 1
63 133 1
63 146 3
63 156 3
63 171 1
63 172 2
63 173 1
63 174 2
63 181 2
63 188 1
63 191 2
63 192 2
63 193 1
63 202 1
63 203 4
63 204 1
63 205 1
63 221 1
63 223 2
63 231 1
63 235 2
63 245 2
63 247 1
63 248 1
63 250 2
63 287 2
63 289 4
63 299 1
63 311 1
63 343 1
63 354 3
63 363 5
63 364 1
63 366 2
63 371 1
63 382 1
63 383 1
63 385 1
63 389 1
63 418 2
63 420 2
63 423 5
63 428 1
63 437 1
63 448 2
63 493 2
63 509 1
63 544 1
63 637 1
63 674 2
63 675 3
63 693 1
63 701 1
63 703 3
63 705 1
63 708 2
63 757 1
63 787 2
63 794 1
63 801 1
63 829 2
63 890 1
63 910 3
63 954 1
63 974 1
63 1062 2
63 1064 1
63 1124 1
63 1185 2
63 1207 3
63 1226 1
63 1248 1
63 1308 1
63 1326 1
63 1348 1
63 1352 1
63 1434 3
63 1442 1
63 1509 1
63 1565 1
63 1568 1
63 1577 1
63 1578 1
63 1580 1
63 1876 1
63 1877 1
63 1878 1
63 1879 1
63 1880 1
63 1881 1
63 1882 4
63 1883 1
63 1884 1
63 1885 1
63 1886 1
64 3 3
64 10 4
64 14 15
64 15 2
64 19 1
64 21 2
64 28 1
64 32 1
64 35 1
64 40 4
64 53 1
64 54 3
64 56 1
64 66 2
64 70 2
64 72 1
64 77 3
64 78 2
64 96 3
64 102 4
64 105 1
64 106 1
64 109 2
64 113 1
64 115 3
64 121 1
64 124 1
64 126 1
64 139 1
64 142 1
64 146 5
64 153 1
64 160 1
64 161 1
64 171 13
64 172 2
64 174 11
64 175 5
64 177 3
64 178 1
64 181 5
64 182 8
64 184 1
64 191 4
64 193 3
64 208 2
64 212 1
64 213 1
64 215 1
64 216 7
64 225 2
64 238 3
64 239 1
64 240 1
64 241 6
64 250 1
64 259 1
64 261 2
64 266 1
64 273 2
64 286 1
64 293 1
64 296 8
64 299 6
64 305 3
64 317 1
64 319 1
64 320 2
64 321 1
64 326 1
64 342 1
64 343 1
64 345 1
64 371 1
64 381 1
64 389 1
64 402 1
64 407 1
64 410 1
64 413 1
64 433 1
64 437 1
64 438 1
64 449 29
64 460 1
64 467 1
64 470 1
64 480 7
64 481 1
64 490 1
64 500 1
64 518 2
64 530 1
64 533 2
64 535 1
64 574 1
64 580 1
64 616 7
64 627 1
64 629 1
64 650 1
64 652 1
64 662 3
64 668 1
64 691 1
64 707 1
64 710 1
64 749 2
64 774 1
64 783 1
64 787 1
64 791 1
64 795 4
64 799 1
64 801 1
64 807 1
64 816 1
64 912 1
64 915 3
64 969 1
64 1035 2
64 1051 21
64 1075 2
64 1093 1
64 1097 1
64 1105 1
64 1109 2
64 1133 1
64 1135 4
64 1144 1
64 1217 1
64 1227 1
64 1268 1
64 1306 1
64 1393 2
64 1435 4
64 1438 1
64 1447 1
64 1453 1
64 1459 1
64 1522 1
64 1525 2
64 1561 1
64 1626 9
64 1638 3
64 1644 1
64 1675 1
64 1704 2
64 1724 1
64 1733 1
64 1781 8
64 1837 1
64 1861 1
64 1887 1
64 1888 1
64 1889 1
64 1890 1
64 1891 1
64 1892 1
64 1893 5
64 1894 1
64 1895 1
64 1896 1
64 1897 1
64 1898 1
64 1899 1
64 1900 1
64 1901 1
64 1902 2
64 1903 1
64 1904 1
64 1905 1
64 1906 1
64 1907 1
64 1908 1
65 3 1
65 8 1
65 10 4
65 14 1
65 15 3
65 27 1
65 39 1
65 50 3
65 56 1
65 64 1
65 85 1
65 106 1
65 111 1
65 120 1
65 127 1
65 143 1
65 162 1
65 164 1
65 172 2
65 178 1
65 182 1
65 189 1
65 191 3
65 200 1
65 204 1
65 220 1
65 221 1
65 225 1
65 238 1
65 245 1
65 255 2
65 273 2
65 299 1
65 311 1
65 360 2
65 428 1
65 432 1
65 437 1
65 438 3
65 453 1
65 455 1
65 460 10
65 461 2
65 490 1
65 511 1
65 535 1
65 555 1
65 564 1
65 623 1
65 672 1
65 812 3
65 834 1
65 934 1
65 965 1
65 1086 1
65 1092 2
65 1329 1
65 1359 1
65 1362 1
65 1573 1
65 1652 1
65 1909 1
65 1910 1
65 1911 3
65 1912 1
65 1913 1
66 2 2
66 3 1
66 14 2
66 15 7
66 32 2
66 41 1
66 53 1
66 56 1
66 58 1
66 72 1
66 73 1
66 84 3
66 86 2
66 109 4
66 118 1
66 119 2
66 155 3
66 172 3
66 181 1
66 182 1
66 214 1
66 221 1
66 237 1
66 248 2
66 251 2
66 305 1
66 358 1
66 371 1
66 384 1
66 480 1
66 489 1
66 490 4
66 492 1
66 495 3
66 549 1
66 619 1
66 629 2
66 692 2
66 731 2
66 734 2
66 776 1
66 792 1
66 890 1
66 915 1
66 955 2
66 1036 1
66 1056 1
66 1103 1
66 1223 1
66 1231 1
66 1257 1
66 1279 1
66 1362 1
66 1395 1
66 1422 1
66 1425 2
66 1426 1
66 1580 2
66 1675 1
66 1693 1
66 1733 1
66 1914 2
66 1915 1
66 1916 1
66 1917 4
66 1918 1
66 1919 1
66 1920 1
66 1921 1
67 1 1
67 14 1
67 35 4
67 53 1
67 60 1
67 72 1
67 84 3
67 86 1
67 106 1
67 127 1
67 155 2
67 172 1
67 181 1
67 188 1
67 191 1
67 200 1
67 208 1
67 221 1
67 247 1
67 248 2
67 250 4
67 277 1
67 280 1
67 285 1
67 289 4
67 358 1
67 361 1
67 371 3
67 377 1
67 382 1
67 466 2
67 490 2
67 507 1
67 677 1
67 755 1
67 775 1
67 807 1
67 814 1
67 826 1
67 864 1
67 923 2
67 955 1
67 963 3
67 1135 1
67 1329 1
67 1436 1
67 1619 1
67 1698 3
67 1752 2
67 1922 1
67 1923 2
67 1924 1
67 1925 1
67 1926 2
67 1927 1
67 1928 3
67 1929 1
67 1930 2
68 1 1
68 3 1
68 6 3
68 12 1
68 14 16
68 16 1
68 18 2
68 21 1
68 22 1
68 23 3
68 24 1
68 25 2
68 26 1
68 27 2
68 28 1
68 32 2
68 34 9
68 35 3
68 40 3
68 41 1
68 42 1
68 48 7
68 50 1
68 52 3
68 53 2
68 54 2
68 60 1
68 66 2
68 72 2
68 75 4
68 76 1
68 77 3
68 84 20
68 85 1
68 91 1
68 95 10
68 105 8
68 106 1
68 108 3
68 109 1
68 112 4
68 115 4
68 119 3
68 126 1
68 130 1
68 133 1
68 146 6
68 149 3
68 155 10
68 156 1
68 158 3
68 161 5
68 165 2
68 166 2
68 171 1
68 172 20
68 173 4
68 174 15
68 177 1
68 178 1
68 180 6
68 181 6
68 182 19
68 188 1
68 189 5
68 191 1
68 193 1
68 200 1
68 208 4
68 209 1
68 213 2
68 221 3
68 234 2
68 235 1
68 241 1
68 243 2
68 245 1
68 250 2
68 255 6
68 259 2
68 261 3
68 266 2
68 268 1
68 270 2
68 277 4
68 283 2
68 284 1
68 285 1
68 287 1
68 289 14
68 293 2
68 296 3
68 299 1
68 304 1
68 315 2
68 321 2
68 325 1
68 336 1
68 337 2
68 342 8
68 345 1
68 354 1
68 360 4
68 371 2
68 383 2
68 384 2
68 385 1
68 407 5
68 418 1
68 420 3
68 423 4
68 426 1
68 428 3
68 433 1
68 435 7
68 437 1
68 452 1
68 462 3
68 467 3
68 468 1
68 478 16
68 480 8
68 491 1
68 504 1
68 506 1
68 508 1
68 514 2
68 519 10
68 524 1
68 534 1
68 535 1
68 540 2
68 544 1
68 549 12
68 555 1
68 559 1
68 560 3
68 564 1
68 566 1
68 568 6
68 574 2
68 575 1
68 576 1
68 580 3
68 600 1
68 607 1
68 610 2
68 617 1
68 618 1
68 623 1
68 629 1
68 669 1
68 673 1
68 675 1
68 676 1
68 693 2
68 697 1
68 703 1
68 705 1
68 708 3
68 724 1
68 731 3
68 744 1
68 745 1
68 762 1
68 784 4
68 792 2
68 826 1
68 829 4
68 835 1
68 847 2
68 914 16
68 915 4
68 916 2
68 925 1
68 938 1
68 947 1
68 951 1
68 954 1
68 955 9
68 958 1
68 969 1
68 1001 1
68 1008 1
68 1062 1
68 1078 1
68 1093 1
68 1097 1
68 1108 3
68 1109 1
68 1142 4
68 1144 1
68 1159 1
68 1178 1
68 1192 2
68 1200 1
68 1217 1
68 1236 2
68 1289 2
68 1324 2
68 1337 1
68 1344 2
68 1353 2
68 1394 1
68 1469 1
68 1477 1
68 1485 1
68 1495 3
68 1509 1
68 1532 1
68 1542 1
68 1550 2
68 1565 1
68 1592 3
68 1595 1
68 1611 1
68 1630 1
68 1642 1
68 1649 1
68 1675 5
68 1697 1
68 1733 2
68 1740 2
68 1744 1
68 1748 2
68 1794 2
68 1799 1
68 1801 2
68 1811 3
68 1850 2
68 1876 3
68 1901 1
68 1911 1
68 1914 8
68 1931 1
68 1932 2
68 1933 1
68 1934 1
68 1935 1
68 1936 1
68 1937 1
68 1938 1
68 1939 2
68 1940 1
68 1941 2
68 1942 1
68 1943 1
68 1944 1
68 1945 1
68 1946 1
68 1947 1
68 1948 1
68 1949 1
68 1950 1
68 1951 1
68 1952 1
68 1953 1
68 1954 2
68 1955 2
68 1956 1
68 1957 1
68 1958 1
68 1959 2
68 1960 4
68 1961 1
68 1962 1
68 1963 1
68 1964 12
68 1965 1
68 1966 3
68 1967 1
68 1968 1
68 1969 1
68 1970 1
68 1971 1
68 1972 1
68 1973 1
68 1974 1
68 1975 1
68 1976 1
68 1977 1
68 1978 1
68 1979 1
68 1980 5
68 1981 3
68 1982 1
68 1983 1
68 1984 1
68 1985 1
68 1986 1
68 1987 2
68 1988 1
68 1989 1
68 1990 1
68 1991 1
