%%MatrixMarket matrix coordinate real general
84 2178 10525                                     
1 1 1
1 2 1
1 3 20
1 4 2
1 5 5
1 6 3
1 7 4
1 8 3
1 9 1
1 10 8
1 11 1
1 12 4
1 13 1
1 14 3
1 15 8
1 16 2
1 17 1
1 18 1
1 19 2
1 20 1
1 21 3
1 22 1
1 23 1
1 24 1
1 25 1
1 26 1
1 27 1
1 28 1
1 29 3
1 30 1
1 31 1
1 32 2
1 33 3
1 34 1
1 35 2
1 36 1
1 37 1
1 38 1
1 39 1
1 40 2
1 41 1
1 42 2
1 43 1
1 44 1
1 45 1
1 46 3
1 47 1
1 48 1
1 49 3
1 50 2
1 51 1
1 52 1
1 53 1
1 54 2
1 55 1
1 56 1
1 57 1
1 58 1
1 59 1
1 60 1
1 61 2
1 62 2
1 63 2
1 64 6
1 65 1
1 66 1
1 67 1
1 68 2
1 69 1
1 70 3
1 71 1
1 72 3
1 73 1
1 74 1
1 75 1
1 76 1
1 77 1
1 78 1
1 79 1
1 80 2
1 81 1
1 82 1
1 83 1
1 84 1
1 85 2
1 86 1
1 87 1
1 88 2
1 89 1
1 90 1
1 91 1
1 92 1
1 93 1
1 94 1
1 95 1
1 96 1
1 97 1
1 98 1
1 99 1
1 100 1
1 101 1
1 102 4
1 103 1
1 104 1
1 105 4
1 106 1
1 107 2
1 108 1
1 109 1
1 110 1
1 111 1
1 112 2
1 113 1
1 114 1
1 115 1
1 116 1
1 117 1
1 118 1
1 119 3
1 120 1
1 121 1
1 122 1
1 123 4
1 124 2
1 125 2
1 126 1
1 127 3
1 128 1
1 129 1
1 130 1
1 131 1
1 132 3
1 133 1
1 134 2
1 135 1
1 136 2
1 137 1
1 138 1
1 139 1
1 140 2
1 141 1
1 142 9
1 143 1
1 144 2
1 145 1
1 146 3
1 147 1
1 148 2
1 149 1
1 150 1
1 151 5
1 152 2
1 153 1
1 154 1
1 155 1
1 156 2
1 157 1
1 158 1
1 159 1
1 160 1
1 161 1
1 162 1
1 163 1
1 164 1
1 165 1
1 166 1
1 167 1
1 168 1
1 169 2
1 170 2
1 171 1
1 172 1
1 173 1
1 174 6
1 175 1
1 176 1
1 177 2
1 178 1
1 179 1
1 180 3
1 181 1
1 182 7
1 183 1
1 184 2
1 185 1
1 186 1
1 187 1
1 188 2
1 189 5
2 3 2
2 10 3
2 12 1
2 14 4
2 15 6
2 28 3
2 32 1
2 35 4
2 40 2
2 45 2
2 48 1
2 49 8
2 50 1
2 52 1
2 53 2
2 54 1
2 55 3
2 56 1
2 57 2
2 66 1
2 72 4
2 77 5
2 84 1
2 85 1
2 91 2
2 93 1
2 105 1
2 106 1
2 112 1
2 113 1
2 126 1
2 127 1
2 130 1
2 136 1
2 146 9
2 156 3
2 158 2
2 166 3
2 171 1
2 172 2
2 173 1
2 175 1
2 177 2
2 181 3
2 182 3
2 190 1
2 191 1
2 192 1
2 193 1
2 194 1
2 195 1
2 196 1
2 197 1
2 198 4
2 199 10
2 200 1
2 201 2
2 202 2
2 203 3
2 204 2
2 205 1
2 206 1
2 207 1
2 208 1
2 209 1
2 210 1
2 211 1
2 212 1
2 213 3
2 214 1
2 215 1
2 216 1
2 217 8
2 218 2
2 219 1
2 220 1
2 221 2
2 222 1
2 223 2
2 224 1
2 225 1
2 226 1
2 227 1
2 228 2
2 229 1
2 230 1
2 231 2
2 232 1
2 233 1
2 234 2
2 235 1
2 236 1
2 237 2
2 238 1
2 239 1
2 240 1
2 241 2
2 242 1
2 243 1
2 244 1
2 245 1
2 246 1
2 247 1
2 248 1
2 249 1
2 250 2
2 251 1
2 252 2
2 253 1
2 254 1
2 255 1
2 256 1
2 257 1
2 258 1
2 259 1
2 260 1
2 261 1
2 262 1
2 263 1
2 264 1
2 265 1
2 266 1
2 267 2
2 268 1
2 269 1
2 270 1
2 271 1
2 272 1
2 273 1
2 274 1
2 275 2
2 276 1
2 277 1
2 278 1
2 279 2
2 280 1
2 281 9
2 282 1
2 283 1
2 284 3
2 285 1
2 286 1
3 1 1
3 2 1
3 3 2
3 10 4
3 14 6
3 24 1
3 26 3
3 28 3
3 32 2
3 35 3
3 40 4
3 41 1
3 48 1
3 50 2
3 51 5
3 52 1
3 53 4
3 54 2
3 58 1
3 63 2
3 64 1
3 66 1
3 72 4
3 76 3
3 77 3
3 85 6
3 91 3
3 102 1
3 105 2
3 106 1
3 108 1
3 111 1
3 112 1
3 123 1
3 127 3
3 132 1
3 133 1
3 140 1
3 142 1
3 143 1
3 145 1
3 146 7
3 148 2
3 152 1
3 156 4
3 158 5
3 164 1
3 166 3
3 171 5
3 172 10
3 173 2
3 175 1
3 178 1
3 180 1
3 181 1
3 182 4
3 188 1
3 189 4
3 191 1
3 192 4
3 193 1
3 194 2
3 196 2
3 197 4
3 198 15
3 199 7
3 200 1
3 201 3
3 202 3
3 203 3
3 204 1
3 205 1
3 206 2
3 209 6
3 211 2
3 221 2
3 222 3
3 223 2
3 227 1
3 231 5
3 232 1
3 235 1
3 236 1
3 237 1
3 238 1
3 240 1
3 241 2
3 244 2
3 252 8
3 253 1
3 254 1
3 256 1
3 258 3
3 259 1
3 261 3
3 262 1
3 268 1
3 269 2
3 270 1
3 271 1
3 276 1
3 278 1
3 281 1
3 282 1
3 284 1
3 286 1
3 287 1
3 288 1
3 289 16
3 290 1
3 291 1
3 292 1
3 293 1
3 294 1
3 295 1
3 296 1
3 297 1
3 298 1
3 299 1
3 300 2
3 301 1
3 302 1
3 303 1
3 304 2
3 305 1
3 306 2
3 307 1
3 308 1
3 309 1
3 310 4
3 311 1
3 312 1
3 313 2
3 314 1
3 315 1
3 316 2
3 317 1
3 318 1
3 319 1
3 320 1
3 321 1
3 322 1
3 323 1
3 324 1
3 325 1
3 326 1
3 327 1
3 328 1
3 329 1
3 330 1
3 331 1
3 332 1
3 333 1
3 334 1
3 335 2
3 336 1
3 337 2
3 338 1
3 339 1
3 340 1
3 341 2
3 342 1
3 343 1
3 344 1
3 345 1
3 346 1
3 347 2
3 348 1
3 349 1
3 350 1
3 351 4
3 352 1
3 353 3
3 354 1
3 355 1
3 356 1
3 357 1
3 358 1
3 359 1
3 360 1
3 361 1
3 362 1
3 363 2
3 364 1
3 365 2
3 366 1
3 367 1
3 368 2
3 369 1
3 370 1
3 371 3
3 372 1
3 373 1
3 374 2
3 375 1
3 376 1
3 377 1
3 378 1
3 379 1
3 380 1
3 381 1
3 382 1
3 383 1
3 384 1
3 385 1
3 386 1
3 387 1
3 388 1
3 389 1
4 2 1
4 3 2
4 10 3
4 14 2
4 15 8
4 22 1
4 26 1
4 28 2
4 39 2
4 40 3
4 47 1
4 48 1
4 50 7
4 51 2
4 54 3
4 57 1
4 60 3
4 64 1
4 72 2
4 74 3
4 76 1
4 77 2
4 84 1
4 85 4
4 91 1
4 94 1
4 95 5
4 105 3
4 106 1
4 108 3
4 111 1
4 112 3
4 116 1
4 119 1
4 123 2
4 124 1
4 140 2
4 141 2
4 143 1
4 145 1
4 146 4
4 149 1
4 152 1
4 156 1
4 160 3
4 161 1
4 163 1
4 166 2
4 172 1
4 173 2
4 174 4
4 175 4
4 177 1
4 178 2
4 180 3
4 182 4
4 186 1
4 189 11
4 191 2
4 192 1
4 193 1
4 203 1
4 204 3
4 205 1
4 211 1
4 213 1
4 216 5
4 219 3
4 223 2
4 225 1
4 229 1
4 231 3
4 232 5
4 235 1
4 236 1
4 238 1
4 243 1
4 245 1
4 254 1
4 255 3
4 259 1
4 261 1
4 262 2
4 272 2
4 273 2
4 285 1
4 314 1
4 319 9
4 341 1
4 342 2
4 343 3
4 349 1
4 355 1
4 371 21
4 388 1
4 390 1
4 391 1
4 392 1
4 393 2
4 394 1
4 395 1
4 396 1
4 397 1
4 398 1
4 399 1
4 400 2
4 401 1
4 402 1
4 403 1
4 404 1
4 405 3
4 406 1
4 407 1
4 408 1
4 409 10
4 410 2
4 411 1
4 412 1
4 413 1
4 414 1
4 415 1
4 416 2
4 417 1
4 418 10
4 419 1
4 420 2
4 421 2
4 422 1
4 423 2
4 424 1
4 425 3
4 426 1
4 427 5
4 428 14
4 429 1
4 430 1
4 431 1
4 432 1
4 433 1
4 434 1
4 435 3
4 436 2
4 437 1
4 438 1
4 439 1
4 440 1
4 441 1
4 442 1
4 443 1
4 444 1
4 445 2
4 446 1
4 447 1
4 448 1
4 449 1
4 450 1
4 451 1
4 452 1
4 453 1
4 454 1
4 455 1
4 456 1
4 457 2
4 458 1
4 459 1
4 460 1
4 461 1
4 462 1
4 463 1
4 464 1
4 465 1
4 466 9
4 467 1
4 468 1
4 469 3
4 470 1
4 471 1
4 472 1
4 473 1
4 474 1
4 475 1
4 476 2
4 477 1
4 478 1
4 479 1
5 1 1
5 3 4
5 6 1
5 10 4
5 11 1
5 14 3
5 15 11
5 25 8
5 27 1
5 28 1
5 32 1
5 37 1
5 39 1
5 40 2
5 52 2
5 53 2
5 54 1
5 58 1
5 60 1
5 66 1
5 72 2
5 76 1
5 77 4
5 79 1
5 84 2
5 99 1
5 106 1
5 108 1
5 109 3
5 121 1
5 127 2
5 137 1
5 141 1
5 146 6
5 156 1
5 157 1
5 161 1
5 166 3
5 169 1
5 171 7
5 172 10
5 174 1
5 175 4
5 176 5
5 181 12
5 182 2
5 184 1
5 185 1
5 193 1
5 200 1
5 208 1
5 213 2
5 215 1
5 225 2
5 228 1
5 229 4
5 233 2
5 241 2
5 245 2
5 250 2
5 259 1
5 261 1
5 278 1
5 316 3
5 326 1
5 327 2
5 337 1
5 344 1
5 369 2
5 371 7
5 382 1
5 408 1
5 413 1
5 435 1
5 438 2
5 444 1
5 460 1
5 466 2
5 480 3
5 481 1
5 482 1
5 483 2
5 484 1
5 485 1
5 486 2
5 487 1
5 488 3
5 489 3
5 490 2
5 491 5
5 492 1
5 493 1
5 494 2
5 495 3
5 496 1
5 497 1
5 498 2
5 499 1
5 500 1
5 501 1
5 502 1
5 503 2
5 504 1
5 505 1
5 506 1
5 507 2
5 508 2
5 509 5
5 510 1
5 511 3
5 512 1
5 513 2
5 514 1
5 515 1
5 516 1
5 517 1
5 518 6
5 519 1
5 520 1
5 521 2
5 522 1
5 523 2
5 524 1
5 525 1
5 526 1
5 527 1
5 528 1
5 529 12
5 530 15
5 531 2
5 532 4
5 533 2
5 534 1
5 535 1
5 536 1
5 537 1
5 538 6
5 539 3
5 540 1
5 541 1
5 542 1
5 543 1
5 544 1
5 545 4
5 546 1
5 547 1
5 548 15
5 549 1
5 550 1
5 551 2
5 552 1
6 1 1
6 3 1
6 6 9
6 10 1
6 14 3
6 16 3
6 24 3
6 28 1
6 32 8
6 40 2
6 46 2
6 48 1
6 50 3
6 52 1
6 53 2
6 60 1
6 64 2
6 66 1
6 72 2
6 77 4
6 91 2
6 95 2
6 99 1
6 105 1
6 106 1
6 111 1
6 127 1
6 133 1
6 143 1
6 146 6
6 149 1
6 155 10
6 156 1
6 164 1
6 166 2
6 171 10
6 172 9
6 173 1
6 174 9
6 177 1
6 178 1
6 180 2
6 181 4
6 182 3
6 187 1
6 189 2
6 191 1
6 200 1
6 208 1
6 209 1
6 211 7
6 213 2
6 241 1
6 242 1
6 245 10
6 246 1
6 250 1
6 254 1
6 255 4
6 256 1
6 257 2
6 259 2
6 273 2
6 276 1
6 277 1
6 278 1
6 289 11
6 299 1
6 313 1
6 340 1
6 342 1
6 343 1
6 360 1
6 385 2
6 389 1
6 399 1
6 408 1
6 412 1
6 418 1
6 420 1
6 426 1
6 430 1
6 437 1
6 444 1
6 461 2
6 462 1
6 472 2
6 477 1
6 480 2
6 481 1
6 489 1
6 490 1
6 493 1
6 503 2
6 507 3
6 515 3
6 516 5
6 518 2
6 529 3
6 535 1
6 537 4
6 539 3
6 548 30
6 553 1
6 554 1
6 555 3
6 556 5
6 557 1
6 558 2
6 559 2
6 560 4
6 561 1
6 562 1
6 563 6
6 564 8
6 565 1
6 566 1
6 567 8
6 568 1
6 569 3
6 570 5
6 571 8
6 572 1
6 573 1
6 574 1
6 575 1
6 576 2
6 577 1
6 578 1
6 579 1
6 580 1
6 581 1
6 582 3
6 583 1
6 584 3
6 585 1
6 586 1
6 587 2
6 588 2
6 589 2
6 590 3
6 591 1
6 592 2
6 593 3
6 594 1
6 595 1
6 596 3
6 597 1
6 598 1
6 599 6
6 600 1
6 601 1
6 602 1
6 603 1
6 604 1
6 605 1
6 606 5
6 607 1
6 608 1
6 609 1
6 610 3
6 611 1
6 612 1
6 613 3
6 614 1
6 615 1
6 616 1
6 617 1
6 618 1
6 619 1
6 620 1
6 621 2
6 622 1
6 623 1
6 624 2
6 625 1
6 626 1
6 627 2
6 628 3
6 629 1
6 630 4
6 631 1
6 632 1
6 633 2
6 634 1
6 635 1
6 636 1
6 637 1
6 638 1
6 639 1
6 640 1
6 641 1
6 642 3
6 643 4
6 644 1
6 645 1
6 646 7
6 647 1
6 648 1
6 649 1
6 650 1
6 651 2
6 652 1
7 1 2
7 2 1
7 3 5
7 4 1
7 10 1
7 14 7
7 15 8
7 26 1
7 28 3
7 32 7
7 35 3
7 40 2
7 43 1
7 50 8
7 51 1
7 52 1
7 53 3
7 54 1
7 57 6
7 58 1
7 64 11
7 66 1
7 68 1
7 72 4
7 76 1
7 77 4
7 78 1
7 85 3
7 88 1
7 91 3
7 102 2
7 104 1
7 106 1
7 108 4
7 111 1
7 112 1
7 127 1
7 130 1
7 132 1
7 133 8
7 143 1
7 145 4
7 146 8
7 148 2
7 152 1
7 155 1
7 156 1
7 164 1
7 166 1
7 171 9
7 172 3
7 174 4
7 178 2
7 181 7
7 182 6
7 188 2
7 189 6
7 191 2
7 192 1
7 193 3
7 200 1
7 201 1
7 203 5
7 204 1
7 205 1
7 208 2
7 209 3
7 211 3
7 213 2
7 223 2
7 225 1
7 229 2
7 231 2
7 232 2
7 235 1
7 236 1
7 241 3
7 242 1
7 243 10
7 245 1
7 246 1
7 250 1
7 255 8
7 256 1
7 257 5
7 259 1
7 266 1
7 277 5
7 279 3
7 282 1
7 284 1
7 286 1
7 299 2
7 302 1
7 309 1
7 312 1
7 319 1
7 336 1
7 337 1
7 339 3
7 340 1
7 341 1
7 343 1
7 354 1
7 360 1
7 369 1
7 389 1
7 398 1
7 408 2
7 414 1
7 430 1
7 437 2
7 438 1
7 460 5
7 461 7
7 482 3
7 492 3
7 499 2
7 503 1
7 517 3
7 522 2
7 548 5
7 559 1
7 563 6
7 573 1
7 580 1
7 599 1
7 618 1
7 653 1
7 654 1
7 655 1
7 656 2
7 657 1
7 658 1
7 659 1
7 660 1
7 661 2
7 662 1
7 663 1
7 664 1
7 665 1
7 666 1
7 667 1
7 668 1
7 669 1
7 670 1
7 671 1
7 672 1
7 673 1
7 674 1
7 675 1
7 676 1
7 677 1
7 678 1
7 679 1
7 680 2
7 681 1
7 682 1
7 683 1
7 684 1
7 685 4
7 686 1
7 687 1
7 688 1
7 689 1
7 690 2
7 691 1
7 692 1
7 693 1
7 694 1
7 695 7
7 696 1
7 697 1
7 698 1
7 699 1
7 700 2
7 701 2
7 702 1
7 703 2
7 704 3
7 705 2
7 706 1
7 707 1
7 708 2
7 709 1
7 710 1
7 711 3
7 712 1
7 713 1
7 714 1
7 715 1
7 716 1
7 717 1
7 718 6
7 719 1
7 720 32
8 3 1
8 10 3
8 14 5
8 15 4
8 19 1
8 28 3
8 32 1
8 35 1
8 40 2
8 49 3
8 53 2
8 54 1
8 55 1
8 66 1
8 67 1
8 72 1
8 74 21
8 77 4
8 85 1
8 91 1
8 102 1
8 105 1
8 106 1
8 112 1
8 126 1
8 127 1
8 138 1
8 141 31
8 146 8
8 148 1
8 152 1
8 156 1
8 158 1
8 161 1
8 172 4
8 173 1
8 174 5
8 175 1
8 178 2
8 181 2
8 182 1
8 185 1
8 189 9
8 191 4
8 192 1
8 193 2
8 201 3
8 204 1
8 205 1
8 208 1
8 209 2
8 213 1
8 216 2
8 219 1
8 223 2
8 233 1
8 234 1
8 235 1
8 236 1
8 240 2
8 245 5
8 247 1
8 250 1
8 259 1
8 261 1
8 283 1
8 293 2
8 302 1
8 339 1
8 343 1
8 344 1
8 349 1
8 358 2
8 369 1
8 371 7
8 385 3
8 388 1
8 389 4
8 391 1
8 401 3
8 402 1
8 404 1
8 425 9
8 428 2
8 432 3
8 433 1
8 437 2
8 447 8
8 452 5
8 454 2
8 460 1
8 462 1
8 473 2
8 493 1
8 504 1
8 522 1
8 529 1
8 539 2
8 563 2
8 579 1
8 669 1
8 685 1
8 687 1
8 693 1
8 717 1
8 719 4
8 721 1
8 722 1
8 723 2
8 724 1
8 725 1
8 726 1
8 727 2
8 728 4
8 729 2
8 730 2
8 731 1
8 732 1
8 733 1
8 734 1
8 735 1
8 736 3
8 737 1
8 738 1
8 739 1
8 740 1
8 741 1
8 742 1
8 743 1
8 744 1
8 745 1
8 746 1
8 747 2
8 748 1
8 749 1
8 750 1
8 751 1
8 752 3
8 753 2
8 754 10
8 755 1
8 756 1
8 757 1
8 758 1
8 759 1
8 760 1
8 761 1
8 762 1
8 763 1
9 14 1
9 126 1
9 232 1
9 315 1
9 326 1
9 342 1
9 418 1
9 461 1
9 764 1
9 765 1
9 766 3
9 767 1
9 768 1
9 769 1
9 770 2
9 771 1
9 772 1
9 773 1
10 1 1
10 3 3
10 7 1
10 10 1
10 14 2
10 26 1
10 28 1
10 32 4
10 34 1
10 37 1
10 40 4
10 41 1
10 42 4
10 48 1
10 50 4
10 52 1
10 53 6
10 54 1
10 57 1
10 66 1
10 72 1
10 74 6
10 76 1
10 77 3
10 84 4
10 91 1
10 95 1
10 102 1
10 105 1
10 106 1
10 108 1
10 111 1
10 114 1
10 124 1
10 132 1
10 138 2
10 141 16
10 143 1
10 146 5
10 148 1
10 149 2
10 152 1
10 155 4
10 156 1
10 166 2
10 171 9
10 172 4
10 173 1
10 174 2
10 178 1
10 181 5
10 182 1
10 188 5
10 189 15
10 200 1
10 208 2
10 211 1
10 213 2
10 214 7
10 216 3
10 241 4
10 245 11
10 250 1
10 254 1
10 259 1
10 273 1
10 284 1
10 289 19
10 296 2
10 302 2
10 319 7
10 368 1
10 371 16
10 389 2
10 407 2
10 408 3
10 423 3
10 425 2
10 433 1
10 437 2
10 460 15
10 461 1
10 462 2
10 477 1
10 478 1
10 481 1
10 489 2
10 490 1
10 491 1
10 499 1
10 508 1
10 510 1
10 513 1
10 516 2
10 522 1
10 533 3
10 541 2
10 548 17
10 563 7
10 569 1
10 573 1
10 580 3
10 617 1
10 669 1
10 692 1
10 693 4
10 698 1
10 708 1
10 710 2
10 719 1
10 721 4
10 745 1
10 760 1
10 763 1
10 768 2
10 773 5
10 774 1
10 775 1
10 776 1
10 777 3
10 778 1
10 779 1
10 780 1
10 781 2
10 782 6
10 783 2
10 784 1
10 785 2
10 786 1
10 787 2
10 788 1
10 789 16
10 790 3
10 791 1
10 792 2
10 793 3
10 794 7
10 795 3
10 796 1
10 797 1
10 798 1
10 799 3
10 800 1
10 801 1
10 802 1
10 803 1
10 804 1
10 805 1
10 806 1
10 807 10
10 808 5
10 809 4
10 810 2
11 3 1
11 10 4
11 14 4
11 15 7
11 28 3
11 32 1
11 35 12
11 40 4
11 42 1
11 45 1
11 50 5
11 51 6
11 53 3
11 54 1
11 63 1
11 64 3
11 66 1
11 72 2
11 77 5
11 85 1
11 91 1
11 102 1
11 105 1
11 106 1
11 111 1
11 112 2
11 127 2
11 136 2
11 139 2
11 143 1
11 146 9
11 156 1
11 166 2
11 171 1
11 178 1
11 181 6
11 191 1
11 192 1
11 200 1
11 201 1
11 203 1
11 204 8
11 205 1
11 209 1
11 212 2
11 213 4
11 223 2
11 229 1
11 231 8
11 232 10
11 235 1
11 236 1
11 241 4
11 245 3
11 250 1
11 259 1
11 262 1
11 276 1
11 277 2
11 278 1
11 280 3
11 286 1
11 309 1
11 319 1
11 336 1
11 337 1
11 340 1
11 344 1
11 345 1
11 377 4
11 390 2
11 405 1
11 409 4
11 416 1
11 432 1
11 438 1
11 448 1
11 463 2
11 506 2
11 580 1
11 596 1
11 618 1
11 625 1
11 703 1
11 705 1
11 717 1
11 719 2
11 747 1
11 749 1
11 757 1
11 794 1
11 795 1
11 802 1
11 811 3
11 812 7
11 813 1
11 814 3
11 815 4
11 816 10
11 817 1
11 818 1
11 819 1
11 820 1
11 821 1
11 822 2
11 823 1
11 824 1
11 825 3
11 826 1
11 827 1
11 828 1
11 829 1
11 830 1
11 831 1
11 832 1
11 833 1
11 834 1
11 835 1
11 836 1
11 837 1
11 838 1
11 839 11
11 840 1
11 841 1
11 842 1
11 843 1
11 844 1
11 845 1
12 3 14
12 10 8
12 13 1
12 14 3
12 15 7
12 28 3
12 32 3
12 35 6
12 40 3
12 42 1
12 50 4
12 53 2
12 54 2
12 56 1
12 57 2
12 61 12
12 66 1
12 67 1
12 70 1
12 72 1
12 77 5
12 85 2
12 91 1
12 102 2
12 106 1
12 108 1
12 111 1
12 112 1
12 119 1
12 124 1
12 127 2
12 130 1
12 136 3
12 139 8
12 143 1
12 145 1
12 146 9
12 148 2
12 156 1
12 166 3
12 174 4
12 175 5
12 177 2
12 178 2
12 181 14
12 182 4
12 188 7
12 192 1
12 193 1
12 195 2
12 200 1
12 203 6
12 204 2
12 205 1
12 208 2
12 209 1
12 211 1
12 213 13
12 215 1
12 216 3
12 219 2
12 223 2
12 231 3
12 232 10
12 234 1
12 235 1
12 236 1
12 241 3
12 250 3
12 256 1
12 259 1
12 262 1
12 268 1
12 271 1
12 278 1
12 293 2
12 305 1
12 337 1
12 343 1
12 360 3
12 389 5
12 405 1
12 437 1
12 438 8
12 467 1
12 487 1
12 499 2
12 505 11
12 506 1
12 510 1
12 522 4
12 529 2
12 537 1
12 593 9
12 617 1
12 624 1
12 631 1
12 669 2
12 692 2
12 698 1
12 708 3
12 734 1
12 760 1
12 762 1
12 791 1
12 792 1
12 802 1
12 806 1
12 809 1
12 816 5
12 823 1
12 826 1
12 827 1
12 829 1
12 831 3
12 835 1
12 839 12
12 846 1
12 847 1
12 848 1
12 849 1
12 850 1
12 851 6
12 852 1
12 853 1
12 854 1
12 855 1
12 856 2
12 857 1
12 858 3
12 859 1
12 860 3
12 861 1
12 862 1
12 863 2
12 864 1
12 865 6
12 866 2
12 867 4
12 868 1
12 869 1
12 870 1
12 871 1
12 872 2
12 873 1
12 874 1
12 875 1
12 876 1
12 877 1
12 878 1
12 879 1
12 880 2
12 881 1
12 882 1
12 883 2
12 884 1
13 2 2
13 3 4
13 6 3
13 10 6
13 12 1
13 14 4
13 15 16
13 26 1
13 28 1
13 32 4
13 35 2
13 40 2
13 42 2
13 50 4
13 52 2
13 53 2
13 54 2
13 57 1
13 64 1
13 66 1
13 72 1
13 74 3
13 76 2
13 77 2
13 84 4
13 85 4
13 90 2
13 91 1
13 105 4
13 106 1
13 111 1
13 119 1
13 120 1
13 137 1
13 138 1
13 141 5
13 142 1
13 143 1
13 146 4
13 156 2
13 158 1
13 160 1
13 166 3
13 169 1
13 171 1
13 172 3
13 174 10
13 178 14
13 181 4
13 182 2
13 189 18
13 195 1
13 200 1
13 201 2
13 203 1
13 209 2
13 211 3
13 213 2
13 215 1
13 216 2
13 245 3
13 247 3
13 250 2
13 255 1
13 256 1
13 259 1
13 260 1
13 268 1
13 270 2
13 282 1
13 284 1
13 299 2
13 341 1
13 343 3
13 345 1
13 351 1
13 355 1
13 358 4
13 368 1
13 371 29
13 378 1
13 383 1
13 386 2
13 401 1
13 402 3
13 410 1
13 411 1
13 412 1
13 418 30
13 422 1
13 428 1
13 435 1
13 437 2
13 438 1
13 462 2
13 466 1
13 482 2
13 491 1
13 492 1
13 528 1
13 579 2
13 626 1
13 634 2
13 695 4
13 703 1
13 705 1
13 708 1
13 719 1
13 749 2
13 755 6
13 760 1
13 787 2
13 794 2
13 830 1
13 885 1
13 886 3
13 887 1
13 888 2
13 889 1
13 890 1
13 891 1
13 892 1
13 893 1
13 894 2
13 895 1
13 896 1
13 897 1
13 898 2
13 899 1
13 900 2
13 901 1
13 902 1
13 903 1
13 904 1
13 905 10
13 906 2
13 907 4
13 908 1
13 909 1
13 910 1
13 911 1
13 912 1
13 913 1
13 914 5
13 915 2
13 916 2
13 917 3
13 918 4
13 919 1
13 920 1
13 921 1
13 922 2
13 923 1
13 924 1
13 925 1
13 926 1
13 927 1
13 928 1
13 929 1
13 930 1
13 931 1
13 932 1
13 933 1
13 934 1
13 935 1
13 936 1
13 937 2
13 938 1
14 2 1
14 3 2
14 10 2
14 14 5
14 15 17
14 19 1
14 28 3
14 32 3
14 35 1
14 40 2
14 42 1
14 50 3
14 51 1
14 52 1
14 53 2
14 54 3
14 56 1
14 66 1
14 72 3
14 76 2
14 77 5
14 84 1
14 85 2
14 91 3
14 102 3
14 106 1
14 108 3
14 111 1
14 112 1
14 114 1
14 119 1
14 123 17
14 124 1
14 126 1
14 127 3
14 133 1
14 136 4
14 139 8
14 143 1
14 145 1
14 146 9
14 154 1
14 156 2
14 160 1
14 166 1
14 171 8
14 172 1
14 174 2
14 178 1
14 181 5
14 182 2
14 186 1
14 188 1
14 189 1
14 192 1
14 195 3
14 201 1
14 204 1
14 205 1
14 211 1
14 213 2
14 223 2
14 225 1
14 231 5
14 232 8
14 235 1
14 236 1
14 241 2
14 245 1
14 250 5
14 259 1
14 262 1
14 278 1
14 280 3
14 282 1
14 284 2
14 285 1
14 293 1
14 309 1
14 316 1
14 319 3
14 337 1
14 350 1
14 351 1
14 385 1
14 389 2
14 401 1
14 402 2
14 411 1
14 416 1
14 423 1
14 428 1
14 435 2
14 437 1
14 438 1
14 447 1
14 455 1
14 458 1
14 462 2
14 466 1
14 475 1
14 489 1
14 491 2
14 499 2
14 503 1
14 505 1
14 515 1
14 522 1
14 539 1
14 613 4
14 625 1
14 628 10
14 682 1
14 691 1
14 695 1
14 703 1
14 708 1
14 719 1
14 728 1
14 737 1
14 760 1
14 761 1
14 772 5
14 795 1
14 801 2
14 802 1
14 814 1
14 816 9
14 823 1
14 825 1
14 826 1
14 839 14
14 842 2
14 843 1
14 880 2
14 889 2
14 891 1
14 893 1
14 903 1
14 910 1
14 939 1
14 940 1
14 941 3
14 942 1
14 943 1
14 944 1
14 945 2
14 946 2
14 947 1
14 948 1
14 949 1
14 950 1
14 951 1
14 952 1
14 953 1
14 954 1
14 955 1
14 956 8
14 957 1
14 958 1
14 959 1
14 960 1
14 961 2
14 962 1
14 963 1
14 964 1
14 965 1
14 966 7
14 967 1
14 968 2
14 969 1
14 970 1
14 971 1
14 972 1
14 973 16
14 974 1
14 975 1
14 976 3
14 977 1
14 978 1
15 1 1
15 3 9
15 14 4
15 15 26
15 16 1
15 25 2
15 32 3
15 35 4
15 40 2
15 49 2
15 50 4
15 52 1
15 53 3
15 54 2
15 57 1
15 63 1
15 64 1
15 70 1
15 71 1
15 72 1
15 77 1
15 84 4
15 86 1
15 91 1
15 95 2
15 96 1
15 102 4
15 104 2
15 106 1
15 108 4
15 111 1
15 114 1
15 119 2
15 126 1
15 130 1
15 132 3
15 135 1
15 136 1
15 137 2
15 141 15
15 143 1
15 144 1
15 146 1
15 148 1
15 149 3
15 152 2
15 155 4
15 156 1
15 164 1
15 165 2
15 166 2
15 171 13
15 172 10
15 174 4
15 177 1
15 178 1
15 180 5
15 181 10
15 182 2
15 188 1
15 189 1
15 191 1
15 200 1
15 203 9
15 208 9
15 209 9
15 211 3
15 225 1
15 234 1
15 241 2
15 242 1
15 243 1
15 245 16
15 250 1
15 255 3
15 259 3
15 262 2
15 270 2
15 281 2
15 284 5
15 287 3
15 293 1
15 305 1
15 309 1
15 314 1
15 317 1
15 319 1
15 336 1
15 337 1
15 342 2
15 343 3
15 354 1
15 360 2
15 362 1
15 368 4
15 371 17
15 374 1
15 383 2
15 389 1
15 390 1
15 407 3
15 408 1
15 416 1
15 423 8
15 428 2
15 433 1
15 437 1
15 460 8
15 462 2
15 466 3
15 467 3
15 477 2
15 478 6
15 480 2
15 482 1
15 483 1
15 489 7
15 499 3
15 503 1
15 507 1
15 508 2
15 518 2
15 522 1
15 529 2
15 533 2
15 536 1
15 539 1
15 541 4
15 548 13
15 563 4
15 567 1
15 573 2
15 575 1
15 579 2
15 592 12
15 595 1
15 599 2
15 622 1
15 628 2
15 634 2
15 656 2
15 662 1
15 667 1
15 669 1
15 680 1
15 692 10
15 705 1
15 729 1
15 734 1
15 738 1
15 760 3
15 761 1
15 767 2
15 774 1
15 776 1
15 778 2
15 784 6
15 793 4
15 795 1
15 797 1
15 798 2
15 801 2
15 803 1
15 807 5
15 808 2
15 813 1
15 829 2
15 857 1
15 869 1
15 915 2
15 923 1
15 931 1
15 935 9
15 943 1
15 954 2
15 959 1
15 969 1
15 974 1
15 979 1
15 980 1
15 981 1
15 982 2
15 983 1
15 984 1
15 985 2
15 986 2
15 987 2
15 988 1
15 989 1
15 990 1
15 991 1
15 992 2
15 993 1
15 994 1
15 995 1
15 996 1
15 997 1
15 998 2
15 999 5
15 1000 1
15 1001 2
15 1002 1
15 1003 1
15 1004 9
15 1005 9
15 1006 1
15 1007 1
15 1008 2
15 1009 1
15 1010 3
15 1011 2
15 1012 1
15 1013 1
15 1014 1
15 1015 1
15 1016 1
15 1017 1
15 1018 1
15 1019 1
15 1020 3
15 1021 1
15 1022 1
15 1023 1
15 1024 1
15 1025 1
15 1026 1
15 1027 1
16 1 2
16 2 4
16 3 3
16 11 1
16 13 1
16 14 17
16 15 18
16 19 2
16 21 8
16 25 1
16 28 1
16 32 1
16 35 1
16 40 4
16 42 1
16 43 4
16 48 1
16 50 1
16 53 1
16 54 6
16 57 3
16 63 3
16 64 1
16 66 1
16 70 5
16 72 1
16 77 2
16 84 4
16 94 1
16 105 2
16 108 7
16 111 1
16 113 3
16 126 6
16 127 2
16 130 1
16 137 3
16 139 1
16 142 7
16 143 1
16 146 4
16 152 1
16 154 1
16 156 1
16 161 1
16 166 3
16 172 2
16 173 2
16 174 7
16 178 3
16 181 6
16 182 1
16 193 3
16 202 3
16 208 1
16 209 1
16 213 1
16 216 13
16 219 1
16 220 1
16 221 6
16 225 1
16 226 2
16 239 5
16 240 1
16 247 1
16 248 1
16 254 1
16 259 2
16 261 1
16 262 3
16 268 2
16 269 5
16 270 1
16 285 1
16 288 1
16 297 1
16 301 1
16 305 2
16 325 1
16 340 3
16 343 4
16 345 1
16 354 1
16 355 1
16 360 2
16 362 1
16 366 1
16 381 1
16 384 2
16 388 1
16 389 6
16 402 2
16 407 1
16 412 1
16 415 1
16 418 4
16 428 2
16 430 2
16 433 5
16 435 1
16 438 2
16 440 2
16 449 5
16 461 1
16 475 2
16 480 1
16 485 1
16 487 1
16 496 1
16 498 1
16 506 1
16 522 8
16 537 4
16 541 1
16 558 1
16 559 2
16 561 1
16 566 1
16 575 1
16 597 1
16 602 1
16 608 1
16 616 2
16 634 1
16 637 1
16 645 2
16 653 2
16 682 1
16 683 1
16 703 10
16 729 1
16 744 2
16 755 1
16 787 1
16 816 1
16 820 1
16 823 2
16 840 1
16 849 1
16 860 1
16 878 1
16 912 3
16 926 1
16 931 21
16 941 2
16 946 1
16 970 1
16 980 1
16 1008 2
16 1028 1
16 1029 2
16 1030 1
16 1031 1
16 1032 3
16 1033 1
16 1034 1
16 1035 1
16 1036 1
16 1037 1
16 1038 1
16 1039 1
16 1040 3
16 1041 3
16 1042 1
16 1043 1
16 1044 2
16 1045 1
16 1046 1
16 1047 2
16 1048 1
16 1049 3
16 1050 1
16 1051 1
16 1052 1
16 1053 1
16 1054 1
16 1055 2
16 1056 1
16 1057 1
16 1058 1
16 1059 2
16 1060 1
16 1061 1
16 1062 3
16 1063 1
16 1064 1
16 1065 1
16 1066 1
16 1067 1
16 1068 1
16 1069 1
16 1070 2
16 1071 1
16 1072 1
16 1073 6
16 1074 1
16 1075 1
16 1076 2
16 1077 1
16 1078 1
16 1079 1
16 1080 2
16 1081 1
16 1082 1
16 1083 1
16 1084 1
16 1085 1
16 1086 2
16 1087 2
16 1088 1
16 1089 1
16 1090 1
16 1091 2
16 1092 1
16 1093 1
16 1094 2
16 1095 2
16 1096 2
16 1097 1
16 1098 3
16 1099 2
16 1100 1
16 1101 1
16 1102 1
16 1103 1
16 1104 1
16 1105 1
16 1106 1
16 1107 1
16 1108 1
16 1109 1
16 1110 2
16 1111 1
16 1112 1
16 1113 1
16 1114 1
16 1115 1
16 1116 1
16 1117 1
16 1118 1
16 1119 1
16 1120 1
16 1121 2
16 1122 1
16 1123 1
16 1124 1
16 1125 3
16 1126 1
16 1127 1
16 1128 2
16 1129 1
16 1130 1
16 1131 11
16 1132 3
16 1133 3
16 1134 47
16 1135 1
16 1136 3
16 1137 5
16 1138 1
16 1139 4
16 1140 1
16 1141 2
16 1142 3
16 1143 1
16 1144 1
16 1145 1
16 1146 3
16 1147 1
16 1148 1
16 1149 1
16 1150 4
16 1151 1
16 1152 1
16 1153 3
16 1154 2
16 1155 1
16 1156 1
16 1157 1
16 1158 1
16 1159 1
16 1160 1
16 1161 13
16 1162 3
16 1163 1
16 1164 1
16 1165 1
16 1166 1
16 1167 1
17 3 1
17 8 3
17 10 3
17 14 1
17 27 1
17 32 1
17 35 1
17 43 1
17 49 2
17 50 2
17 51 1
17 55 2
17 60 1
17 64 3
17 74 1
17 77 1
17 78 1
17 85 1
17 86 2
17 99 1
17 113 2
17 132 1
17 134 3
17 141 1
17 148 1
17 149 1
17 171 4
17 172 1
17 189 1
17 191 2
17 204 1
17 208 1
17 213 1
17 221 1
17 232 2
17 238 1
17 241 2
17 247 3
17 248 2
17 259 1
17 261 2
17 262 3
17 280 1
17 289 6
17 302 1
17 311 1
17 313 1
17 343 1
17 349 1
17 358 1
17 371 1
17 386 1
17 389 1
17 391 1
17 403 1
17 420 1
17 428 2
17 433 1
17 437 2
17 438 1
17 460 1
17 461 1
17 475 1
17 489 1
17 563 1
17 580 1
17 593 1
17 634 1
17 705 1
17 708 1
17 727 2
17 730 1
17 787 1
17 839 1
17 911 1
17 923 1
17 925 1
17 937 1
17 1057 1
17 1104 1
17 1109 1
17 1154 1
17 1168 1
17 1169 1
17 1170 1
17 1171 1
17 1172 1
17 1173 1
17 1174 1
17 1175 1
17 1176 1
17 1177 1
17 1178 1
17 1179 1
17 1180 11
17 1181 1
17 1182 1
17 1183 2
17 1184 1
17 1185 1
17 1186 1
17 1187 2
17 1188 1
18 3 4
18 10 2
18 14 7
18 15 3
18 16 2
18 32 2
18 34 1
18 48 2
18 53 2
18 60 1
18 63 1
18 68 1
18 75 1
18 78 1
18 102 6
18 105 1
18 115 1
18 126 1
18 137 1
18 142 1
18 148 1
18 172 1
18 173 1
18 182 4
18 184 1
18 188 1
18 191 2
18 201 1
18 238 1
18 277 2
18 281 1
18 296 12
18 302 2
18 324 1
18 327 1
18 337 1
18 343 1
18 389 1
18 437 1
18 449 1
18 461 1
18 489 1
18 516 1
18 528 1
18 529 2
18 543 1
18 628 1
18 668 1
18 670 1
18 727 1
18 747 1
18 771 1
18 815 1
18 819 1
18 856 1
18 890 1
18 911 1
18 926 2
18 1008 1
18 1057 1
18 1103 1
18 1104 1
18 1125 1
18 1134 1
18 1151 1
18 1161 1
18 1175 1
18 1189 3
18 1190 3
18 1191 1
18 1192 1
18 1193 1
18 1194 2
18 1195 1
18 1196 1
18 1197 1
18 1198 1
18 1199 1
18 1200 2
18 1201 1
18 1202 1
19 2 2
19 3 4
19 10 2
19 13 1
19 14 4
19 15 5
19 16 2
19 32 1
19 34 1
19 35 1
19 48 2
19 53 1
19 60 1
19 75 1
19 78 1
19 95 3
19 102 3
19 105 1
19 116 1
19 119 1
19 126 2
19 130 1
19 133 1
19 137 1
19 148 1
19 155 1
19 172 1
19 173 1
19 181 1
19 182 4
19 189 3
19 202 1
19 209 2
19 221 1
19 225 2
19 238 1
19 257 1
19 262 1
19 268 1
19 296 12
19 302 1
19 321 1
19 369 2
19 384 1
19 423 1
19 437 1
19 449 1
19 455 2
19 460 1
19 489 1
19 506 1
19 510 1
19 516 1
19 533 1
19 535 1
19 563 1
19 567 3
19 618 1
19 628 1
19 634 1
19 668 1
19 670 1
19 727 1
19 769 2
19 770 1
19 781 1
19 819 2
19 854 2
19 904 1
19 915 1
19 937 1
19 1057 1
19 1064 1
19 1103 1
19 1104 1
19 1125 2
19 1175 1
19 1189 1
19 1191 1
19 1193 1
19 1195 1
19 1202 1
19 1203 1
19 1204 2
19 1205 1
19 1206 1
19 1207 1
19 1208 1
19 1209 1
19 1210 1
20 2 1
20 10 1
20 14 4
20 15 2
20 19 1
20 32 1
20 35 5
20 54 1
20 57 1
20 64 1
20 72 1
20 77 1
20 84 8
20 85 1
20 99 1
20 112 2
20 115 1
20 139 3
20 142 2
20 146 1
20 148 1
20 149 1
20 171 6
20 172 11
20 175 2
20 177 1
20 178 3
20 181 2
20 193 1
20 200 1
20 208 1
20 213 2
20 219 2
20 231 1
20 238 1
20 239 1
20 241 1
20 245 1
20 248 1
20 251 1
20 256 1
20 259 1
20 261 3
20 262 1
20 268 1
20 271 1
20 272 1
20 276 1
20 289 6
20 293 1
20 294 1
20 314 2
20 316 1
20 319 1
20 343 1
20 355 1
20 361 1
20 368 1
20 371 1
20 389 1
20 390 1
20 428 1
20 437 1
20 440 2
20 455 1
20 462 1
20 492 1
20 505 1
20 516 1
20 577 1
20 591 2
20 618 1
20 668 1
20 694 1
20 705 1
20 719 1
20 802 1
20 807 2
20 809 1
20 816 1
20 839 1
20 841 1
20 875 2
20 956 1
20 1019 1
20 1049 1
20 1082 1
20 1090 1
20 1109 1
20 1126 2
20 1161 1
20 1174 1
20 1191 1
20 1208 2
20 1211 2
20 1212 1
20 1213 1
20 1214 1
20 1215 1
20 1216 1
20 1217 1
20 1218 1
20 1219 1
20 1220 1
20 1221 1
20 1222 1
20 1223 1
20 1224 1
20 1225 1
20 1226 1
20 1227 1
20 1228 2
20 1229 1
20 1230 1
20 1231 1
20 1232 1
20 1233 2
20 1234 1
20 1235 1
20 1236 1
20 1237 1
20 1238 1
20 1239 1
21 4 2
21 14 6
21 24 1
21 35 6
21 77 1
21 84 4
21 86 2
21 109 3
21 114 2
21 126 1
21 145 1
21 146 1
21 149 1
21 172 5
21 176 2
21 178 1
21 193 1
21 209 2
21 213 4
21 226 2
21 237 1
21 241 1
21 259 2
21 273 1
21 289 7
21 313 1
21 343 1
21 373 1
21 414 1
21 437 2
21 440 1
21 473 1
21 475 1
21 488 1
21 491 2
21 510 1
21 515 1
21 519 1
21 532 1
21 540 1
21 541 1
21 668 1
21 768 1
21 793 1
21 826 1
21 891 1
21 959 1
21 1008 1
21 1018 2
21 1062 1
21 1120 1
21 1184 1
21 1211 1
21 1224 1
21 1227 1
21 1229 1
21 1233 1
21 1237 1
21 1240 1
21 1241 1
21 1242 1
21 1243 1
21 1244 1
21 1245 1
21 1246 1
21 1247 1
21 1248 1
21 1249 1
21 1250 1
21 1251 1
21 1252 3
21 1253 1
21 1254 1
21 1255 1
21 1256 1
21 1257 1
21 1258 1
22 1 1
22 3 4
22 10 2
22 12 2
22 14 7
22 15 6
22 16 2
22 18 2
22 19 2
22 28 1
22 32 3
22 35 3
22 40 1
22 43 1
22 52 3
22 54 1
22 60 1
22 66 1
22 72 2
22 75 1
22 77 2
22 84 4
22 85 2
22 86 1
22 92 1
22 99 1
22 102 1
22 108 2
22 112 1
22 120 1
22 123 1
22 124 4
22 125 1
22 126 1
22 132 1
22 133 1
22 137 2
22 146 4
22 149 1
22 154 1
22 156 1
22 161 1
22 164 1
22 166 2
22 171 3
22 181 4
22 182 2
22 187 1
22 191 1
22 200 1
22 203 4
22 204 1
22 213 1
22 214 2
22 216 2
22 225 1
22 239 1
22 241 1
22 247 1
22 256 1
22 257 3
22 259 2
22 261 1
22 268 4
22 270 1
22 285 1
22 289 2
22 296 2
22 299 1
22 305 2
22 349 2
22 360 2
22 377 1
22 389 1
22 401 1
22 448 3
22 455 1
22 488 18
22 489 8
22 492 1
22 494 1
22 497 1
22 498 1
22 523 2
22 538 2
22 577 1
22 618 1
22 626 2
22 656 1
22 677 2
22 694 3
22 724 1
22 801 1
22 850 1
22 871 1
22 891 2
22 897 1
22 956 18
22 959 1
22 960 2
22 1008 6
22 1023 2
22 1136 2
22 1137 2
22 1140 1
22 1161 1
22 1176 6
22 1180 1
22 1203 1
22 1233 1
22 1259 1
22 1260 1
22 1261 1
22 1262 2
22 1263 1
22 1264 1
22 1265 1
22 1266 2
22 1267 7
22 1268 1
22 1269 1
22 1270 1
22 1271 2
22 1272 1
22 1273 1
22 1274 2
22 1275 1
22 1276 1
22 1277 1
22 1278 6
22 1279 1
22 1280 1
22 1281 1
22 1282 1
22 1283 1
22 1284 1
22 1285 1
23 2 2
23 3 1
23 10 7
23 13 1
23 14 8
23 15 1
23 18 1
23 19 1
23 25 1
23 35 6
23 40 1
23 48 5
23 50 2
23 52 1
23 54 2
23 56 2
23 57 2
23 60 2
23 74 2
23 85 8
23 86 1
23 95 2
23 106 1
23 112 1
23 116 1
23 119 1
23 123 1
23 124 1
23 126 2
23 127 2
23 137 1
23 140 3
23 141 5
23 142 1
23 148 2
23 152 1
23 158 1
23 160 1
23 166 1
23 168 1
23 170 1
23 171 2
23 172 2
23 174 6
23 175 5
23 177 4
23 180 11
23 181 7
23 182 2
23 184 3
23 189 5
23 191 3
23 193 2
23 200 1
23 201 1
23 202 1
23 203 1
23 204 1
23 213 1
23 221 1
23 232 4
23 234 1
23 245 3
23 247 1
23 251 4
23 255 2
23 261 1
23 262 1
23 272 5
23 280 1
23 289 6
23 293 1
23 294 1
23 297 1
23 299 2
23 302 4
23 316 2
23 321 1
23 329 9
23 343 1
23 345 2
23 352 1
23 353 1
23 354 5
23 358 5
23 371 2
23 385 1
23 398 1
23 401 1
23 402 10
23 405 1
23 407 1
23 414 14
23 420 1
23 423 3
23 428 1
23 432 2
23 436 1
23 437 1
23 438 4
23 448 1
23 450 1
23 452 1
23 454 1
23 460 1
23 468 1
23 475 1
23 476 2
23 477 1
23 478 1
23 479 1
23 487 2
23 489 1
23 505 1
23 510 2
23 522 1
23 562 2
23 563 3
23 597 1
23 628 1
23 631 3
23 701 1
23 712 1
23 717 2
23 719 1
23 728 7
23 730 7
23 735 1
23 755 1
23 770 1
23 773 4
23 780 3
23 787 1
23 792 1
23 801 1
23 802 1
23 826 1
23 835 1
23 839 1
23 850 1
23 886 1
23 888 1
23 893 1
23 917 2
23 927 1
23 1044 1
23 1048 6
23 1053 1
23 1059 1
23 1100 1
23 1133 2
23 1153 1
23 1178 1
23 1184 1
23 1204 1
23 1210 1
23 1214 1
23 1215 2
23 1269 1
23 1285 1
23 1286 1
23 1287 2
23 1288 1
23 1289 1
23 1290 1
23 1291 1
23 1292 1
23 1293 1
23 1294 1
23 1295 1
23 1296 3
23 1297 3
23 1298 1
23 1299 1
23 1300 1
23 1301 2
23 1302 1
23 1303 1
23 1304 2
23 1305 2
23 1306 1
23 1307 1
23 1308 2
23 1309 1
23 1310 1
23 1311 1
23 1312 2
23 1313 1
23 1314 1
23 1315 1
23 1316 1
23 1317 1
23 1318 1
23 1319 1
23 1320 1
23 1321 1
23 1322 1
23 1323 2
23 1324 1
23 1325 1
24 2 1
24 3 4
24 7 2
24 10 3
24 14 6
24 15 2
24 16 1
24 26 1
24 28 2
24 32 4
24 35 2
24 37 1
24 40 2
24 43 1
24 49 6
24 50 2
24 51 1
24 53 5
24 54 3
24 55 1
24 56 1
24 64 4
24 66 1
24 72 2
24 77 6
24 84 3
24 86 2
24 91 1
24 97 1
24 102 1
24 106 1
24 108 3
24 109 1
24 120 1
24 134 10
24 136 1
24 146 8
24 148 1
24 149 1
24 156 2
24 158 1
24 161 1
24 166 1
24 171 11
24 172 4
24 174 2
24 175 1
24 178 1
24 181 2
24 182 1
24 185 1
24 189 1
24 191 3
24 200 1
24 204 1
24 208 2
24 216 2
24 219 2
24 223 1
24 224 1
24 241 5
24 248 1
24 250 1
24 259 1
24 261 1
24 284 2
24 289 9
24 301 1
24 319 4
24 321 1
24 326 1
24 337 1
24 345 3
24 355 1
24 369 1
24 383 2
24 385 1
24 428 1
24 433 1
24 460 1
24 489 1
24 492 2
24 499 1
24 510 1
24 554 1
24 563 1
24 580 1
24 650 1
24 669 2
24 705 1
24 708 1
24 719 1
24 724 2
24 751 1
24 765 1
24 773 1
24 784 1
24 791 1
24 826 1
24 875 1
24 889 1
24 895 1
24 900 1
24 962 1
24 979 1
24 1003 1
24 1019 1
24 1086 1
24 1087 1
24 1100 3
24 1138 1
24 1140 1
24 1153 5
24 1154 2
24 1159 1
24 1171 1
24 1175 1
24 1180 23
24 1183 1
24 1233 1
24 1240 1
24 1261 1
24 1326 2
24 1327 1
24 1328 1
24 1329 1
24 1330 1
24 1331 1
24 1332 1
24 1333 1
24 1334 1
24 1335 2
24 1336 1
24 1337 1
24 1338 1
24 1339 1
24 1340 4
24 1341 2
24 1342 2
24 1343 1
24 1344 10
24 1345 1
24 1346 2
24 1347 1
24 1348 2
24 1349 1
24 1350 1
24 1351 3
24 1352 1
24 1353 1
24 1354 1
24 1355 3
24 1356 1
24 1357 1
24 1358 2
24 1359 1
24 1360 1
25 1 1
25 2 5
25 3 12
25 4 2
25 7 2
25 14 3
25 15 2
25 18 1
25 27 1
25 28 1
25 32 5
25 35 1
25 50 1
25 53 2
25 55 2
25 64 3
25 66 1
25 72 3
25 77 5
25 84 3
25 86 1
25 91 2
25 92 1
25 102 3
25 109 1
25 111 1
25 112 1
25 127 1
25 133 8
25 137 1
25 140 1
25 142 5
25 143 1
25 146 6
25 149 3
25 156 2
25 168 1
25 171 1
25 172 4
25 178 1
25 182 7
25 191 1
25 192 1
25 200 1
25 204 1
25 205 1
25 213 2
25 223 2
25 225 1
25 235 1
25 241 1
25 250 1
25 257 6
25 259 1
25 261 2
25 277 5
25 289 4
25 323 1
25 332 1
25 339 4
25 382 1
25 385 1
25 391 1
25 437 1
25 439 2
25 475 1
25 480 9
25 484 1
25 492 1
25 499 1
25 533 1
25 543 1
25 554 1
25 555 1
25 652 1
25 668 1
25 673 1
25 676 2
25 792 1
25 826 2
25 1010 1
25 1057 1
25 1060 1
25 1104 1
25 1109 2
25 1189 1
25 1203 1
25 1261 2
25 1327 1
25 1328 3
25 1347 1
25 1348 3
25 1361 1
25 1362 1
25 1363 1
25 1364 1
25 1365 1
25 1366 1
25 1367 1
25 1368 1
25 1369 1
25 1370 1
25 1371 1
25 1372 1
26 1 1
26 2 1
26 3 1
26 10 5
26 11 1
26 14 7
26 28 1
26 35 4
26 51 1
26 63 2
26 64 1
26 72 2
26 76 2
26 77 4
26 85 2
26 90 1
26 91 1
26 102 1
26 112 2
26 113 3
26 118 1
26 127 1
26 130 1
26 136 1
26 137 2
26 146 2
26 171 1
26 172 1
26 181 4
26 193 1
26 196 1
26 198 17
26 203 3
26 204 2
26 206 2
26 209 2
26 213 1
26 223 2
26 237 1
26 238 2
26 241 1
26 247 1
26 248 5
26 250 3
26 251 2
26 256 1
26 258 1
26 259 3
26 262 2
26 278 2
26 284 2
26 289 2
26 291 1
26 299 1
26 305 1
26 310 1
26 311 1
26 330 1
26 338 1
26 344 1
26 346 2
26 355 2
26 357 1
26 359 1
26 360 2
26 369 1
26 375 1
26 377 1
26 379 1
26 387 1
26 404 2
26 426 2
26 455 1
26 516 1
26 591 2
26 618 1
26 669 1
26 690 1
26 710 1
26 792 2
26 794 2
26 851 1
26 893 1
26 925 1
26 931 1
26 1008 1
26 1014 1
26 1020 1
26 1057 1
26 1104 1
26 1106 1
26 1147 1
26 1212 1
26 1282 1
26 1333 1
26 1355 2
26 1373 1
26 1374 1
26 1375 1
26 1376 1
26 1377 1
26 1378 1
26 1379 1
26 1380 1
26 1381 1
26 1382 1
26 1383 1
26 1384 1
26 1385 1
26 1386 1
26 1387 1
26 1388 1
27 2 1
27 3 1
27 10 9
27 14 1
27 15 1
27 27 3
27 35 4
27 42 1
27 50 1
27 53 1
27 63 1
27 108 1
27 119 1
27 142 10
27 154 2
27 172 1
27 178 1
27 181 1
27 182 2
27 184 1
27 201 1
27 220 1
27 247 3
27 248 1
27 251 1
27 261 1
27 262 1
27 266 10
27 277 2
27 289 3
27 310 1
27 341 1
27 346 1
27 351 1
27 384 3
27 391 1
27 437 1
27 653 1
27 696 1
27 744 3
27 824 1
27 864 1
27 889 1
27 891 1
27 1057 1
27 1104 1
27 1190 1
27 1228 1
27 1286 1
27 1340 2
27 1379 1
27 1389 1
27 1390 1
27 1391 1
27 1392 1
27 1393 1
27 1394 1
27 1395 1
27 1396 1
27 1397 2
27 1398 1
27 1399 3
27 1400 1
27 1401 5
27 1402 1
28 3 1
28 14 9
28 19 1
28 24 1
28 27 1
28 41 1
28 48 4
28 55 1
28 58 1
28 72 1
28 75 1
28 77 2
28 91 1
28 105 3
28 109 3
28 112 1
28 113 3
28 119 1
28 138 1
28 141 6
28 142 5
28 146 1
28 161 1
28 162 1
28 171 1
28 172 9
28 173 3
28 176 1
28 178 1
28 182 1
28 188 1
28 201 1
28 239 1
28 248 1
28 254 1
28 258 1
28 278 2
28 284 1
28 289 2
28 310 1
28 317 1
28 340 1
28 343 4
28 351 1
28 381 2
28 388 1
28 437 1
28 459 2
28 460 1
28 499 1
28 506 2
28 537 1
28 591 1
28 628 3
28 668 1
28 688 1
28 690 3
28 692 1
28 792 1
28 801 1
28 840 1
28 889 1
28 902 1
28 909 1
28 910 1
28 915 1
28 922 1
28 926 1
28 1076 1
28 1081 1
28 1087 1
28 1098 1
28 1129 1
28 1191 2
28 1209 1
28 1229 1
28 1247 1
28 1328 1
28 1355 1
28 1374 2
28 1403 1
28 1404 2
28 1405 1
28 1406 2
28 1407 2
28 1408 1
28 1409 1
28 1410 1
28 1411 1
28 1412 3
28 1413 2
28 1414 1
28 1415 1
28 1416 1
28 1417 1
28 1418 2
28 1419 1
28 1420 1
28 1421 1
28 1422 1
29 1 1
29 2 7
29 3 9
29 8 2
29 10 5
29 13 1
29 14 6
29 15 14
29 21 1
29 26 1
29 28 3
29 29 2
29 32 3
29 35 6
29 40 1
29 41 1
29 42 1
29 48 1
29 50 3
29 51 1
29 53 1
29 55 1
29 60 1
29 63 2
29 68 1
29 70 1
29 72 2
29 74 1
29 76 1
29 77 4
29 79 2
29 84 2
29 85 5
29 86 1
29 91 1
29 94 2
29 96 1
29 102 5
29 105 3
29 106 1
29 112 4
29 115 1
29 116 1
29 119 1
29 127 2
29 128 1
29 133 4
29 137 3
29 141 4
29 142 2
29 145 1
29 146 6
29 148 3
29 149 1
29 152 1
29 156 2
29 158 2
29 162 1
29 164 1
29 171 4
29 172 6
29 173 2
29 174 1
29 178 1
29 181 7
29 182 4
29 186 1
29 189 3
29 191 1
29 203 1
29 204 3
29 209 5
29 213 2
29 220 1
29 221 3
29 223 2
29 225 2
29 229 4
29 231 1
29 235 5
29 237 2
29 245 2
29 247 1
29 248 1
29 250 2
29 254 1
29 255 1
29 258 5
29 259 5
29 262 1
29 264 2
29 275 1
29 278 2
29 280 1
29 285 1
29 289 1
29 296 2
29 302 4
29 306 1
29 312 1
29 314 6
29 320 1
29 329 1
29 346 1
29 354 1
29 355 1
29 358 2
29 360 1
29 366 1
29 371 3
29 385 2
29 388 1
29 398 1
29 402 3
29 407 2
29 410 8
29 414 1
29 418 19
29 428 1
29 433 1
29 437 1
29 438 1
29 444 1
29 449 4
29 454 3
29 455 1
29 458 2
29 476 1
29 480 3
29 489 2
29 491 2
29 492 1
29 499 2
29 505 1
29 519 2
29 522 1
29 554 1
29 577 3
29 595 1
29 628 1
29 644 1
29 667 1
29 674 1
29 695 1
29 705 1
29 707 2
29 717 3
29 719 2
29 724 1
29 726 1
29 737 1
29 738 1
29 749 3
29 768 1
29 794 1
29 801 1
29 803 1
29 807 1
29 815 1
29 829 1
29 834 1
29 880 1
29 886 1
29 900 1
29 903 1
29 911 6
29 917 1
29 937 2
29 943 1
29 946 1
29 1014 3
29 1020 1
29 1086 1
29 1109 2
29 1140 1
29 1154 2
29 1173 1
29 1178 1
29 1180 2
29 1208 8
29 1209 1
29 1232 1
29 1286 1
29 1287 1
29 1296 3
29 1310 3
29 1317 1
29 1318 1
29 1324 1
29 1328 1
29 1363 1
29 1374 2
29 1403 1
29 1423 1
29 1424 1
29 1425 1
29 1426 1
29 1427 1
29 1428 5
29 1429 1
29 1430 1
29 1431 1
29 1432 1
29 1433 1
29 1434 1
29 1435 3
29 1436 1
29 1437 1
29 1438 1
29 1439 1
29 1440 1
29 1441 1
29 1442 1
29 1443 1
29 1444 1
29 1445 1
29 1446 1
29 1447 1
29 1448 1
29 1449 1
29 1450 1
29 1451 1
29 1452 1
29 1453 1
29 1454 1
30 1 1
30 2 1
30 3 10
30 5 4
30 7 1
30 10 6
30 12 1
30 14 4
30 15 2
30 25 1
30 28 1
30 32 2
30 35 4
30 40 3
30 41 2
30 43 7
30 48 2
30 52 1
30 53 3
30 54 4
30 56 3
30 57 1
30 65 1
30 72 2
30 74 2
30 75 1
30 77 1
30 84 1
30 86 1
30 91 4
30 96 8
30 105 10
30 106 1
30 112 1
30 115 1
30 124 1
30 129 1
30 132 1
30 133 1
30 136 1
30 137 1
30 141 21
30 146 1
30 149 2
30 155 1
30 156 2
30 161 1
30 166 2
30 172 7
30 173 1
30 174 14
30 175 1
30 177 3
30 178 4
30 180 5
30 181 8
30 182 2
30 186 2
30 189 3
30 191 4
30 193 6
30 200 1
30 201 2
30 208 1
30 209 12
30 211 1
30 213 2
30 215 1
30 219 3
30 221 3
30 234 2
30 250 1
30 251 1
30 256 1
30 259 3
30 262 1
30 268 2
30 269 1
30 276 1
30 283 1
30 285 2
30 286 1
30 289 7
30 299 3
30 302 6
30 326 2
30 339 1
30 343 1
30 345 1
30 360 1
30 368 1
30 371 11
30 384 1
30 391 1
30 407 1
30 410 45
30 412 1
30 418 20
30 420 1
30 427 2
30 428 2
30 433 3
30 436 3
30 437 1
30 438 4
30 445 1
30 455 2
30 460 2
30 462 2
30 478 1
30 480 1
30 482 1
30 487 3
30 489 1
30 492 1
30 506 1
30 510 1
30 523 1
30 563 1
30 585 1
30 589 1
30 622 4
30 652 3
30 662 4
30 669 1
30 680 1
30 694 3
30 703 2
30 707 1
30 744 2
30 745 1
30 794 3
30 801 3
30 802 1
30 807 1
30 830 1
30 871 2
30 875 3
30 880 1
30 886 4
30 893 1
30 898 1
30 900 6
30 917 1
30 920 1
30 955 1
30 956 3
30 961 1
30 1053 2
30 1081 1
30 1095 1
30 1099 2
30 1153 1
30 1208 2
30 1264 1
30 1290 2
30 1316 1
30 1317 2
30 1325 2
30 1328 2
30 1346 1
30 1449 1
30 1450 1
30 1455 2
30 1456 5
30 1457 2
30 1458 2
30 1459 1
30 1460 1
30 1461 1
30 1462 1
30 1463 5
30 1464 4
30 1465 1
30 1466 1
30 1467 1
30 1468 1
30 1469 1
30 1470 1
30 1471 4
30 1472 1
30 1473 1
30 1474 2
30 1475 1
30 1476 1
30 1477 1
30 1478 1
30 1479 1
30 1480 2
30 1481 1
30 1482 1
30 1483 1
30 1484 1
31 2 1
31 10 6
31 13 1
31 14 2
31 15 3
31 42 1
31 50 1
31 106 1
31 111 1
31 113 4
31 143 1
31 164 1
31 172 2
31 178 1
31 200 1
31 201 1
31 202 1
31 221 1
31 239 1
31 247 1
31 262 2
31 281 6
31 351 1
31 360 1
31 404 1
31 407 1
31 437 1
31 482 2
31 522 1
31 534 1
31 669 1
31 705 1
31 801 1
31 864 1
31 880 3
31 903 2
31 1109 1
31 1161 4
31 1269 1
31 1273 9
31 1304 1
31 1384 3
31 1485 2
31 1486 1
31 1487 2
32 3 2
32 10 4
32 14 4
32 15 1
32 35 1
32 50 1
32 51 1
32 111 1
32 126 1
32 143 1
32 172 2
32 178 1
32 181 1
32 192 1
32 237 1
32 248 1
32 251 1
32 262 2
32 268 1
32 281 2
32 289 1
32 310 1
32 334 1
32 341 1
32 346 1
32 401 1
32 437 1
32 522 1
32 601 1
32 811 1
32 1057 1
32 1104 1
32 1161 2
32 1270 1
32 1273 2
32 1387 1
32 1488 1
32 1489 6
33 3 4
33 4 2
33 10 3
33 11 1
33 13 1
33 14 4
33 15 8
33 28 3
33 32 6
33 35 3
33 37 2
33 40 2
33 42 1
33 45 1
33 48 3
33 49 4
33 51 2
33 52 1
33 53 1
33 54 1
33 57 1
33 58 3
33 63 1
33 72 3
33 73 2
33 75 3
33 77 5
33 84 1
33 85 4
33 91 1
33 99 1
33 102 3
33 105 3
33 106 1
33 112 1
33 118 1
33 119 1
33 132 1
33 133 2
33 136 2
33 137 2
33 138 1
33 142 1
33 145 1
33 146 9
33 152 6
33 153 1
33 156 2
33 158 3
33 161 1
33 166 1
33 168 1
33 171 5
33 172 4
33 173 3
33 174 1
33 177 3
33 181 4
33 182 6
33 184 1
33 187 1
33 189 1
33 191 1
33 192 1
33 193 1
33 201 2
33 203 1
33 204 6
33 205 1
33 208 1
33 212 1
33 213 2
33 217 11
33 221 1
33 223 2
33 225 2
33 234 1
33 235 1
33 236 1
33 245 3
33 247 1
33 248 1
33 250 2
33 257 1
33 259 4
33 261 2
33 268 2
33 273 1
33 274 1
33 278 1
33 280 1
33 281 8
33 283 2
33 286 2
33 287 1
33 288 1
33 289 1
33 293 1
33 296 2
33 297 1
33 299 2
33 302 1
33 315 1
33 321 1
33 326 1
33 337 1
33 341 1
33 342 3
33 343 1
33 351 1
33 358 3
33 371 1
33 407 1
33 415 1
33 418 6
33 426 1
33 428 2
33 433 1
33 449 1
33 450 1
33 456 1
33 462 1
33 489 1
33 492 1
33 506 1
33 508 1
33 523 1
33 543 1
33 554 1
33 589 1
33 595 1
33 708 1
33 716 1
33 749 1
33 755 1
33 760 1
33 802 2
33 809 1
33 824 1
33 850 1
33 862 1
33 864 1
33 891 1
33 903 1
33 915 1
33 931 2
33 1008 1
33 1021 1
33 1086 1
33 1100 1
33 1147 1
33 1161 1
33 1169 1
33 1184 1
33 1189 1
33 1198 1
33 1208 3
33 1214 1
33 1227 1
33 1287 2
33 1308 1
33 1318 1
33 1327 1
33 1328 1
33 1353 1
33 1442 1
33 1460 1
33 1490 1
33 1491 1
33 1492 1
33 1493 1
33 1494 1
33 1495 1
33 1496 1
33 1497 1
33 1498 3
33 1499 3
33 1500 1
33 1501 1
33 1502 1
33 1503 2
33 1504 1
33 1505 1
33 1506 1
33 1507 1
33 1508 1
33 1509 1
33 1510 3
33 1511 1
33 1512 1
33 1513 1
33 1514 1
33 1515 1
33 1516 1
34 2 1
34 4 1
34 10 1
34 12 1
34 13 1
34 14 8
34 15 2
34 19 1
34 27 1
34 32 2
34 39 1
34 48 2
34 50 1
34 75 1
34 77 1
34 85 2
34 105 2
34 108 1
34 111 1
34 112 1
34 113 2
34 119 1
34 141 9
34 142 13
34 143 1
34 146 1
34 153 1
34 171 1
34 172 9
34 173 2
34 178 1
34 181 2
34 182 2
34 191 1
34 193 1
34 201 3
34 220 1
34 222 5
34 239 2
34 245 1
34 247 1
34 251 1
34 256 1
34 280 1
34 281 2
34 289 3
34 291 3
34 310 1
34 317 1
34 338 1
34 343 1
34 346 1
34 381 1
34 384 2
34 388 1
34 404 2
34 428 1
34 437 2
34 522 1
34 534 1
34 535 2
34 628 7
34 653 1
34 660 2
34 688 1
34 690 2
34 698 1
34 699 1
34 714 1
34 787 3
34 792 1
34 864 2
34 902 1
34 915 2
34 923 1
34 941 1
34 1050 1
34 1080 1
34 1081 1
34 1124 1
34 1131 1
34 1142 1
34 1161 1
34 1192 1
34 1229 1
34 1269 1
34 1270 1
34 1273 1
34 1286 1
34 1356 1
34 1374 2
34 1404 9
34 1406 1
34 1407 2
34 1408 1
34 1412 1
34 1413 1
34 1414 1
34 1416 1
34 1418 2
34 1421 1
34 1517 1
34 1518 1
34 1519 1
34 1520 1
34 1521 1
34 1522 1
34 1523 1
34 1524 1
34 1525 1
34 1526 1
34 1527 1
35 2 1
35 14 8
35 19 1
35 27 1
35 32 1
35 48 2
35 50 1
35 56 1
35 60 1
35 63 2
35 75 1
35 77 2
35 78 1
35 90 1
35 98 1
35 105 2
35 108 1
35 111 1
35 112 1
35 113 1
35 116 1
35 127 1
35 141 3
35 142 16
35 143 1
35 146 1
35 171 1
35 172 10
35 173 2
35 178 1
35 181 1
35 188 1
35 191 2
35 194 1
35 203 1
35 216 1
35 238 1
35 239 2
35 241 1
35 244 1
35 251 1
35 261 1
35 262 1
35 269 2
35 276 1
35 278 2
35 289 6
35 291 4
35 343 1
35 346 6
35 351 1
35 354 1
35 361 1
35 381 1
35 382 1
35 384 1
35 385 2
35 388 1
35 415 1
35 428 1
35 437 2
35 474 1
35 475 1
35 499 1
35 510 2
35 522 1
35 554 2
35 562 1
35 573 1
35 628 2
35 631 1
35 668 2
35 669 1
35 692 1
35 737 1
35 748 4
35 792 1
35 829 1
35 864 1
35 909 1
35 915 1
35 926 1
35 1010 1
35 1138 1
35 1142 1
35 1152 1
35 1185 1
35 1216 1
35 1229 1
35 1233 1
35 1247 11
35 1348 2
35 1355 1
35 1374 2
35 1389 1
35 1404 4
35 1407 2
35 1408 2
35 1412 2
35 1414 4
35 1417 1
35 1418 2
35 1429 1
35 1521 1
35 1528 2
35 1529 1
35 1530 1
35 1531 1
35 1532 2
35 1533 1
35 1534 1
35 1535 2
35 1536 1
35 1537 1
35 1538 1
35 1539 1
35 1540 1
35 1541 1
35 1542 1
35 1543 1
35 1544 1
35 1545 1
35 1546 1
35 1547 1
35 1548 1
35 1549 1
35 1550 1
36 1 1
36 2 6
36 3 4
36 6 2
36 10 17
36 13 1
36 14 7
36 15 19
36 18 2
36 26 1
36 28 1
36 32 3
36 35 3
36 40 2
36 48 1
36 50 1
36 51 1
36 52 1
36 53 1
36 54 2
36 55 2
36 66 1
36 68 1
36 70 1
36 72 2
36 75 1
36 76 4
36 77 8
36 84 5
36 85 3
36 86 2
36 91 1
36 95 8
36 99 1
36 102 1
36 105 5
36 106 1
36 108 1
36 111 1
36 112 2
36 118 2
36 127 3
36 128 4
36 132 1
36 133 1
36 143 1
36 145 1
36 146 12
36 149 4
36 156 2
36 166 1
36 171 1
36 172 16
36 173 1
36 174 7
36 175 1
36 177 2
36 178 1
36 181 4
36 182 4
36 185 1
36 191 1
36 192 1
36 200 1
36 201 3
36 202 4
36 204 1
36 205 1
36 213 3
36 216 1
36 221 1
36 223 2
36 233 1
36 239 1
36 250 3
36 258 3
36 259 1
36 262 1
36 264 3
36 278 1
36 286 8
36 293 1
36 296 1
36 313 1
36 314 1
36 341 1
36 343 2
36 351 4
36 354 1
36 358 1
36 360 1
36 407 15
36 410 4
36 418 36
36 420 1
36 428 1
36 430 1
36 435 1
36 440 1
36 444 1
36 447 1
36 472 1
36 485 1
36 492 1
36 505 1
36 506 1
36 507 1
36 510 1
36 519 2
36 537 2
36 554 1
36 558 1
36 577 1
36 579 5
36 634 1
36 650 1
36 688 1
36 694 2
36 698 1
36 707 2
36 792 1
36 826 1
36 829 1
36 886 1
36 891 2
36 907 3
36 911 1
36 916 1
36 923 1
36 927 1
36 961 1
36 1000 1
36 1014 1
36 1041 1
36 1065 1
36 1067 1
36 1101 1
36 1109 1
36 1120 1
36 1184 1
36 1233 1
36 1256 1
36 1258 1
36 1261 1
36 1313 1
36 1327 1
36 1343 1
36 1376 1
36 1427 1
36 1437 1
36 1441 1
36 1449 1
36 1454 1
36 1470 1
36 1488 1
36 1521 6
36 1536 1
36 1551 1
36 1552 1
36 1553 1
36 1554 1
36 1555 1
36 1556 1
36 1557 1
36 1558 1
36 1559 2
36 1560 1
36 1561 1
36 1562 1
36 1563 1
36 1564 1
36 1565 1
36 1566 3
36 1567 4
36 1568 3
36 1569 1
36 1570 1
36 1571 1
36 1572 1
36 1573 1
36 1574 1
36 1575 1
36 1576 1
36 1577 1
36 1578 4
36 1579 14
36 1580 1
36 1581 1
36 1582 1
36 1583 1
36 1584 1
37 1 1
37 2 1
37 8 1
37 10 3
37 14 3
37 15 5
37 32 1
37 43 1
37 50 1
37 63 1
37 64 2
37 84 2
37 88 2
37 106 1
37 111 1
37 134 1
37 141 1
37 143 1
37 149 1
37 164 1
37 172 6
37 177 1
37 178 1
37 188 1
37 193 2
37 200 1
37 201 1
37 203 1
37 204 1
37 220 1
37 221 1
37 314 1
37 412 1
37 433 1
37 437 1
37 438 1
37 440 1
37 441 1
37 445 7
37 455 1
37 462 2
37 482 1
37 492 1
37 631 1
37 652 1
37 662 2
37 668 1
37 820 1
37 875 1
37 878 1
37 895 3
37 911 1
37 923 1
37 934 5
37 1019 1
37 1044 1
37 1090 1
37 1154 1
37 1184 1
37 1189 1
37 1230 1
37 1233 1
37 1585 1
37 1586 1
37 1587 1
37 1588 1
37 1589 1
38 1 1
38 3 1
38 10 4
38 14 3
38 15 3
38 35 1
38 50 1
38 84 2
38 85 1
38 95 1
38 105 1
38 106 1
38 111 1
38 126 1
38 138 1
38 143 1
38 155 2
38 162 1
38 164 1
38 172 2
38 173 1
38 178 1
38 181 1
38 182 4
38 189 2
38 191 2
38 200 1
38 204 2
38 209 4
38 221 1
38 231 3
38 232 3
38 247 1
38 261 1
38 262 1
38 266 1
38 268 1
38 287 1
38 289 1
38 345 1
38 360 1
38 368 3
38 388 1
38 391 1
38 402 2
38 425 6
38 437 1
38 462 2
38 482 2
38 518 4
38 534 1
38 595 1
38 652 1
38 677 4
38 708 2
38 712 1
38 721 5
38 734 1
38 829 2
38 864 1
38 876 1
38 893 1
38 920 1
38 956 7
38 1018 2
38 1447 1
38 1590 3
38 1591 1
38 1592 1
38 1593 6
38 1594 1
38 1595 2
38 1596 1
38 1597 1
39 3 2
39 10 6
39 13 1
39 14 3
39 19 1
39 30 1
39 40 2
39 43 1
39 48 2
39 50 1
39 51 1
39 52 1
39 53 3
39 54 1
39 63 4
39 66 1
39 72 3
39 76 1
39 77 5
39 85 10
39 87 1
39 91 1
39 95 1
39 96 1
39 102 1
39 105 1
39 106 1
39 111 1
39 112 1
39 113 1
39 119 1
39 123 2
39 132 1
39 143 1
39 146 5
39 155 1
39 156 2
39 164 1
39 166 2
39 170 1
39 172 2
39 173 1
39 174 4
39 177 1
39 178 1
39 181 3
39 182 8
39 185 1
39 189 1
39 191 1
39 192 2
39 193 1
39 200 1
39 201 1
39 204 1
39 205 1
39 208 1
39 209 1
39 212 1
39 213 2
39 216 3
39 221 1
39 223 2
39 231 2
39 232 6
39 233 1
39 235 1
39 238 1
39 241 1
39 243 1
39 247 2
39 250 1
39 254 1
39 258 2
39 259 4
39 261 1
39 262 3
39 268 1
39 271 1
39 272 8
39 279 2
39 280 1
39 281 2
39 284 2
39 286 6
39 287 1
39 288 1
39 289 6
39 310 1
39 329 1
39 337 1
39 341 3
39 346 6
39 354 1
39 358 1
39 360 1
39 368 1
39 376 1
39 389 1
39 401 1
39 402 3
39 405 4
39 410 1
39 418 3
39 428 1
39 432 1
39 435 1
39 448 1
39 470 1
39 492 1
39 506 1
39 510 1
39 634 2
39 637 2
39 652 1
39 675 1
39 677 1
39 690 1
39 695 1
39 703 1
39 710 2
39 717 1
39 719 3
39 724 1
39 802 1
39 826 1
39 845 2
39 883 1
39 903 1
39 937 1
39 956 1
39 970 1
39 989 1
39 1014 1
39 1053 1
39 1086 1
39 1124 1
39 1161 1
39 1183 1
39 1208 1
39 1269 4
39 1286 1
39 1291 1
39 1304 1
39 1327 1
39 1594 1
39 1598 1
39 1599 1
39 1600 1
39 1601 2
39 1602 9
39 1603 8
39 1604 1
39 1605 1
39 1606 1
39 1607 1
39 1608 2
39 1609 2
39 1610 1
39 1611 1
39 1612 1
39 1613 1
40 3 1
40 10 8
40 14 3
40 15 7
40 18 2
40 19 1
40 32 1
40 40 1
40 48 2
40 52 2
40 53 1
40 54 1
40 66 1
40 72 2
40 74 1
40 77 6
40 84 7
40 85 12
40 87 1
40 91 1
40 95 1
40 97 2
40 102 1
40 105 2
40 106 1
40 108 1
40 109 1
40 112 1
40 123 3
40 124 1
40 132 2
40 136 1
40 139 14
40 145 1
40 146 10
40 148 1
40 149 1
40 154 1
40 155 1
40 156 1
40 164 1
40 166 2
40 170 1
40 171 1
40 172 2
40 173 1
40 174 6
40 175 4
40 177 1
40 181 3
40 182 9
40 189 4
40 191 1
40 192 1
40 193 1
40 200 1
40 201 1
40 204 3
40 205 1
40 209 1
40 211 1
40 212 1
40 213 2
40 216 2
40 219 4
40 221 2
40 223 2
40 224 1
40 226 1
40 231 4
40 232 10
40 233 2
40 247 2
40 250 6
40 254 1
40 255 2
40 259 1
40 272 3
40 278 1
40 280 1
40 284 2
40 285 1
40 296 3
40 321 1
40 329 1
40 337 1
40 349 1
40 354 1
40 358 3
40 360 1
40 368 2
40 371 1
40 388 1
40 391 2
40 402 4
40 405 3
40 407 2
40 423 1
40 425 2
40 435 1
40 437 1
40 452 2
40 467 1
40 470 1
40 482 2
40 487 1
40 489 1
40 491 1
40 505 1
40 506 1
40 532 1
40 552 1
40 563 1
40 634 1
40 637 1
40 677 3
40 708 1
40 710 1
40 717 2
40 719 1
40 724 1
40 726 1
40 749 1
40 814 1
40 818 1
40 839 1
40 842 1
40 883 1
40 891 1
40 895 2
40 898 2
40 932 2
40 956 1
40 968 1
40 1030 1
40 1065 1
40 1085 1
40 1086 1
40 1109 3
40 1161 1
40 1186 1
40 1218 1
40 1228 1
40 1233 1
40 1286 1
40 1304 1
40 1327 1
40 1407 1
40 1429 1
40 1467 1
40 1551 1
40 1594 1
40 1605 1
40 1611 1
40 1612 1
40 1614 1
40 1615 1
40 1616 1
40 1617 1
40 1618 1
40 1619 2
40 1620 2
40 1621 1
40 1622 27
40 1623 1
40 1624 1
40 1625 1
40 1626 1
40 1627 1
40 1628 2
40 1629 1
40 1630 2
41 1 1
41 2 1
41 10 3
41 14 3
41 15 1
41 27 3
41 35 3
41 42 1
41 50 1
41 74 3
41 76 1
41 77 1
41 78 1
41 85 5
41 105 1
41 111 1
41 112 1
41 123 13
41 139 1
41 141 2
41 143 1
41 146 1
41 148 1
41 152 1
41 160 1
41 172 4
41 178 1
41 181 3
41 182 5
41 209 1
41 221 3
41 229 1
41 231 1
41 232 2
41 235 2
41 247 1
41 250 3
41 256 1
41 272 4
41 279 1
41 280 1
41 284 1
41 286 1
41 293 1
41 324 1
41 342 2
41 358 2
41 360 3
41 371 1
41 381 1
41 402 4
41 414 6
41 423 2
41 437 2
41 482 2
41 500 1
41 637 4
41 708 2
41 712 1
41 730 1
41 829 1
41 876 2
41 891 1
41 932 1
41 956 1
41 1008 1
41 1139 1
41 1161 3
41 1176 1
41 1184 1
41 1201 2
41 1233 1
41 1286 1
41 1312 1
41 1447 2
41 1562 1
41 1594 1
41 1595 1
41 1623 1
41 1627 1
41 1631 2
41 1632 1
41 1633 1
41 1634 1
41 1635 2
41 1636 1
41 1637 1
41 1638 1
42 10 7
42 14 2
42 32 3
42 42 1
42 50 1
42 72 1
42 76 1
42 84 1
42 85 2
42 88 3
42 90 1
42 93 1
42 105 2
42 106 1
42 111 1
42 123 3
42 143 1
42 149 1
42 164 1
42 172 5
42 178 1
42 181 1
42 182 3
42 191 1
42 200 1
42 201 1
42 220 2
42 221 1
42 229 1
42 232 1
42 238 1
42 242 2
42 245 1
42 259 1
42 262 1
42 272 2
42 289 5
42 338 1
42 358 1
42 362 1
42 368 1
42 382 1
42 385 2
42 402 1
42 403 1
42 407 1
42 414 1
42 428 1
42 438 7
42 450 1
42 453 1
42 522 1
42 634 1
42 677 3
42 682 2
42 708 2
42 730 1
42 875 1
42 932 1
42 959 1
42 1161 1
42 1183 1
42 1258 1
42 1286 1
42 1305 1
42 1435 1
42 1492 5
42 1594 1
42 1639 4
43 2 1
43 3 8
43 10 10
43 13 1
43 14 1
43 15 12
43 19 2
43 23 1
43 28 2
43 35 1
43 40 2
43 50 3
43 51 1
43 52 1
43 53 2
43 54 2
43 57 1
43 60 3
43 72 3
43 74 2
43 76 3
43 77 5
43 85 13
43 86 1
43 91 1
43 95 6
43 96 1
43 102 1
43 105 1
43 106 1
43 112 3
43 115 1
43 119 2
43 123 5
43 124 1
43 127 1
43 128 1
43 132 1
43 140 4
43 141 1
43 142 1
43 146 7
43 155 1
43 156 2
43 160 3
43 166 2
43 170 1
43 171 2
43 172 5
43 174 7
43 175 3
43 177 1
43 178 2
43 180 5
43 181 6
43 182 7
43 185 1
43 188 1
43 189 6
43 191 1
43 192 2
43 193 1
43 200 1
43 201 1
43 203 1
43 204 4
43 205 1
43 208 1
43 209 4
43 213 2
43 221 3
43 223 2
43 231 3
43 235 1
43 236 1
43 237 1
43 245 2
43 247 1
43 250 5
43 255 2
43 259 3
43 262 1
43 264 1
43 270 1
43 272 6
43 278 1
43 280 1
43 282 1
43 284 1
43 286 1
43 293 3
43 294 1
43 302 2
43 309 1
43 312 1
43 314 1
43 329 2
43 343 2
43 344 1
43 345 1
43 366 1
43 385 2
43 391 1
43 402 3
43 407 1
43 410 3
43 414 1
43 418 17
43 420 2
43 421 1
43 423 2
43 428 5
43 433 2
43 436 3
43 438 1
43 440 1
43 449 1
43 452 1
43 454 2
43 455 2
43 458 1
43 460 1
43 462 1
43 463 1
43 468 1
43 476 5
43 477 1
43 478 2
43 482 1
43 487 1
43 488 1
43 489 1
43 499 1
43 505 1
43 510 1
43 522 1
43 523 1
43 528 3
43 563 3
43 577 1
43 579 2
43 614 1
43 644 1
43 652 1
43 667 1
43 675 1
43 695 4
43 697 1
43 708 2
43 717 3
43 729 1
43 730 1
43 737 1
43 749 2
43 783 1
43 799 1
43 802 2
43 811 3
43 834 1
43 842 1
43 854 1
43 876 1
43 880 1
43 888 1
43 890 1
43 893 2
43 907 2
43 911 5
43 914 2
43 917 1
43 925 1
43 932 1
43 939 1
43 959 1
43 1053 1
43 1056 1
43 1103 1
43 1109 1
43 1173 1
43 1208 6
43 1209 2
43 1215 1
43 1233 1
43 1286 2
43 1287 1
43 1290 2
43 1296 2
43 1301 1
43 1302 1
43 1308 1
43 1310 1
43 1312 1
43 1317 1
43 1318 1
43 1325 2
43 1327 1
43 1386 1
43 1403 1
43 1423 1
43 1424 1
43 1430 1
43 1433 1
43 1438 1
43 1439 2
43 1447 1
43 1448 1
43 1468 1
43 1482 1
43 1488 2
43 1594 1
43 1640 2
43 1641 1
43 1642 2
43 1643 1
43 1644 1
43 1645 2
43 1646 1
43 1647 1
43 1648 2
43 1649 1
43 1650 1
43 1651 1
43 1652 3
44 14 3
44 15 7
44 16 1
44 28 2
44 35 2
44 40 4
44 41 1
44 50 2
44 53 7
44 54 2
44 57 1
44 64 1
44 72 3
44 77 4
44 84 1
44 85 2
44 91 3
44 93 1
44 102 1
44 106 1
44 112 2
44 127 2
44 146 6
44 156 3
44 158 7
44 166 3
44 171 3
44 172 2
44 178 2
44 181 2
44 189 1
44 192 2
44 194 2
44 197 2
44 198 3
44 199 7
44 200 1
44 201 1
44 202 1
44 203 3
44 204 1
44 205 1
44 206 2
44 208 1
44 209 2
44 213 2
44 215 1
44 216 1
44 220 1
44 221 3
44 223 2
44 227 1
44 231 1
44 232 3
44 233 1
44 235 1
44 236 1
44 238 1
44 240 1
44 241 1
44 244 2
44 245 3
44 249 1
44 250 1
44 251 1
44 252 1
44 255 1
44 256 2
44 259 1
44 261 1
44 268 1
44 271 1
44 272 1
44 279 1
44 282 1
44 299 1
44 303 1
44 306 3
44 310 1
44 330 1
44 337 1
44 357 1
44 359 1
44 360 1
44 371 4
44 374 3
44 375 1
44 379 1
44 382 1
44 387 1
44 389 1
44 390 1
44 403 1
44 407 1
44 409 1
44 418 1
44 437 1
44 466 1
44 475 1
44 489 9
44 490 2
44 499 1
44 506 1
44 579 1
44 628 3
44 672 1
44 675 1
44 680 1
44 683 1
44 685 1
44 687 1
44 705 1
44 708 1
44 717 1
44 719 5
44 733 1
44 739 1
44 745 1
44 775 1
44 783 1
44 791 1
44 847 1
44 935 2
44 1056 1
44 1158 1
44 1208 2
44 1218 2
44 1337 1
44 1374 1
44 1375 1
44 1407 3
44 1418 2
44 1475 1
44 1562 1
44 1631 1
44 1644 1
44 1653 1
44 1654 1
44 1655 1
44 1656 1
44 1657 1
44 1658 1
44 1659 1
44 1660 1
44 1661 1
44 1662 1
44 1663 1
44 1664 1
44 1665 5
44 1666 1
44 1667 1
44 1668 1
44 1669 1
44 1670 1
44 1671 1
44 1672 2
44 1673 1
44 1674 1
44 1675 1
44 1676 1
45 2 1
45 3 1
45 10 4
45 14 1
45 15 3
45 45 1
45 50 1
45 56 1
45 60 11
45 84 7
45 105 2
45 106 1
45 108 1
45 111 1
45 119 1
45 143 1
45 152 1
45 164 1
45 172 1
45 178 2
45 180 1
45 181 1
45 182 2
45 185 1
45 189 2
45 193 1
45 200 1
45 216 1
45 239 1
45 251 1
45 261 1
45 262 1
45 302 1
45 316 1
45 391 1
45 433 1
45 437 1
45 503 2
45 528 2
45 605 1
45 616 1
45 677 1
45 682 1
45 744 1
45 755 2
45 769 1
45 817 1
45 825 1
45 904 1
45 941 1
45 962 1
45 1190 1
45 1216 1
45 1503 1
45 1508 2
45 1595 1
45 1677 1
45 1678 3
45 1679 1
45 1680 1
45 1681 2
45 1682 1
45 1683 1
46 2 3
46 10 4
46 12 2
46 14 3
46 15 8
46 19 1
46 34 2
46 35 3
46 40 2
46 41 1
46 48 4
46 52 1
46 53 4
46 54 2
46 57 1
46 64 1
46 72 2
46 75 1
46 76 1
46 91 1
46 105 1
46 106 1
46 109 2
46 119 1
46 130 1
46 139 8
46 140 1
46 141 2
46 145 1
46 155 1
46 156 1
46 161 2
46 164 1
46 166 2
46 172 5
46 173 1
46 174 4
46 175 1
46 177 1
46 182 2
46 184 1
46 189 1
46 200 1
46 201 2
46 202 1
46 211 1
46 221 5
46 243 5
46 245 4
46 247 1
46 250 4
46 254 1
46 262 1
46 277 1
46 287 1
46 289 1
46 299 1
46 316 1
46 338 1
46 354 1
46 363 2
46 368 1
46 369 1
46 371 2
46 377 2
46 384 1
46 428 1
46 433 2
46 435 2
46 437 1
46 448 1
46 462 5
46 466 1
46 473 1
46 478 2
46 489 2
46 491 1
46 492 1
46 494 2
46 510 1
46 523 2
46 537 1
46 548 1
46 563 1
46 577 1
46 580 1
46 597 1
46 623 1
46 643 1
46 652 1
46 682 3
46 712 1
46 719 2
46 722 21
46 739 1
46 746 2
46 749 3
46 769 1
46 793 3
46 807 4
46 840 1
46 873 1
46 891 1
46 911 1
46 954 1
46 975 1
46 1014 1
46 1030 1
46 1103 1
46 1161 5
46 1213 1
46 1249 1
46 1290 5
46 1307 3
46 1308 1
46 1325 5
46 1390 2
46 1412 2
46 1427 1
46 1545 1
46 1566 1
46 1593 1
46 1684 3
46 1685 1
46 1686 10
46 1687 1
46 1688 1
46 1689 1
46 1690 1
46 1691 1
46 1692 1
46 1693 1
46 1694 1
46 1695 1
46 1696 1
46 1697 2
46 1698 1
46 1699 1
46 1700 1
46 1701 2
46 1702 1
46 1703 1
46 1704 1
47 10 2
47 12 2
47 14 4
47 26 2
47 40 2
47 41 2
47 48 1
47 52 1
47 53 2
47 54 2
47 55 1
47 57 1
47 70 2
47 72 2
47 75 3
47 76 1
47 84 1
47 91 1
47 105 8
47 106 1
47 139 5
47 140 2
47 141 4
47 142 2
47 145 1
47 155 6
47 156 1
47 158 1
47 162 1
47 172 4
47 174 7
47 175 1
47 176 1
47 177 1
47 181 2
47 182 3
47 189 2
47 191 1
47 193 1
47 201 2
47 202 2
47 208 1
47 211 3
47 215 1
47 221 5
47 229 2
47 234 1
47 243 8
47 245 5
47 250 3
47 262 2
47 263 1
47 277 1
47 283 1
47 284 1
47 287 5
47 289 15
47 319 2
47 344 1
47 346 1
47 363 4
47 366 1
47 368 1
47 369 1
47 371 9
47 377 2
47 382 1
47 384 2
47 385 1
47 401 1
47 428 1
47 433 2
47 435 2
47 437 1
47 448 2
47 462 6
47 466 1
47 478 4
47 489 6
47 491 1
47 492 3
47 494 3
47 506 1
47 510 1
47 523 1
47 537 2
47 548 2
47 563 1
47 580 1
47 623 1
47 626 1
47 628 2
47 634 1
47 643 1
47 651 1
47 652 1
47 653 1
47 682 1
47 685 3
47 687 1
47 693 1
47 710 1
47 719 1
47 722 14
47 737 1
47 739 1
47 749 3
47 757 1
47 762 1
47 769 1
47 784 6
47 787 1
47 793 2
47 807 8
47 829 1
47 840 1
47 873 1
47 926 2
47 975 1
47 987 1
47 1014 1
47 1017 1
47 1030 2
47 1086 1
47 1141 1
47 1161 1
47 1203 1
47 1207 2
47 1249 2
47 1270 1
47 1290 6
47 1307 4
47 1325 6
47 1362 1
47 1407 1
47 1412 2
47 1423 1
47 1533 2
47 1684 2
47 1685 3
47 1686 31
47 1691 1
47 1692 1
47 1696 2
47 1697 1
47 1701 6
47 1704 3
47 1705 1
47 1706 1
47 1707 1
47 1708 1
47 1709 1
47 1710 1
47 1711 1
47 1712 1
47 1713 1
47 1714 1
47 1715 1
47 1716 1
47 1717 1
47 1718 1
47 1719 1
47 1720 2
47 1721 1
47 1722 2
47 1723 1
47 1724 1
47 1725 1
47 1726 1
47 1727 1
47 1728 1
48 2 3
48 3 2
48 14 3
48 15 3
48 43 1
48 54 1
48 84 1
48 86 1
48 95 3
48 105 1
48 106 1
48 120 1
48 126 2
48 155 7
48 172 4
48 175 2
48 181 1
48 189 6
48 193 1
48 200 1
48 209 1
48 216 1
48 221 1
48 225 1
48 237 1
48 239 1
48 244 1
48 255 7
48 285 1
48 293 1
48 316 1
48 341 1
48 342 1
48 343 1
48 350 1
48 391 1
48 407 1
48 428 1
48 433 2
48 468 2
48 494 1
48 523 1
48 662 1
48 703 1
48 783 2
48 826 1
48 863 1
48 893 1
48 909 1
48 1065 1
48 1074 1
48 1171 1
48 1208 1
48 1237 1
48 1482 3
48 1587 3
48 1589 1
48 1729 1
48 1730 1
48 1731 1
48 1732 1
48 1733 1
48 1734 1
48 1735 1
49 2 1
49 3 1
49 7 1
49 14 4
49 15 1
49 19 1
49 32 1
49 54 1
49 95 1
49 106 1
49 120 1
49 130 1
49 139 1
49 148 1
49 155 6
49 172 3
49 175 2
49 189 7
49 193 1
49 200 1
49 216 1
49 237 1
49 239 1
49 285 1
49 293 1
49 311 1
49 316 1
49 342 1
49 349 1
49 428 1
49 433 2
49 468 2
49 506 1
49 628 8
49 662 1
49 703 1
49 826 1
49 863 1
49 893 1
49 909 1
49 979 1
49 1065 2
49 1171 1
49 1208 1
49 1237 1
49 1482 2
49 1587 2
49 1589 1
49 1729 1
49 1731 1
49 1732 1
49 1733 1
49 1735 1
49 1736 1
49 1737 2
49 1738 1
50 2 2
50 14 1
50 84 1
50 99 1
50 102 1
50 106 1
50 116 2
50 137 2
50 181 3
50 184 1
50 200 1
50 203 1
50 209 2
50 235 2
50 250 5
50 289 7
50 299 2
50 308 1
50 343 1
50 407 1
50 423 1
50 433 3
50 437 1
50 462 1
50 541 2
50 558 1
50 579 1
50 662 1
50 665 1
50 695 1
50 721 1
50 793 3
50 801 1
50 862 1
50 891 2
50 919 1
50 956 12
50 988 1
50 1018 5
50 1098 1
50 1161 5
50 1233 1
50 1308 1
50 1390 1
50 1566 1
50 1581 1
50 1629 1
50 1739 16
50 1740 1
50 1741 2
50 1742 1
50 1743 1
50 1744 1
50 1745 2
50 1746 6
50 1747 3
50 1748 1
51 1 3
51 3 3
51 10 5
51 14 5
51 19 1
51 26 1
51 27 2
51 35 5
51 45 1
51 46 5
51 50 1
51 56 1
51 63 1
51 72 1
51 74 1
51 77 4
51 84 2
51 91 1
51 105 5
51 106 1
51 108 2
51 112 4
51 114 1
51 116 3
51 127 2
51 128 1
51 133 1
51 137 2
51 140 2
51 142 1
51 146 3
51 148 1
51 152 1
51 171 2
51 172 4
51 176 3
51 178 1
51 180 2
51 181 3
51 182 1
51 191 1
51 200 1
51 201 1
51 203 1
51 208 1
51 209 3
51 213 2
51 221 8
51 229 1
51 241 1
51 243 2
51 247 1
51 248 2
51 250 7
51 251 1
51 258 1
51 259 1
51 261 3
51 262 2
51 268 1
51 272 1
51 278 2
51 283 2
51 287 6
51 289 7
51 293 1
51 302 1
51 311 1
51 314 1
51 315 1
51 316 1
51 321 2
51 329 2
51 337 1
51 358 1
51 360 1
51 363 1
51 366 2
51 369 1
51 371 1
51 381 1
51 389 1
51 391 2
51 401 1
51 407 1
51 414 2
51 418 2
51 433 2
51 489 1
51 491 1
51 499 1
51 522 1
51 543 4
51 597 1
51 618 1
51 626 1
51 628 1
51 634 1
51 669 1
51 672 1
51 677 5
51 708 1
51 730 1
51 737 1
51 746 1
51 749 1
51 755 2
51 756 1
51 777 3
51 780 1
51 783 8
51 792 2
51 801 1
51 826 1
51 829 1
51 834 1
51 850 1
51 880 1
51 891 2
51 900 1
51 902 1
51 911 2
51 919 1
51 923 2
51 937 2
51 954 1
51 959 1
51 971 25
51 978 12
51 987 4
51 1006 1
51 1019 2
51 1023 2
51 1119 1
51 1204 2
51 1209 1
51 1212 2
51 1233 1
51 1240 1
51 1281 1
51 1290 3
51 1316 1
51 1353 1
51 1354 2
51 1355 1
51 1362 1
51 1367 1
51 1374 2
51 1381 1
51 1389 1
51 1390 1
51 1407 2
51 1418 2
51 1427 1
51 1437 1
51 1508 1
51 1536 1
51 1566 5
51 1593 8
51 1627 1
51 1680 2
51 1697 4
51 1749 1
51 1750 1
51 1751 1
51 1752 1
51 1753 2
51 1754 1
51 1755 1
51 1756 1
51 1757 1
51 1758 1
51 1759 2
51 1760 1
51 1761 2
51 1762 1
51 1763 6
51 1764 1
51 1765 1
51 1766 2
51 1767 1
52 1 1
52 2 1
52 3 1
52 10 3
52 14 7
52 15 5
52 26 3
52 32 2
52 40 2
52 45 1
52 53 1
52 54 3
52 57 1
52 58 1
52 72 2
52 77 1
52 84 1
52 91 1
52 102 2
52 106 1
52 109 3
52 112 1
52 113 4
52 127 1
52 138 1
52 140 2
52 141 6
52 142 10
52 143 1
52 146 1
52 156 2
52 162 1
52 166 1
52 170 1
52 172 13
52 174 3
52 176 1
52 180 3
52 181 4
52 189 6
52 200 1
52 201 4
52 208 1
52 211 1
52 234 2
52 237 1
52 239 5
52 242 1
52 244 1
52 256 1
52 261 2
52 270 1
52 291 1
52 306 2
52 310 1
52 312 2
52 314 1
52 338 1
52 339 1
52 358 5
52 360 2
52 377 1
52 391 1
52 404 1
52 437 1
52 440 1
52 462 2
52 478 1
52 480 1
52 510 1
52 515 1
52 563 2
52 609 1
52 622 2
52 628 6
52 707 1
52 768 1
52 795 2
52 800 1
52 826 1
52 847 1
52 864 1
52 866 1
52 888 2
52 906 1
52 910 1
52 911 1
52 917 1
52 923 2
52 956 9
52 961 1
52 973 3
52 978 10
52 989 1
52 1084 1
52 1138 1
52 1140 2
52 1142 5
52 1215 1
52 1266 2
52 1374 2
52 1382 1
52 1389 1
52 1404 1
52 1407 2
52 1408 2
52 1413 3
52 1417 2
52 1418 2
52 1419 1
52 1422 1
52 1526 1
52 1532 1
52 1673 1
52 1701 6
52 1768 1
52 1769 1
52 1770 1
52 1771 1
52 1772 1
52 1773 1
52 1774 1
52 1775 1
52 1776 1
52 1777 2
52 1778 1
52 1779 1
52 1780 1
52 1781 2
52 1782 1
52 1783 1
52 1784 1
53 2 1
53 10 1
53 14 1
53 15 3
53 26 2
53 27 1
53 32 1
53 35 4
53 48 2
53 56 1
53 77 2
53 86 1
53 105 2
53 109 1
53 112 1
53 121 1
53 137 1
53 138 1
53 142 1
53 146 1
53 155 2
53 172 6
53 173 2
53 175 1
53 181 1
53 189 4
53 193 1
53 208 1
53 209 23
53 221 1
53 229 2
53 235 2
53 242 1
53 250 8
53 251 1
53 254 1
53 255 2
53 261 2
53 270 4
53 275 1
53 289 6
53 338 1
53 343 1
53 360 1
53 363 1
53 381 1
53 384 1
53 388 1
53 407 1
53 412 1
53 418 2
53 428 1
53 437 2
53 440 2
53 491 3
53 505 1
53 510 1
53 539 1
53 586 1
53 589 1
53 693 1
53 734 1
53 792 1
53 793 3
53 862 1
53 954 1
53 956 3
53 1008 1
53 1191 1
53 1203 1
53 1218 1
53 1229 1
53 1240 2
53 1360 1
53 1363 1
53 1372 1
53 1437 2
53 1535 1
53 1566 2
53 1587 1
53 1593 1
53 1691 1
53 1701 1
53 1746 1
53 1747 7
53 1766 3
53 1785 1
53 1786 1
53 1787 2
53 1788 1
53 1789 1
53 1790 1
53 1791 1
53 1792 1
53 1793 1
53 1794 1
53 1795 1
53 1796 1
53 1797 1
54 2 1
54 10 2
54 14 4
54 15 3
54 50 1
54 54 2
54 76 1
54 84 2
54 105 6
54 106 1
54 111 1
54 113 1
54 143 1
54 172 4
54 178 1
54 181 2
54 200 1
54 226 1
54 237 1
54 341 2
54 382 1
54 407 3
54 418 6
54 430 1
54 437 1
54 626 1
54 795 1
54 1125 1
54 1215 1
54 1233 1
54 1264 1
54 1449 5
54 1473 1
54 1480 1
54 1487 1
54 1571 1
54 1579 1
54 1732 3
55 1 4
55 2 1
55 3 1
55 10 5
55 14 6
55 15 12
55 16 2
55 19 1
55 25 1
55 28 2
55 40 3
55 42 4
55 48 1
55 49 4
55 50 3
55 52 1
55 53 2
55 54 3
55 57 1
55 61 1
55 72 2
55 76 2
55 77 2
55 84 1
55 85 9
55 87 1
55 91 1
55 95 1
55 96 1
55 106 1
55 109 3
55 112 1
55 114 1
55 118 1
55 121 1
55 123 1
55 127 2
55 128 1
55 130 1
55 132 1
55 133 1
55 139 5
55 142 2
55 145 2
55 146 4
55 148 1
55 155 1
55 156 1
55 158 3
55 160 1
55 161 1
55 163 1
55 164 1
55 166 3
55 170 2
55 171 5
55 172 7
55 174 8
55 175 1
55 177 1
55 178 3
55 181 7
55 182 4
55 183 1
55 184 1
55 189 3
55 191 1
55 192 1
55 193 2
55 200 1
55 204 21
55 205 1
55 209 1
55 213 1
55 216 1
55 219 2
55 223 2
55 229 1
55 231 2
55 232 9
55 235 1
55 236 1
55 240 1
55 245 3
55 257 1
55 258 4
55 259 1
55 262 1
55 272 2
55 282 1
55 284 1
55 299 1
55 305 1
55 314 2
55 316 1
55 321 1
55 329 4
55 335 1
55 342 1
55 343 1
55 345 2
55 354 1
55 358 3
55 371 4
55 385 1
55 391 2
55 402 1
55 410 4
55 412 1
55 418 1
55 428 1
55 433 3
55 437 1
55 438 1
55 449 1
55 454 1
55 463 2
55 480 1
55 486 1
55 489 1
55 490 1
55 491 1
55 495 2
55 506 1
55 529 1
55 537 1
55 553 1
55 562 1
55 563 1
55 652 1
55 677 1
55 690 1
55 692 1
55 694 2
55 717 7
55 719 1
55 735 1
55 749 1
55 781 1
55 783 1
55 791 1
55 807 1
55 815 1
55 816 2
55 822 1
55 839 4
55 848 1
55 861 1
55 863 2
55 870 1
55 871 1
55 886 1
55 887 1
55 889 1
55 894 1
55 911 2
55 915 1
55 927 1
55 931 1
55 947 1
55 956 1
55 974 1
55 978 1
55 1032 1
55 1044 1
55 1093 1
55 1098 1
55 1124 1
55 1153 1
55 1192 1
55 1203 1
55 1218 1
55 1232 1
55 1246 1
55 1287 2
55 1291 1
55 1316 1
55 1318 1
55 1428 1
55 1454 1
55 1476 2
55 1485 1
55 1571 1
55 1572 1
55 1582 1
55 1592 12
55 1622 4
55 1640 2
55 1649 1
55 1652 1
55 1678 1
55 1703 1
55 1798 1
55 1799 2
55 1800 2
55 1801 1
55 1802 1
55 1803 1
55 1804 1
55 1805 1
55 1806 1
55 1807 1
55 1808 1
55 1809 1
55 1810 1
55 1811 1
55 1812 1
55 1813 1
55 1814 2
55 1815 1
55 1816 1
55 1817 1
55 1818 3
55 1819 1
55 1820 1
55 1821 1
55 1822 1
55 1823 1
55 1824 1
55 1825 1
55 1826 1
56 3 1
56 10 1
56 14 4
56 15 1
56 23 2
56 26 1
56 35 3
56 37 2
56 41 1
56 45 1
56 48 1
56 50 1
56 53 1
56 56 1
56 75 1
56 96 1
56 105 2
56 106 1
56 108 1
56 111 1
56 130 1
56 141 1
56 142 7
56 143 1
56 148 1
56 161 1
56 164 1
56 171 2
56 172 6
56 173 1
56 174 1
56 178 3
56 182 2
56 200 1
56 220 2
56 221 1
56 251 1
56 285 1
56 289 4
56 319 1
56 341 8
56 343 1
56 345 1
56 377 1
56 383 1
56 407 1
56 418 8
56 423 1
56 433 5
56 435 1
56 437 1
56 440 1
56 487 1
56 492 1
56 494 1
56 506 1
56 517 1
56 537 1
56 559 1
56 597 3
56 634 1
56 652 1
56 662 1
56 692 1
56 727 3
56 745 1
56 880 1
56 903 1
56 907 1
56 980 1
56 987 1
56 1020 1
56 1053 1
56 1094 1
56 1142 1
56 1174 1
56 1216 1
56 1231 1
56 1233 1
56 1237 1
56 1264 1
56 1328 1
56 1482 2
56 1488 1
56 1627 1
56 1678 1
56 1709 1
56 1816 1
56 1827 2
56 1828 1
56 1829 1
56 1830 1
56 1831 1
56 1832 2
56 1833 1
56 1834 1
56 1835 1
56 1836 1
56 1837 1
56 1838 1
56 1839 1
57 3 1
57 6 1
57 12 2
57 13 1
57 14 7
57 28 1
57 34 2
57 50 1
57 60 1
57 66 1
57 73 1
57 77 1
57 94 1
57 108 1
57 111 1
57 142 2
57 143 1
57 146 4
57 172 1
57 178 1
57 181 2
57 182 1
57 193 3
57 209 3
57 211 1
57 221 1
57 235 1
57 249 1
57 289 4
57 296 4
57 343 1
57 358 1
57 389 1
57 418 1
57 435 1
57 437 2
57 485 1
57 533 1
57 541 1
57 558 1
57 573 2
57 579 1
57 634 1
57 651 2
57 653 1
57 668 1
57 688 1
57 729 1
57 731 1
57 770 1
57 792 1
57 793 1
57 891 5
57 915 2
57 956 7
57 1076 1
57 1086 1
57 1091 2
57 1093 11
57 1109 1
57 1229 1
57 1442 1
57 1745 1
57 1747 5
57 1785 2
57 1840 1
57 1841 1
57 1842 1
57 1843 1
57 1844 1
57 1845 1
57 1846 1
58 10 1
58 14 2
58 15 4
58 32 3
58 35 8
58 50 1
58 53 1
58 60 1
58 77 1
58 85 8
58 99 1
58 102 1
58 111 1
58 120 2
58 143 1
58 148 1
58 161 1
58 168 1
58 172 5
58 178 2
58 181 2
58 182 2
58 188 1
58 193 1
58 201 2
58 221 1
58 248 4
58 281 2
58 302 1
58 311 1
58 313 1
58 330 2
58 338 1
58 343 1
58 358 2
58 360 1
58 401 2
58 402 1
58 403 1
58 418 1
58 437 1
58 485 1
58 555 1
58 579 1
58 637 2
58 668 1
58 705 1
58 708 1
58 712 1
58 717 1
58 730 1
58 787 1
58 803 1
58 835 1
58 880 1
58 903 1
58 905 1
58 910 2
58 923 4
58 937 1
58 1057 1
58 1104 1
58 1109 1
58 1161 1
58 1180 1
58 1261 1
58 1269 2
58 1286 1
58 1306 1
58 1736 1
58 1847 1
58 1848 1
58 1849 1
58 1850 1
58 1851 1
59 10 2
59 14 2
59 18 1
59 32 1
59 50 1
59 77 1
59 109 1
59 111 1
59 112 1
59 141 1
59 142 4
59 143 1
59 146 1
59 178 2
59 181 2
59 182 1
59 192 1
59 201 1
59 204 1
59 205 1
59 223 2
59 245 1
59 251 1
59 289 3
59 316 1
59 341 3
59 390 1
59 418 1
59 426 1
59 437 2
59 491 1
59 519 1
59 543 1
59 554 1
59 896 1
59 926 1
59 1086 1
59 1169 1
59 1174 1
59 1208 1
59 1210 1
59 1229 1
59 1387 1
59 1389 1
59 1395 1
59 1747 2
59 1852 1
59 1853 1
59 1854 1
60 2 1
60 10 6
60 14 1
60 43 1
60 51 2
60 53 1
60 56 1
60 58 1
60 79 1
60 84 6
60 106 1
60 108 1
60 113 1
60 127 1
60 140 1
60 142 1
60 149 5
60 160 1
60 172 1
60 175 1
60 181 1
60 189 2
60 200 1
60 208 1
60 209 3
60 213 1
60 221 1
60 239 2
60 251 1
60 259 1
60 268 1
60 289 6
60 341 1
60 345 1
60 360 1
60 369 1
60 377 2
60 385 1
60 418 10
60 426 1
60 437 2
60 510 1
60 563 1
60 624 2
60 631 1
60 703 2
60 722 2
60 744 1
60 756 1
60 878 1
60 900 1
60 923 1
60 927 1
60 1146 1
60 1249 1
60 1341 1
60 1354 1
60 1363 1
60 1416 1
60 1449 8
60 1487 1
60 1714 1
60 1751 1
60 1855 2
60 1856 1
60 1857 1
60 1858 1
61 2 2
61 3 1
61 14 5
61 35 4
61 77 1
61 84 2
61 106 1
61 109 1
61 114 1
61 126 1
61 130 1
61 146 1
61 149 1
61 160 1
61 161 1
61 164 1
61 172 1
61 175 1
61 176 1
61 208 1
61 209 3
61 251 1
61 259 2
61 261 2
61 289 7
61 313 1
61 341 1
61 437 5
61 467 1
61 474 1
61 481 1
61 491 3
61 498 1
61 501 1
61 532 4
61 540 3
61 541 3
61 562 1
61 634 1
61 757 1
61 793 2
61 801 1
61 854 1
61 891 1
61 1003 1
61 1208 1
61 1227 1
61 1240 1
61 1249 1
61 1252 1
61 1341 1
61 1693 1
61 1746 2
61 1859 1
61 1860 1
61 1861 2
61 1862 1
61 1863 1
61 1864 1
61 1865 1
62 10 2
62 14 3
62 24 1
62 25 1
62 48 2
62 75 1
62 77 1
62 84 3
62 86 1
62 91 3
62 92 1
62 105 1
62 106 1
62 109 16
62 114 2
62 115 2
62 119 1
62 126 2
62 138 2
62 144 1
62 146 1
62 149 1
62 152 1
62 154 1
62 156 1
62 157 1
62 172 5
62 173 1
62 175 2
62 176 8
62 187 1
62 193 1
62 200 1
62 209 1
62 213 1
62 215 1
62 259 1
62 268 1
62 270 1
62 289 6
62 293 1
62 313 1
62 334 1
62 437 1
62 444 1
62 490 1
62 491 3
62 519 1
62 522 1
62 523 1
62 532 4
62 552 1
62 602 1
62 626 1
62 634 1
62 729 1
62 737 1
62 793 1
62 801 1
62 824 1
62 826 1
62 871 1
62 875 1
62 1010 1
62 1018 2
62 1059 1
62 1062 1
62 1120 1
62 1140 1
62 1182 1
62 1215 1
62 1246 1
62 1254 1
62 1261 1
62 1276 1
62 1543 1
62 1686 1
62 1701 1
62 1745 1
62 1864 1
62 1866 1
62 1867 1
62 1868 1
62 1869 1
62 1870 1
62 1871 1
62 1872 1
62 1873 1
62 1874 1
62 1875 2
62 1876 2
62 1877 1
63 2 1
63 3 5
63 10 7
63 14 2
63 15 1
63 18 1
63 23 7
63 27 1
63 32 1
63 48 8
63 50 1
63 51 3
63 53 1
63 56 1
63 58 2
63 63 1
63 72 3
63 73 1
63 75 1
63 77 2
63 91 2
63 93 12
63 95 2
63 101 1
63 102 1
63 105 1
63 106 1
63 112 1
63 113 1
63 119 1
63 126 1
63 128 1
63 133 1
63 146 3
63 156 3
63 171 1
63 172 2
63 173 1
63 174 2
63 181 2
63 188 1
63 191 2
63 192 2
63 193 1
63 202 1
63 203 4
63 204 1
63 205 1
63 221 1
63 223 2
63 231 1
63 235 2
63 245 2
63 247 1
63 248 1
63 250 2
63 287 2
63 289 4
63 299 1
63 311 1
63 343 1
63 354 3
63 363 5
63 364 1
63 366 2
63 371 1
63 382 1
63 383 1
63 385 1
63 389 1
63 418 2
63 420 2
63 423 5
63 428 1
63 437 1
63 448 2
63 492 2
63 508 1
63 543 1
63 637 1
63 674 2
63 675 3
63 693 1
63 701 1
63 703 3
63 705 1
63 708 2
63 757 1
63 787 2
63 794 1
63 801 1
63 829 2
63 891 1
63 911 3
63 955 1
63 975 1
63 1065 1
63 1125 1
63 1186 2
63 1208 2
63 1227 1
63 1249 1
63 1309 1
63 1327 1
63 1349 1
63 1353 1
63 1435 3
63 1510 1
63 1566 1
63 1569 1
63 1578 1
63 1579 1
63 1581 1
63 1648 1
63 1878 1
63 1879 1
63 1880 1
63 1881 1
63 1882 1
63 1883 1
63 1884 4
63 1885 1
63 1886 1
63 1887 1
63 1888 1
64 3 3
64 10 4
64 14 15
64 15 2
64 19 1
64 21 2
64 28 1
64 32 1
64 35 1
64 40 4
64 53 1
64 54 3
64 56 1
64 66 2
64 70 2
64 72 1
64 77 3
64 78 2
64 96 3
64 102 4
64 105 1
64 106 1
64 109 2
64 113 1
64 115 3
64 121 1
64 124 1
64 126 1
64 139 1
64 142 1
64 146 5
64 153 1
64 160 1
64 161 1
64 171 13
64 172 2
64 174 11
64 175 5
64 177 3
64 178 1
64 181 5
64 182 8
64 184 1
64 191 4
64 193 3
64 208 2
64 212 1
64 213 1
64 215 1
64 216 7
64 225 2
64 238 3
64 239 1
64 240 1
64 241 6
64 250 1
64 259 1
64 261 2
64 266 1
64 273 2
64 286 1
64 293 1
64 296 8
64 299 6
64 305 3
64 317 1
64 319 1
64 320 2
64 321 1
64 326 1
64 342 1
64 343 1
64 345 1
64 371 1
64 381 1
64 389 1
64 402 1
64 407 1
64 410 1
64 413 1
64 433 1
64 437 1
64 438 1
64 449 29
64 460 1
64 467 1
64 470 1
64 480 7
64 481 1
64 489 1
64 499 1
64 517 2
64 529 1
64 532 2
64 573 1
64 579 1
64 615 7
64 626 1
64 628 1
64 634 1
64 650 1
64 652 1
64 662 3
64 668 1
64 691 1
64 707 1
64 710 1
64 749 2
64 774 1
64 783 1
64 787 1
64 791 1
64 795 4
64 799 1
64 801 1
64 807 1
64 816 1
64 913 1
64 916 3
64 970 1
64 1036 2
64 1052 21
64 1076 2
64 1094 1
64 1098 1
64 1106 1
64 1110 2
64 1134 1
64 1136 4
64 1145 1
64 1218 1
64 1228 1
64 1269 1
64 1307 1
64 1394 2
64 1436 4
64 1439 1
64 1448 1
64 1454 1
64 1460 1
64 1523 1
64 1526 2
64 1562 1
64 1628 9
64 1640 3
64 1646 1
64 1678 1
64 1707 2
64 1727 1
64 1736 1
64 1784 8
64 1840 1
64 1864 1
64 1889 1
64 1890 1
64 1891 1
64 1892 1
64 1893 1
64 1894 1
64 1895 5
64 1896 1
64 1897 1
64 1898 1
64 1899 1
64 1900 1
64 1901 1
64 1902 1
64 1903 1
64 1904 2
64 1905 1
64 1906 1
64 1907 1
64 1908 1
64 1909 1
64 1910 1
65 3 1
65 8 1
65 10 4
65 14 1
65 15 3
65 27 1
65 39 1
65 50 3
65 56 1
65 64 1
65 85 1
65 106 1
65 111 1
65 120 1
65 127 1
65 143 1
65 162 1
65 164 1
65 172 2
65 178 1
65 182 1
65 189 1
65 191 3
65 200 1
65 204 1
65 220 1
65 221 1
65 225 1
65 238 1
65 245 1
65 255 2
65 273 2
65 299 1
65 311 1
65 360 2
65 428 1
65 432 1
65 437 1
65 438 3
65 453 1
65 455 1
65 460 10
65 461 2
65 489 1
65 510 1
65 554 1
65 563 1
65 622 1
65 634 1
65 672 1
65 812 3
65 834 1
65 935 1
65 966 1
65 1087 1
65 1093 2
65 1330 1
65 1360 1
65 1363 1
65 1574 1
65 1655 1
65 1911 1
65 1912 1
65 1913 3
65 1914 1
65 1915 1
66 2 2
66 3 1
66 14 2
66 15 7
66 32 2
66 41 1
66 53 1
66 56 1
66 58 1
66 72 1
66 73 1
66 84 3
66 86 2
66 109 4
66 118 1
66 119 2
66 155 3
66 172 3
66 181 1
66 182 1
66 214 1
66 221 1
66 237 1
66 248 2
66 251 2
66 305 1
66 358 1
66 371 1
66 384 1
66 480 1
66 488 1
66 489 4
66 491 1
66 494 3
66 548 1
66 618 1
66 628 2
66 692 2
66 731 2
66 734 2
66 776 1
66 792 1
66 891 1
66 916 1
66 956 2
66 1037 1
66 1057 1
66 1104 1
66 1224 1
66 1232 1
66 1258 1
66 1280 1
66 1363 1
66 1396 1
66 1423 1
66 1426 2
66 1427 1
66 1581 2
66 1678 1
66 1696 1
66 1736 1
66 1916 2
66 1917 1
66 1918 1
66 1919 4
66 1920 1
66 1921 1
66 1922 1
66 1923 1
67 1 1
67 14 1
67 35 4
67 53 1
67 60 1
67 72 1
67 84 3
67 86 1
67 106 1
67 127 1
67 155 2
67 172 1
67 181 1
67 188 1
67 191 1
67 200 1
67 208 1
67 221 1
67 247 1
67 248 2
67 250 4
67 277 1
67 280 1
67 285 1
67 289 4
67 358 1
67 361 1
67 371 3
67 377 1
67 382 1
67 466 2
67 489 2
67 506 1
67 677 1
67 755 1
67 775 1
67 807 1
67 814 1
67 826 1
67 864 1
67 923 2
67 956 1
67 964 3
67 1136 1
67 1330 1
67 1437 1
67 1620 1
67 1701 3
67 1755 2
67 1924 1
67 1925 2
67 1926 1
67 1927 1
67 1928 2
67 1929 1
67 1930 3
67 1931 1
67 1932 2
68 1 1
68 3 1
68 6 3
68 12 1
68 14 16
68 16 1
68 18 2
68 21 1
68 22 1
68 23 3
68 24 1
68 25 2
68 26 1
68 27 2
68 28 1
68 32 2
68 34 5
68 35 3
68 40 3
68 41 1
68 42 1
68 48 7
68 50 1
68 52 3
68 53 2
68 54 2
68 60 1
68 66 2
68 72 2
68 75 4
68 76 1
68 77 3
68 84 20
68 85 1
68 91 1
68 95 10
68 105 8
68 106 1
68 108 4
68 109 1
68 112 4
68 115 4
68 119 3
68 126 1
68 130 1
68 133 1
68 146 6
68 149 3
68 155 10
68 156 1
68 158 3
68 161 5
68 165 2
68 166 2
68 171 1
68 172 20
68 173 4
68 174 15
68 177 1
68 178 1
68 180 6
68 181 6
68 182 19
68 188 1
68 189 5
68 191 1
68 193 1
68 200 1
68 208 4
68 209 1
68 213 2
68 221 3
68 234 2
68 235 1
68 241 1
68 243 2
68 245 1
68 250 2
68 255 6
68 259 2
68 261 3
68 266 2
68 268 1
68 270 2
68 277 4
68 283 2
68 284 1
68 285 1
68 287 1
68 289 14
68 293 2
68 296 3
68 299 1
68 304 1
68 315 2
68 321 2
68 325 1
68 336 1
68 337 2
68 342 8
68 345 1
68 354 1
68 360 4
68 371 2
68 383 2
68 384 2
68 385 1
68 407 5
68 418 1
68 420 3
68 423 4
68 426 1
68 428 3
68 433 1
68 435 7
68 437 1
68 452 1
68 462 3
68 467 3
68 468 1
68 478 16
68 480 8
68 490 1
68 503 1
68 505 1
68 507 1
68 513 2
68 518 10
68 523 1
68 533 1
68 539 2
68 543 1
68 548 12
68 554 1
68 558 1
68 559 3
68 563 1
68 565 1
68 567 6
68 573 2
68 574 1
68 575 1
68 579 3
68 599 1
68 606 1
68 609 2
68 616 1
68 617 1
68 622 1
68 628 1
68 634 2
68 669 1
68 673 1
68 675 1
68 676 1
68 693 2
68 697 1
68 703 1
68 705 1
68 708 3
68 724 1
68 731 3
68 744 1
68 745 1
68 762 1
68 784 4
68 792 2
68 826 1
68 829 4
68 835 1
68 847 2
68 915 16
68 916 1
68 917 2
68 925 1
68 939 1
68 948 1
68 952 1
68 955 1
68 956 9
68 959 1
68 970 1
68 1003 1
68 1010 1
68 1063 1
68 1079 1
68 1094 1
68 1098 1
68 1109 3
68 1110 1
68 1143 4
68 1145 1
68 1160 1
68 1179 1
68 1193 2
68 1201 1
68 1218 1
68 1237 2
68 1290 2
68 1325 2
68 1338 1
68 1345 2
68 1354 2
68 1395 1
68 1470 1
68 1478 1
68 1486 1
68 1496 3
68 1510 1
68 1533 1
68 1543 1
68 1551 2
68 1566 1
68 1593 3
68 1596 1
68 1612 1
68 1632 1
68 1644 1
68 1652 1
68 1678 5
68 1700 1
68 1736 2
68 1743 2
68 1747 1
68 1751 2
68 1797 2
68 1802 1
68 1804 2
68 1814 3
68 1853 2
68 1878 3
68 1903 1
68 1913 1
68 1916 8
68 1933 1
68 1934 2
68 1935 1
68 1936 1
68 1937 1
68 1938 1
68 1939 1
68 1940 1
68 1941 2
68 1942 1
68 1943 2
68 1944 1
68 1945 1
68 1946 1
68 1947 1
68 1948 1
68 1949 1
68 1950 1
68 1951 1
68 1952 1
68 1953 1
68 1954 1
68 1955 1
68 1956 2
68 1957 2
68 1958 1
68 1959 4
68 1960 1
68 1961 1
68 1962 2
68 1963 4
68 1964 1
68 1965 1
68 1966 1
68 1967 12
68 1968 1
68 1969 3
68 1970 1
68 1971 1
68 1972 1
68 1973 1
68 1974 1
68 1975 1
68 1976 1
68 1977 1
68 1978 1
68 1979 1
68 1980 1
68 1981 1
68 1982 1
68 1983 5
68 1984 3
68 1985 1
68 1986 1
68 1987 1
68 1988 1
68 1989 1
68 1990 2
68 1991 1
68 1992 1
68 1993 1
68 1994 1
69 3 2
69 6 5
69 10 1
69 14 9
69 22 3
69 23 4
69 25 1
69 26 1
69 27 1
69 28 1
69 32 1
69 34 4
69 35 1
69 40 6
69 42 1
69 53 2
69 54 3
69 60 1
69 66 1
69 70 1
69 72 2
69 75 1
69 77 3
69 78 1
69 84 8
69 85 1
69 91 1
69 95 7
69 99 1
69 105 4
69 106 1
69 108 8
69 112 1
69 113 2
69 115 4
69 119 2
69 142 2
69 146 5
69 149 4
69 155 10
69 156 1
69 158 1
69 165 2
69 166 3
69 172 4
69 174 8
69 177 1
69 178 1
69 180 7
69 181 5
69 182 11
69 189 5
69 191 1
69 200 1
69 208 3
69 209 1
69 213 1
69 220 1
69 221 1
69 234 1
69 241 1
69 250 1
69 255 6
69 259 1
69 261 3
69 268 1
69 275 2
69 289 12
69 293 1
69 296 1
69 304 1
69 314 1
69 315 1
69 319 1
69 321 2
69 325 1
69 337 1
69 342 7
69 345 2
69 354 1
69 355 1
69 360 3
69 383 1
69 384 1
69 407 3
69 420 1
69 423 3
69 426 1
69 428 4
69 435 7
69 437 1
69 449 1
69 451 1
69 455 1
69 462 4
69 467 4
69 468 1
69 477 1
69 478 13
69 480 7
69 503 1
69 510 1
69 513 3
69 515 3
69 533 1
69 537 1
69 539 1
69 548 9
69 554 1
69 561 1
69 563 1
69 567 3
69 569 1
69 575 1
69 579 1
69 580 1
69 616 1
69 617 1
69 622 4
69 628 1
69 634 4
69 637 11
69 669 1
69 693 2
69 705 2
69 708 3
69 731 6
69 784 4
69 792 2
69 798 1
69 826 1
69 829 3
69 835 1
69 915 16
69 916 3
69 917 1
69 948 1
69 952 1
69 956 14
69 987 1
69 1001 1
69 1010 1
69 1017 1
69 1063 1
69 1079 1
69 1098 1
69 1143 1
69 1145 1
69 1160 1
69 1193 2
69 1233 2
69 1234 1
69 1290 2
69 1312 1
69 1320 1
69 1325 2
69 1353 1
69 1354 1
69 1426 1
69 1454 1
69 1478 1
69 1496 1
69 1510 1
69 1533 1
69 1543 1
69 1593 1
69 1644 1
69 1652 2
69 1678 1
69 1700 1
69 1731 1
69 1736 1
69 1747 1
69 1751 2
69 1763 4
69 1781 1
69 1814 3
69 1843 1
69 1853 2
69 1916 2
69 1934 2
69 1937 1
69 1939 1
69 1942 1
69 1949 1
69 1954 1
69 1959 4
69 1960 1
69 1961 1
69 1963 1
69 1964 1
69 1965 1
69 1967 7
69 1968 1
69 1969 2
69 1972 3
69 1978 1
69 1989 1
69 1992 1
69 1993 1
69 1995 1
69 1996 3
69 1997 1
69 1998 1
69 1999 8
69 2000 1
69 2001 1
69 2002 1
69 2003 1
69 2004 1
70 1 1
70 10 7
70 14 8
70 15 2
70 26 1
70 32 2
70 37 1
70 50 2
70 55 1
70 84 3
70 105 1
70 111 1
70 119 1
70 133 1
70 142 1
70 143 1
70 149 1
70 172 2
70 175 1
70 178 1
70 181 1
70 192 1
70 198 1
70 201 3
70 209 1
70 220 2
70 233 1
70 235 1
70 248 3
70 250 1
70 251 1
70 252 1
70 261 1
70 262 1
70 285 1
70 299 1
70 321 1
70 341 2
70 418 11
70 432 1
70 435 1
70 437 1
70 492 3
70 597 1
70 668 1
70 682 2
70 705 1
70 777 1
70 807 1
70 889 1
70 905 1
70 919 1
70 923 2
70 926 2
70 1014 1
70 1057 1
70 1104 1
70 1109 2
70 1306 1
70 1354 1
70 1368 1
70 1389 1
70 1426 1
70 1492 3
70 1687 1
70 2005 1
70 2006 1
70 2007 1
71 2 2
71 3 1
71 7 1
71 10 7
71 11 1
71 14 4
71 15 3
71 26 2
71 32 2
71 42 1
71 50 2
71 63 3
71 64 4
71 78 1
71 86 1
71 106 1
71 108 1
71 111 1
71 119 2
71 137 1
71 143 1
71 160 1
71 164 1
71 171 1
71 172 3
71 178 1
71 188 1
71 200 1
71 220 1
71 241 1
71 244 1
71 250 1
71 297 1
71 311 1
71 319 1
71 333 1
71 345 1
71 350 1
71 355 1
71 368 2
71 369 1
71 382 1
71 384 1
71 437 1
71 444 1
71 445 1
71 453 1
71 489 1
71 492 9
71 537 1
71 580 1
71 595 1
71 628 1
71 647 1
71 676 1
71 719 1
71 747 2
71 787 2
71 817 1
71 871 1
71 1050 1
71 1076 1
71 1161 2
71 1185 8
71 1353 1
71 1354 4
71 1508 1
71 2008 1
71 2009 1
71 2010 2
71 2011 1
71 2012 1
71 2013 1
71 2014 1
72 3 1
72 11 1
72 15 1
72 41 1
72 42 1
72 43 1
72 51 1
72 63 1
72 106 1
72 114 1
72 158 4
72 164 1
72 174 2
72 175 1
72 178 1
72 200 1
72 237 1
72 261 1
72 294 2
72 319 1
72 386 1
72 437 1
72 438 2
72 517 1
72 595 1
72 674 2
72 692 3
72 696 1
72 875 1
72 880 1
72 1186 2
72 1709 1
72 1849 1
72 1913 1
72 2015 1
72 2016 2
72 2017 1
72 2018 1
72 2019 1
72 2020 1
73 3 1
73 6 1
73 15 3
73 35 7
73 43 1
73 48 2
73 53 1
73 57 1
73 64 1
73 105 1
73 106 1
73 128 1
73 140 1
73 145 1
73 148 2
73 171 6
73 172 2
73 173 1
73 175 1
73 178 1
73 181 2
73 191 1
73 200 1
73 202 1
73 204 1
73 213 1
73 254 1
73 258 1
73 259 1
73 269 1
73 273 1
73 286 1
73 314 1
73 345 1
73 351 1
73 377 2
73 391 2
73 398 1
73 410 2
73 412 2
73 418 8
73 437 1
73 460 1
73 480 1
73 556 9
73 589 1
73 634 1
73 650 2
73 705 1
73 744 1
73 815 2
73 834 1
73 864 2
73 907 1
73 911 2
73 931 3
73 934 2
73 1124 1
73 1169 7
73 1252 9
73 1261 1
73 1294 1
73 1316 2
73 1385 1
73 1422 2
73 1627 1
73 1629 4
73 1656 1
73 1751 1
73 2021 1
73 2022 1
73 2023 1
73 2024 1
73 2025 1
73 2026 1
73 2027 1
73 2028 2
74 3 1
74 10 7
74 12 1
74 14 6
74 15 3
74 22 1
74 23 1
74 27 1
74 35 2
74 37 2
74 40 1
74 48 2
74 54 1
74 57 2
74 67 1
74 72 1
74 74 2
74 75 2
74 76 3
74 77 1
74 84 14
74 85 1
74 86 1
74 96 2
74 102 1
74 105 7
74 109 12
74 113 2
74 119 1
74 121 4
74 127 1
74 137 1
74 138 1
74 139 8
74 140 3
74 141 2
74 145 4
74 146 1
74 148 2
74 149 1
74 152 3
74 156 1
74 157 1
74 161 1
74 166 1
74 171 9
74 172 4
74 173 2
74 174 7
74 175 6
74 176 1
74 178 5
74 181 5
74 185 2
74 186 1
74 187 1
74 193 1
74 201 1
74 202 1
74 203 1
74 216 1
74 221 5
74 225 1
74 226 1
74 229 3
74 251 2
74 259 1
74 261 1
74 262 4
74 269 1
74 270 3
74 275 1
74 283 2
74 284 1
74 289 4
74 290 1
74 293 2
74 304 1
74 305 1
74 308 1
74 316 1
74 345 1
74 355 1
74 368 1
74 371 2
74 374 1
74 389 1
74 392 1
74 401 2
74 407 1
74 423 3
74 428 3
74 433 3
74 435 2
74 444 3
74 449 3
74 462 4
74 467 2
74 470 1
74 478 6
74 481 1
74 487 1
74 491 1
74 492 3
74 498 1
74 501 2
74 506 1
74 510 1
74 522 3
74 537 1
74 554 2
74 561 1
74 573 1
74 622 1
74 625 2
74 626 2
74 628 2
74 634 1
74 650 4
74 651 1
74 669 1
74 685 1
74 690 1
74 703 1
74 705 1
74 745 1
74 749 1
74 762 2
74 769 1
74 783 1
74 784 7
74 800 5
74 802 1
74 807 1
74 816 2
74 826 1
74 849 1
74 862 1
74 869 1
74 878 1
74 880 1
74 891 1
74 937 1
74 943 1
74 954 1
74 956 1
74 983 1
74 987 3
74 1008 2
74 1033 1
74 1060 1
74 1072 1
74 1099 1
74 1125 1
74 1147 1
74 1199 1
74 1204 1
74 1215 1
74 1224 1
74 1229 1
74 1237 1
74 1246 3
74 1253 7
74 1290 4
74 1305 1
74 1307 1
74 1315 1
74 1316 4
74 1325 4
74 1345 2
74 1355 1
74 1363 1
74 1410 1
74 1446 2
74 1454 2
74 1458 1
74 1469 2
74 1476 8
74 1479 1
74 1525 1
74 1554 2
74 1569 1
74 1593 1
74 1632 1
74 1644 1
74 1678 3
74 1686 2
74 1709 1
74 1714 3
74 1728 1
74 1733 1
74 1770 1
74 1774 1
74 1803 1
74 1815 1
74 1843 1
74 1849 1
74 1877 1
74 1934 1
74 1972 6
74 2015 3
74 2029 3
74 2030 1
74 2031 1
74 2032 1
74 2033 1
74 2034 1
74 2035 1
74 2036 1
74 2037 1
74 2038 1
74 2039 1
74 2040 1
74 2041 2
74 2042 1
74 2043 5
74 2044 7
74 2045 5
74 2046 1
74 2047 1
74 2048 2
74 2049 1
74 2050 2
74 2051 1
74 2052 1
74 2053 1
74 2054 1
74 2055 1
74 2056 1
74 2057 3
74 2058 1
74 2059 3
74 2060 2
74 2061 4
74 2062 7
74 2063 5
74 2064 1
74 2065 1
74 2066 2
74 2067 1
74 2068 1
74 2069 1
74 2070 1
74 2071 1
74 2072 1
74 2073 3
74 2074 1
74 2075 1
74 2076 1
74 2077 1
74 2078 1
74 2079 1
74 2080 2
74 2081 1
74 2082 1
74 2083 1
74 2084 1
74 2085 1
74 2086 2
74 2087 1
74 2088 3
75 1 2
75 3 7
75 7 1
75 13 1
75 14 2
75 15 5
75 25 1
75 26 1
75 28 3
75 29 1
75 32 2
75 41 1
75 42 3
75 48 1
75 49 1
75 50 5
75 51 1
75 53 3
75 58 1
75 66 1
75 68 1
75 72 2
75 73 1
75 75 1
75 76 3
75 77 4
75 94 1
75 105 1
75 106 1
75 112 1
75 125 1
75 127 1
75 128 2
75 133 3
75 145 1
75 146 8
75 152 1
75 156 1
75 164 1
75 169 1
75 171 6
75 173 1
75 174 1
75 178 1
75 181 1
75 188 1
75 189 3
75 191 4
75 192 1
75 204 2
75 205 1
75 213 2
75 220 1
75 221 1
75 223 2
75 225 1
75 235 1
75 236 1
75 245 1
75 250 1
75 257 2
75 258 3
75 259 1
75 264 1
75 284 1
75 297 1
75 314 2
75 320 1
75 345 1
75 354 1
75 371 6
75 385 1
75 391 1
75 404 1
75 410 3
75 418 6
75 420 1
75 438 1
75 463 1
75 480 1
75 486 1
75 490 1
75 491 2
75 492 3
75 522 1
75 523 1
75 595 1
75 628 1
75 674 3
75 692 1
75 694 1
75 716 3
75 719 3
75 802 1
75 911 1
75 956 1
75 1008 1
75 1044 1
75 1109 1
75 1154 2
75 1177 1
75 1180 6
75 1200 1
75 1274 1
75 1322 1
75 1425 1
75 1434 1
75 1440 1
75 1442 1
75 1446 1
75 1455 1
75 1587 1
75 1814 1
75 1820 1
75 1821 1
75 2089 1
75 2090 1
75 2091 1
75 2092 1
75 2093 1
75 2094 1
76 8 1
76 10 8
76 14 3
76 15 13
76 28 1
76 37 1
76 40 1
76 50 1
76 52 3
76 54 1
76 72 1
76 74 7
76 76 6
76 77 1
76 84 11
76 86 1
76 90 1
76 92 1
76 105 1
76 106 1
76 108 1
76 109 1
76 112 1
76 114 1
76 119 3
76 138 2
76 139 2
76 141 7
76 146 1
76 155 1
76 156 1
76 158 7
76 161 2
76 166 2
76 172 4
76 174 9
76 175 8
76 178 7
76 180 1
76 181 1
76 189 17
76 193 2
76 200 1
76 201 1
76 202 2
76 203 1
76 204 3
76 208 1
76 209 1
76 216 1
76 219 7
76 221 2
76 232 1
76 250 1
76 251 1
76 255 5
76 261 1
76 275 1
76 283 4
76 284 1
76 293 2
76 297 2
76 304 1
76 326 1
76 341 1
76 371 22
76 384 1
76 389 1
76 393 2
76 395 1
76 396 1
76 401 1
76 404 1
76 410 1
76 418 4
76 420 1
76 423 2
76 425 3
76 428 1
76 430 1
76 433 1
76 448 1
76 460 1
76 462 9
76 467 1
76 473 1
76 487 4
76 492 1
76 495 1
76 501 3
76 510 1
76 554 1
76 563 1
76 579 2
76 589 4
76 622 1
76 628 2
76 634 2
76 637 2
76 651 1
76 653 1
76 677 1
76 680 1
76 690 1
76 697 1
76 726 1
76 751 2
76 769 1
76 782 2
76 802 1
76 807 11
76 814 1
76 816 6
76 826 1
76 830 3
76 839 3
76 869 1
76 878 1
76 880 1
76 889 2
76 905 2
76 911 9
76 956 2
76 994 1
76 1024 1
76 1093 1
76 1094 1
76 1099 1
76 1140 1
76 1147 1
76 1151 1
76 1180 1
76 1182 2
76 1237 1
76 1247 1
76 1288 2
76 1290 3
76 1300 1
76 1311 1
76 1316 1
76 1330 1
76 1363 1
76 1454 1
76 1458 1
76 1469 1
76 1470 1
76 1554 2
76 1565 1
76 1652 1
76 1678 2
76 1683 1
76 1684 1
76 1698 1
76 1728 1
76 1803 6
76 1844 1
76 2010 2
76 2026 1
76 2036 1
76 2037 1
76 2042 2
76 2044 1
76 2045 1
76 2051 1
76 2064 1
76 2079 1
76 2084 1
76 2095 1
76 2096 1
76 2097 1
76 2098 1
76 2099 1
76 2100 1
76 2101 1
76 2102 1
76 2103 1
76 2104 2
76 2105 1
76 2106 1
76 2107 1
76 2108 1
76 2109 1
76 2110 1
76 2111 2
76 2112 1
76 2113 1
76 2114 1
76 2115 1
77 14 2
77 32 1
77 126 2
77 182 1
77 248 1
77 281 2
77 326 1
77 766 3
77 768 1
77 769 1
77 770 1
77 1104 1
77 1496 1
78 2 2
78 6 8
78 14 3
78 28 2
78 32 2
78 46 1
78 72 2
78 77 1
78 86 1
78 95 1
78 112 1
78 127 4
78 139 1
78 146 3
78 148 1
78 155 1
78 158 1
78 178 1
78 181 1
78 182 6
78 189 1
78 209 1
78 221 1
78 229 1
78 235 1
78 236 1
78 245 1
78 255 1
78 261 1
78 262 1
78 268 1
78 283 1
78 285 1
78 289 5
78 307 1
78 338 1
78 360 1
78 477 1
78 515 2
78 516 2
78 548 2
78 555 1
78 564 1
78 567 2
78 570 1
78 579 1
78 625 1
78 626 1
78 643 1
78 734 1
78 755 1
78 871 1
78 926 1
78 1008 3
78 1056 1
78 1140 1
78 1143 1
78 1180 2
78 1204 1
78 1210 1
78 1229 1
78 1312 1
78 1320 2
78 1345 1
78 1355 1
78 1389 1
78 1423 1
78 1454 1
78 1703 1
78 1736 1
78 1747 1
78 1842 1
78 1845 1
78 1853 2
78 2116 1
78 2117 1
78 2118 1
78 2119 1
78 2120 1
78 2121 1
78 2122 1
78 2123 1
78 2124 1
79 1 1
79 2 1
79 3 2
79 10 4
79 12 1
79 14 7
79 15 6
79 18 1
79 26 1
79 28 1
79 32 3
79 35 3
79 37 1
79 40 2
79 41 1
79 50 3
79 51 1
79 52 1
79 53 1
79 54 3
79 55 1
79 60 3
79 63 1
79 68 1
79 72 1
79 74 3
79 76 1
79 77 2
79 84 1
79 85 3
79 86 2
79 91 1
79 95 3
79 96 3
79 104 2
79 105 4
79 106 1
79 108 3
79 112 2
79 116 1
79 123 26
79 136 1
79 140 2
79 141 1
79 146 2
79 152 1
79 156 1
79 166 1
79 174 9
79 178 4
79 180 9
79 181 3
79 182 6
79 185 2
79 189 4
79 190 1
79 191 1
79 192 1
79 193 1
79 200 1
79 202 1
79 203 2
79 204 1
79 205 1
79 208 1
79 209 1
79 211 4
79 213 1
79 215 1
79 216 2
79 221 3
79 223 2
79 231 9
79 232 9
79 234 2
79 238 1
79 241 1
79 242 4
79 243 1
79 245 5
79 251 1
79 255 2
79 259 2
79 262 2
79 266 6
79 281 1
79 284 2
79 285 1
79 289 7
79 293 2
79 299 3
79 309 1
79 313 1
79 321 1
79 326 1
79 332 1
79 341 2
79 343 1
79 349 1
79 360 1
79 371 3
79 377 1
79 405 1
79 407 1
79 408 1
79 418 25
79 420 1
79 422 1
79 424 5
79 428 1
79 437 2
79 448 1
79 458 2
79 460 2
79 462 1
79 478 1
79 508 1
79 529 1
79 534 1
79 537 3
79 548 2
79 563 2
79 567 3
79 579 1
79 584 40
79 592 5
79 599 1
79 622 2
79 626 1
79 634 2
79 672 14
79 692 17
79 695 2
79 707 1
79 709 2
79 717 1
79 755 2
79 760 1
79 773 1
79 777 3
79 778 1
79 782 2
79 783 7
79 784 3
79 806 2
79 812 3
79 819 1
79 829 1
79 834 1
79 880 1
79 883 2
79 888 2
79 891 1
79 917 1
79 935 3
79 959 10
79 961 2
79 993 4
79 1013 1
79 1161 3
79 1268 1
79 1290 2
79 1328 1
79 1362 1
79 1438 2
79 1445 1
79 1463 1
79 1470 1
79 1474 1
79 1510 3
79 1529 1
79 1533 1
79 1567 1
79 1611 1
79 1663 2
79 1853 2
79 1912 1
79 2125 1
79 2126 1
79 2127 1
79 2128 1
79 2129 1
79 2130 1
79 2131 1
79 2132 1
79 2133 7
79 2134 1
79 2135 1
79 2136 6
79 2137 1
79 2138 1
79 2139 3
79 2140 3
79 2141 1
79 2142 1
79 2143 1
79 2144 1
79 2145 1
79 2146 1
79 2147 1
79 2148 1
80 2 2
80 10 5
80 14 2
80 15 1
80 24 1
80 32 1
80 41 1
80 50 3
80 53 1
80 63 1
80 72 1
80 76 1
80 93 1
80 108 1
80 123 2
80 126 1
80 132 1
80 145 2
80 152 1
80 161 1
80 172 3
80 178 1
80 181 3
80 188 1
80 203 11
80 211 1
80 221 1
80 229 1
80 232 2
80 237 2
80 242 2
80 262 1
80 281 1
80 289 4
80 334 1
80 341 1
80 382 1
80 418 4
80 428 6
80 437 1
80 448 1
80 548 1
80 651 1
80 668 1
80 675 1
80 706 1
80 749 1
80 787 1
80 830 2
80 834 1
80 1006 1
80 1020 1
80 1229 1
80 1362 1
80 1669 1
80 1795 1
80 2149 3
81 1 1
81 3 1
81 10 7
81 14 1
81 15 2
81 32 2
81 48 1
81 49 3
81 51 1
81 105 1
81 120 1
81 152 1
81 153 1
81 172 3
81 173 1
81 181 1
81 221 1
81 247 1
81 248 3
81 254 1
81 345 1
81 351 1
81 418 4
81 437 1
81 440 1
81 492 4
81 675 3
81 731 1
81 889 1
81 1057 1
81 1104 1
81 1140 1
81 1184 1
81 1389 3
81 1435 1
81 1566 1
81 1928 1
81 2150 1
81 2151 1
81 2152 1
82 2 1
82 3 1
82 10 14
82 14 2
82 15 8
82 32 1
82 43 1
82 48 2
82 53 1
82 56 1
82 57 1
82 68 1
82 72 2
82 75 1
82 105 8
82 106 1
82 118 2
82 124 1
82 127 1
82 130 2
82 132 1
82 133 1
82 137 4
82 160 1
82 171 3
82 172 4
82 173 1
82 178 1
82 181 2
82 193 1
82 200 1
82 202 1
82 208 1
82 218 1
82 242 2
82 245 1
82 247 2
82 248 1
82 251 1
82 257 1
82 277 1
82 281 1
82 299 1
82 339 1
82 341 1
82 345 1
82 373 1
82 403 1
82 407 4
82 410 5
82 418 20
82 428 4
82 492 1
82 503 1
82 510 1
82 597 2
82 644 1
82 662 1
82 674 1
82 675 2
82 693 1
82 703 6
82 707 1
82 787 1
82 817 1
82 915 1
82 1008 1
82 1109 1
82 1208 2
82 1423 1
82 1435 1
82 1581 1
82 1715 1
82 1731 1
82 1889 1
82 2059 1
82 2152 3
82 2153 1
82 2154 1
82 2155 2
82 2156 1
82 2157 1
82 2158 1
82 2159 1
82 2160 1
83 2 2
83 3 3
83 10 16
83 14 3
83 15 16
83 18 2
83 19 1
83 23 1
83 32 3
83 40 3
83 50 8
83 52 1
83 53 4
83 54 2
83 64 1
83 66 1
83 76 3
83 77 5
83 84 1
83 91 1
83 95 3
83 102 1
83 106 1
83 108 1
83 112 1
83 116 1
83 123 6
83 126 1
83 132 1
83 136 1
83 140 3
83 146 9
83 156 1
83 161 1
83 162 1
83 166 2
83 172 7
83 174 7
83 177 1
83 180 7
83 181 2
83 182 1
83 191 3
83 192 1
83 193 1
83 200 1
83 201 3
83 203 1
83 204 3
83 205 1
83 208 1
83 209 3
83 211 2
83 213 2
83 221 2
83 223 2
83 229 3
83 231 6
83 234 1
83 242 2
83 245 8
83 248 1
83 250 3
83 259 1
83 264 1
83 270 1
83 281 8
83 282 3
83 284 1
83 296 1
83 305 1
83 336 2
83 337 1
83 341 1
83 343 1
83 353 1
83 360 1
83 371 1
83 382 2
83 391 1
83 395 1
83 405 2
83 407 2
83 408 2
83 409 1
83 418 14
83 420 2
83 423 1
83 428 3
83 433 2
83 437 3
83 449 1
83 461 1
83 462 1
83 475 1
83 478 1
83 489 2
83 492 1
83 505 1
83 533 1
83 534 1
83 548 3
83 563 5
83 584 38
83 592 4
83 622 1
83 634 1
83 643 1
83 667 3
83 675 2
83 680 1
83 694 1
83 719 1
83 734 1
83 749 5
83 783 4
83 784 4
83 811 1
83 834 5
83 840 1
83 888 2
83 911 1
83 917 1
83 920 1
83 935 1
83 959 4
83 961 3
83 978 2
83 993 1
83 1020 1
83 1109 1
83 1161 1
83 1210 1
83 1215 1
83 1290 3
83 1327 1
83 1328 1
83 1551 1
83 1574 2
83 1594 1
83 1764 1
83 1802 1
83 1913 1
83 2009 1
83 2049 1
83 2050 1
83 2130 3
83 2133 1
83 2161 2
83 2162 1
83 2163 1
83 2164 1
83 2165 7
83 2166 1
83 2167 1
83 2168 1
83 2169 1
83 2170 1
83 2171 2
83 2172 1
83 2173 4
83 2174 1
84 2 2
84 14 6
84 15 3
84 23 1
84 32 1
84 42 2
84 43 1
84 47 1
84 55 1
84 60 1
84 63 1
84 84 1
84 88 1
84 91 1
84 106 1
84 108 2
84 119 1
84 123 1
84 126 2
84 137 1
84 139 2
84 141 1
84 142 1
84 148 1
84 155 2
84 164 1
84 172 2
84 181 1
84 182 1
84 189 3
84 191 2
84 200 1
84 201 2
84 208 1
84 209 2
84 221 1
84 226 1
84 232 1
84 255 5
84 261 1
84 262 1
84 273 1
84 282 1
84 284 2
84 313 1
84 327 1
84 341 1
84 343 1
84 349 1
84 360 2
84 371 3
84 384 1
84 391 1
84 437 1
84 452 1
84 457 1
84 494 1
84 510 1
84 516 1
84 535 1
84 554 1
84 628 2
84 645 1
84 671 1
84 719 1
84 762 2
84 839 2
84 891 1
84 911 1
84 1124 1
84 1175 1
84 1210 1
84 1363 1
84 1416 1
84 1698 1
84 1863 1
84 2018 2
84 2037 1
84 2175 1
84 2176 1
84 2177 2
84 2178 9
