%%MatrixMarket matrix coordinate real general
57 1839 7649                                      
1 1 1
1 2 1
1 3 20
1 4 2
1 5 5
1 6 3
1 7 4
1 8 3
1 9 1
1 10 8
1 11 1
1 12 4
1 13 1
1 14 3
1 15 8
1 16 2
1 17 1
1 18 1
1 19 2
1 20 1
1 21 3
1 22 1
1 23 1
1 24 1
1 25 1
1 26 1
1 27 1
1 28 1
1 29 3
1 30 1
1 31 1
1 32 2
1 33 3
1 34 1
1 35 2
1 36 1
1 37 1
1 38 1
1 39 1
1 40 2
1 41 1
1 42 2
1 43 1
1 44 1
1 45 1
1 46 3
1 47 1
1 48 1
1 49 3
1 50 2
1 51 1
1 52 1
1 53 1
1 54 2
1 55 1
1 56 1
1 57 1
1 58 1
1 59 1
1 60 1
1 61 2
1 62 2
1 63 2
1 64 6
1 65 1
1 66 1
1 67 1
1 68 2
1 69 1
1 70 3
1 71 1
1 72 3
1 73 1
1 74 1
1 75 1
1 76 1
1 77 1
1 78 1
1 79 1
1 80 2
1 81 1
1 82 1
1 83 1
1 84 1
1 85 2
1 86 1
1 87 1
1 88 2
1 89 1
1 90 1
1 91 2
1 92 1
1 93 1
1 94 1
1 95 1
1 96 1
1 97 1
1 98 1
1 99 1
1 100 1
1 101 1
1 102 4
1 103 1
1 104 1
1 105 4
1 106 1
1 107 2
1 108 1
1 109 1
1 110 1
1 111 1
1 112 2
1 113 1
1 114 1
1 115 1
1 116 1
1 117 1
1 118 1
1 119 3
1 120 1
1 121 1
1 122 1
1 123 4
1 124 2
1 125 2
1 126 1
1 127 3
1 128 1
1 129 1
1 130 1
1 131 1
1 132 3
1 133 1
1 134 2
1 135 1
1 136 2
1 137 1
1 138 1
1 139 1
1 140 2
1 141 1
1 142 9
1 143 1
1 144 2
1 145 1
1 146 3
1 147 1
1 148 2
1 149 1
1 150 1
1 151 5
1 152 2
1 153 1
1 154 1
1 155 1
1 156 2
1 157 1
1 158 1
1 159 1
1 160 1
1 161 1
1 162 1
1 163 1
1 164 1
1 165 1
1 166 1
1 167 1
1 168 1
1 169 2
1 170 2
1 171 1
1 172 1
1 173 1
1 174 6
1 175 1
1 176 1
1 177 2
1 178 1
1 179 1
1 180 3
1 181 1
1 182 7
1 183 1
1 184 2
1 185 1
1 186 1
1 187 1
1 188 2
1 189 5
2 3 2
2 10 3
2 12 1
2 14 4
2 15 6
2 28 3
2 32 1
2 35 4
2 40 2
2 45 2
2 48 1
2 49 8
2 50 1
2 52 1
2 53 2
2 54 1
2 55 3
2 56 1
2 57 2
2 66 1
2 72 4
2 77 5
2 84 1
2 85 1
2 91 3
2 92 1
2 97 1
2 105 1
2 106 1
2 112 1
2 113 1
2 126 1
2 127 1
2 130 1
2 136 1
2 146 9
2 156 3
2 158 2
2 166 3
2 171 1
2 172 2
2 173 1
2 175 1
2 177 2
2 181 3
2 182 3
2 190 1
2 191 1
2 192 2
2 193 1
2 194 1
2 195 1
2 196 1
2 197 1
2 198 4
2 199 10
2 200 1
2 201 2
2 202 2
2 203 4
2 204 3
2 205 1
2 206 1
2 207 1
2 208 1
2 209 1
2 210 1
2 211 2
2 212 3
2 213 1
2 214 1
2 215 1
2 216 8
2 217 2
2 218 1
2 219 1
2 220 2
2 221 1
2 222 2
2 223 1
2 224 1
2 225 1
2 226 1
2 227 2
2 228 1
2 229 1
2 230 2
2 231 1
2 232 1
2 233 2
2 234 1
2 235 1
2 236 2
2 237 1
2 238 1
2 239 1
2 240 2
2 241 1
2 242 1
2 243 1
2 244 1
2 245 1
2 246 1
2 247 1
2 248 1
2 249 2
2 250 1
2 251 2
2 252 1
2 253 1
2 254 1
2 255 1
2 256 1
2 257 1
2 258 1
2 259 1
2 260 1
2 261 1
2 262 1
2 263 1
2 264 1
2 265 1
2 266 2
2 267 1
2 268 2
2 269 1
2 270 1
2 271 1
2 272 1
2 273 1
2 274 1
2 275 1
2 276 2
2 277 1
2 278 1
2 279 1
2 280 2
2 281 1
2 282 9
2 283 1
2 284 1
2 285 3
2 286 1
2 287 1
3 1 1
3 2 1
3 3 2
3 10 4
3 14 6
3 24 1
3 26 3
3 28 3
3 32 2
3 35 3
3 40 4
3 41 1
3 48 1
3 50 2
3 51 5
3 52 1
3 53 4
3 54 2
3 58 1
3 63 2
3 64 1
3 66 1
3 72 4
3 76 3
3 77 3
3 85 6
3 91 4
3 97 1
3 102 1
3 105 2
3 106 1
3 108 1
3 111 1
3 112 1
3 123 1
3 127 3
3 132 1
3 133 1
3 140 1
3 142 1
3 143 1
3 145 1
3 146 7
3 148 2
3 152 1
3 156 4
3 158 5
3 164 1
3 166 3
3 171 5
3 172 10
3 173 2
3 175 1
3 178 1
3 180 1
3 181 1
3 182 4
3 188 1
3 189 4
3 191 1
3 192 1
3 193 1
3 194 2
3 196 2
3 197 4
3 198 15
3 199 7
3 200 1
3 201 3
3 202 3
3 203 4
3 204 2
3 205 2
3 208 6
3 210 2
3 220 2
3 221 3
3 222 2
3 226 1
3 230 5
3 231 1
3 234 1
3 235 1
3 236 1
3 237 1
3 239 1
3 240 2
3 243 2
3 251 8
3 252 1
3 253 1
3 255 1
3 257 3
3 258 1
3 260 3
3 261 1
3 264 1
3 269 1
3 270 2
3 271 1
3 272 1
3 277 1
3 279 1
3 282 1
3 283 1
3 285 1
3 287 1
3 288 1
3 289 1
3 290 16
3 291 1
3 292 1
3 293 1
3 294 1
3 295 3
3 296 1
3 297 1
3 298 1
3 299 1
3 300 1
3 301 2
3 302 1
3 303 1
3 304 1
3 305 2
3 306 1
3 307 2
3 308 1
3 309 1
3 310 1
3 311 4
3 312 1
3 313 1
3 314 2
3 315 1
3 316 1
3 317 2
3 318 1
3 319 1
3 320 1
3 321 1
3 322 1
3 323 1
3 324 1
3 325 1
3 326 1
3 327 1
3 328 1
3 329 1
3 330 1
3 331 1
3 332 1
3 333 1
3 334 1
3 335 1
3 336 2
3 337 1
3 338 2
3 339 1
3 340 1
3 341 1
3 342 2
3 343 1
3 344 1
3 345 1
3 346 1
3 347 1
3 348 2
3 349 1
3 350 1
3 351 1
3 352 4
3 353 1
3 354 3
3 355 1
3 356 1
3 357 1
3 358 1
3 359 1
3 360 1
3 361 1
3 362 1
3 363 1
3 364 2
3 365 1
3 366 2
3 367 1
3 368 1
3 369 2
3 370 1
3 371 1
3 372 3
3 373 1
3 374 1
3 375 2
3 376 1
3 377 1
3 378 1
3 379 1
3 380 1
3 381 1
3 382 1
3 383 1
3 384 1
3 385 1
3 386 1
3 387 1
3 388 1
3 389 1
3 390 1
4 2 1
4 3 2
4 10 3
4 14 2
4 15 8
4 22 1
4 26 1
4 28 2
4 39 2
4 40 3
4 47 1
4 48 1
4 50 7
4 51 2
4 54 3
4 57 1
4 60 3
4 64 1
4 72 2
4 74 3
4 76 1
4 77 2
4 84 1
4 85 4
4 91 1
4 93 1
4 94 5
4 105 3
4 106 1
4 108 3
4 111 1
4 112 3
4 116 1
4 119 1
4 123 2
4 124 1
4 140 2
4 141 2
4 143 1
4 145 1
4 146 4
4 149 1
4 152 1
4 156 1
4 160 3
4 161 1
4 163 1
4 166 2
4 172 1
4 173 2
4 174 4
4 175 4
4 177 1
4 178 2
4 180 3
4 182 4
4 186 1
4 189 11
4 191 2
4 193 1
4 203 2
4 204 4
4 210 1
4 212 1
4 215 5
4 218 3
4 222 2
4 224 1
4 228 1
4 230 3
4 231 5
4 234 1
4 235 1
4 237 1
4 242 1
4 244 1
4 253 1
4 254 3
4 258 1
4 260 1
4 261 2
4 264 1
4 273 2
4 274 2
4 286 1
4 315 1
4 320 9
4 342 1
4 343 2
4 344 3
4 350 1
4 356 1
4 372 21
4 389 1
4 391 1
4 392 1
4 393 1
4 394 2
4 395 1
4 396 1
4 397 1
4 398 1
4 399 1
4 400 1
4 401 2
4 402 1
4 403 1
4 404 1
4 405 1
4 406 3
4 407 1
4 408 1
4 409 1
4 410 10
4 411 2
4 412 1
4 413 1
4 414 1
4 415 1
4 416 1
4 417 2
4 418 1
4 419 10
4 420 1
4 421 2
4 422 2
4 423 1
4 424 2
4 425 1
4 426 3
4 427 1
4 428 5
4 429 14
4 430 1
4 431 1
4 432 1
4 433 1
4 434 1
4 435 1
4 436 3
4 437 2
4 438 1
4 439 1
4 440 1
4 441 1
4 442 1
4 443 1
4 444 1
4 445 1
4 446 2
4 447 1
4 448 1
4 449 1
4 450 1
4 451 1
4 452 1
4 453 1
4 454 1
4 455 1
4 456 1
4 457 1
4 458 2
4 459 1
4 460 1
4 461 1
4 462 1
4 463 1
4 464 1
4 465 1
4 466 1
4 467 9
4 468 1
4 469 1
4 470 3
4 471 1
4 472 1
4 473 1
4 474 1
4 475 1
4 476 1
4 477 2
4 478 1
4 479 1
4 480 1
5 1 1
5 3 4
5 6 1
5 10 4
5 11 1
5 14 3
5 15 11
5 25 8
5 27 1
5 28 1
5 32 1
5 37 1
5 39 1
5 40 2
5 52 2
5 53 2
5 54 1
5 58 1
5 60 1
5 66 1
5 72 2
5 76 1
5 77 4
5 79 1
5 84 2
5 91 1
5 97 1
5 99 1
5 106 1
5 108 1
5 109 3
5 121 1
5 127 2
5 137 1
5 141 1
5 146 6
5 156 1
5 157 1
5 161 1
5 166 3
5 169 1
5 171 7
5 172 10
5 174 1
5 175 4
5 176 5
5 181 12
5 182 2
5 184 1
5 185 1
5 193 1
5 200 1
5 207 1
5 212 2
5 214 1
5 224 2
5 227 1
5 228 4
5 232 2
5 240 2
5 244 2
5 249 2
5 258 1
5 260 1
5 279 1
5 317 3
5 327 1
5 328 2
5 338 1
5 345 1
5 370 2
5 372 7
5 383 1
5 409 1
5 414 1
5 436 1
5 439 2
5 445 1
5 461 1
5 467 2
5 481 3
5 482 1
5 483 1
5 484 1
5 485 2
5 486 1
5 487 1
5 488 2
5 489 1
5 490 3
5 491 3
5 492 2
5 493 5
5 494 1
5 495 1
5 496 2
5 497 3
5 498 1
5 499 1
5 500 2
5 501 1
5 502 1
5 503 1
5 504 1
5 505 2
5 506 1
5 507 1
5 508 1
5 509 2
5 510 2
5 511 5
5 512 1
5 513 3
5 514 1
5 515 2
5 516 1
5 517 1
5 518 1
5 519 1
5 520 6
5 521 1
5 522 1
5 523 2
5 524 1
5 525 2
5 526 1
5 527 1
5 528 1
5 529 1
5 530 1
5 531 12
5 532 15
5 533 2
5 534 4
5 535 2
5 536 1
5 537 1
5 538 1
5 539 1
5 540 6
5 541 3
5 542 1
5 543 1
5 544 1
5 545 1
5 546 1
5 547 4
5 548 1
5 549 1
5 550 15
5 551 1
5 552 1
5 553 2
5 554 1
6 1 1
6 3 1
6 6 9
6 10 1
6 14 3
6 16 3
6 24 3
6 28 1
6 32 8
6 40 2
6 46 2
6 48 1
6 50 3
6 52 1
6 53 2
6 60 1
6 64 2
6 66 1
6 72 2
6 77 4
6 91 2
6 94 2
6 99 1
6 105 1
6 106 1
6 111 1
6 127 1
6 133 1
6 143 1
6 146 6
6 149 1
6 155 10
6 156 1
6 164 1
6 166 2
6 171 10
6 172 9
6 173 1
6 174 9
6 177 1
6 178 1
6 180 2
6 181 4
6 182 3
6 187 1
6 189 2
6 191 1
6 200 1
6 207 1
6 208 1
6 210 7
6 212 2
6 240 1
6 241 1
6 244 10
6 245 1
6 249 1
6 253 1
6 254 4
6 255 1
6 256 2
6 258 2
6 266 1
6 274 2
6 277 1
6 278 1
6 279 1
6 290 11
6 300 1
6 314 1
6 341 1
6 343 1
6 344 1
6 361 1
6 386 2
6 390 1
6 400 1
6 409 1
6 413 1
6 419 1
6 421 1
6 427 1
6 431 1
6 438 1
6 445 1
6 462 2
6 463 1
6 473 2
6 478 1
6 481 2
6 482 1
6 491 1
6 492 1
6 495 1
6 505 2
6 509 3
6 517 3
6 518 5
6 520 2
6 531 3
6 536 1
6 537 1
6 539 4
6 541 3
6 550 30
6 555 1
6 556 1
6 557 3
6 558 5
6 559 1
6 560 2
6 561 2
6 562 4
6 563 1
6 564 1
6 565 6
6 566 8
6 567 1
6 568 1
6 569 8
6 570 1
6 571 3
6 572 5
6 573 8
6 574 1
6 575 1
6 576 1
6 577 1
6 578 2
6 579 1
6 580 1
6 581 1
6 582 1
6 583 1
6 584 3
6 585 1
6 586 3
6 587 1
6 588 1
6 589 2
6 590 2
6 591 2
6 592 3
6 593 1
6 594 2
6 595 3
6 596 1
6 597 1
6 598 3
6 599 1
6 600 1
6 601 6
6 602 1
6 603 1
6 604 1
6 605 1
6 606 1
6 607 1
6 608 5
6 609 1
6 610 1
6 611 1
6 612 3
6 613 1
6 614 1
6 615 3
6 616 1
6 617 1
6 618 1
6 619 1
6 620 1
6 621 1
6 622 1
6 623 2
6 624 1
6 625 1
6 626 2
6 627 1
6 628 2
6 629 3
6 630 1
6 631 4
6 632 1
6 633 1
6 634 2
6 635 1
6 636 1
6 637 1
6 638 1
6 639 1
6 640 1
6 641 1
6 642 3
6 643 4
6 644 1
6 645 1
6 646 7
6 647 1
6 648 1
6 649 1
6 650 1
6 651 2
6 652 1
7 1 2
7 2 1
7 3 5
7 4 1
7 10 1
7 14 7
7 15 8
7 26 1
7 28 3
7 32 7
7 35 3
7 40 2
7 43 1
7 50 8
7 51 1
7 52 1
7 53 3
7 54 1
7 57 6
7 58 1
7 64 11
7 66 1
7 68 1
7 72 4
7 76 1
7 77 4
7 78 1
7 85 3
7 88 1
7 91 3
7 102 2
7 104 1
7 106 1
7 108 4
7 111 1
7 112 1
7 127 1
7 130 1
7 132 1
7 133 8
7 143 1
7 145 4
7 146 8
7 148 2
7 152 1
7 155 1
7 156 1
7 164 1
7 166 1
7 171 9
7 172 3
7 174 4
7 178 2
7 181 7
7 182 6
7 188 2
7 189 6
7 191 2
7 193 3
7 200 1
7 201 1
7 203 6
7 204 2
7 207 2
7 208 3
7 210 3
7 212 2
7 222 2
7 224 1
7 228 2
7 230 2
7 231 2
7 234 1
7 235 1
7 240 3
7 241 1
7 242 10
7 244 1
7 245 1
7 249 1
7 254 8
7 255 1
7 256 5
7 258 1
7 264 1
7 267 1
7 278 5
7 280 3
7 283 1
7 285 1
7 287 1
7 300 2
7 303 1
7 310 1
7 313 1
7 320 1
7 337 1
7 338 1
7 340 3
7 341 1
7 342 1
7 344 1
7 355 1
7 361 1
7 370 1
7 390 1
7 399 1
7 409 2
7 415 1
7 431 1
7 438 2
7 439 1
7 461 5
7 462 7
7 483 3
7 494 3
7 501 2
7 505 1
7 519 3
7 524 2
7 550 5
7 561 1
7 565 6
7 575 1
7 582 1
7 601 1
7 620 1
7 653 1
7 654 1
7 655 1
7 656 2
7 657 1
7 658 1
7 659 1
7 660 1
7 661 2
7 662 1
7 663 1
7 664 1
7 665 1
7 666 1
7 667 1
7 668 1
7 669 1
7 670 1
7 671 1
7 672 1
7 673 1
7 674 1
7 675 1
7 676 1
7 677 1
7 678 1
7 679 1
7 680 2
7 681 1
7 682 1
7 683 1
7 684 1
7 685 4
7 686 1
7 687 1
7 688 1
7 689 1
7 690 2
7 691 1
7 692 1
7 693 1
7 694 1
7 695 7
7 696 1
7 697 1
7 698 1
7 699 1
7 700 2
7 701 2
7 702 1
7 703 2
7 704 3
7 705 2
7 706 1
7 707 1
7 708 2
7 709 1
7 710 1
7 711 3
7 712 1
7 713 1
7 714 1
7 715 1
7 716 1
7 717 1
7 718 6
7 719 1
7 720 32
8 3 1
8 10 3
8 14 5
8 15 4
8 19 1
8 28 3
8 32 1
8 35 1
8 40 2
8 49 3
8 53 2
8 54 1
8 55 1
8 66 1
8 67 1
8 72 1
8 74 21
8 77 4
8 85 1
8 91 1
8 102 1
8 105 1
8 106 1
8 112 1
8 126 1
8 127 1
8 138 1
8 141 31
8 146 8
8 148 1
8 152 1
8 156 1
8 158 1
8 161 1
8 172 4
8 173 1
8 174 5
8 175 1
8 178 2
8 181 2
8 182 1
8 185 1
8 189 9
8 191 4
8 192 2
8 193 2
8 201 3
8 203 1
8 204 2
8 207 1
8 208 2
8 212 1
8 215 2
8 218 1
8 222 2
8 232 1
8 233 1
8 234 1
8 235 1
8 239 2
8 244 5
8 246 1
8 249 1
8 258 1
8 260 1
8 264 1
8 284 1
8 303 1
8 340 1
8 344 1
8 345 1
8 350 1
8 359 2
8 370 1
8 372 7
8 386 3
8 389 1
8 390 4
8 392 1
8 402 3
8 403 1
8 405 1
8 426 9
8 429 2
8 433 3
8 434 1
8 438 2
8 448 8
8 453 5
8 455 2
8 461 1
8 463 1
8 474 2
8 495 1
8 506 1
8 524 1
8 531 1
8 541 2
8 565 2
8 581 1
8 669 1
8 685 1
8 687 1
8 693 1
8 717 1
8 719 4
8 721 1
8 722 1
8 723 2
8 724 1
8 725 1
8 726 1
8 727 2
8 728 4
8 729 2
8 730 2
8 731 1
8 732 1
8 733 1
8 734 1
8 735 1
8 736 3
8 737 1
8 738 1
8 739 1
8 740 1
8 741 1
8 742 1
8 743 1
8 744 1
8 745 1
8 746 1
8 747 2
8 748 1
8 749 1
8 750 1
8 751 1
8 752 3
8 753 2
8 754 10
8 755 1
8 756 1
8 757 1
8 758 1
8 759 1
8 760 1
8 761 1
8 762 1
8 763 1
9 14 1
9 126 1
9 231 1
9 316 1
9 327 1
9 343 1
9 419 1
9 462 1
9 764 1
9 765 1
9 766 3
9 767 1
9 768 1
9 769 1
9 770 2
9 771 1
9 772 1
9 773 1
10 1 1
10 3 3
10 7 1
10 10 1
10 14 2
10 26 1
10 28 1
10 32 4
10 34 1
10 37 1
10 40 4
10 41 1
10 42 4
10 48 1
10 50 4
10 52 1
10 53 6
10 54 1
10 57 1
10 66 1
10 72 1
10 74 6
10 76 1
10 77 3
10 84 4
10 91 1
10 94 1
10 102 1
10 105 1
10 106 1
10 108 1
10 111 1
10 114 1
10 124 1
10 132 1
10 138 2
10 141 16
10 143 1
10 146 5
10 148 1
10 149 2
10 152 1
10 155 4
10 156 1
10 166 2
10 171 9
10 172 4
10 173 1
10 174 2
10 178 1
10 181 5
10 182 1
10 188 5
10 189 15
10 200 1
10 207 2
10 210 1
10 212 2
10 213 7
10 215 3
10 240 4
10 244 11
10 249 1
10 253 1
10 258 1
10 274 1
10 285 1
10 290 18
10 297 2
10 303 2
10 320 7
10 369 1
10 372 16
10 390 2
10 408 2
10 409 3
10 424 3
10 426 2
10 434 1
10 438 2
10 461 15
10 462 1
10 463 2
10 478 1
10 479 1
10 482 1
10 491 2
10 492 1
10 493 1
10 501 1
10 512 1
10 515 1
10 518 2
10 524 1
10 531 6
10 535 2
10 543 2
10 550 17
10 565 7
10 571 1
10 575 1
10 582 3
10 619 1
10 669 1
10 692 1
10 693 4
10 698 1
10 708 1
10 710 2
10 719 1
10 721 4
10 745 1
10 760 1
10 763 1
10 768 2
10 773 5
10 774 1
10 775 1
10 776 1
10 777 3
10 778 1
10 779 1
10 780 1
10 781 2
10 782 11
10 783 2
10 784 1
10 785 2
10 786 1
10 787 2
10 788 1
10 789 16
10 790 3
10 791 1
10 792 2
10 793 3
10 794 7
10 795 3
10 796 1
10 797 1
10 798 1
10 799 3
10 800 1
10 801 1
10 802 1
10 803 1
10 804 1
10 805 1
10 806 1
10 807 10
10 808 4
10 809 2
11 3 1
11 10 4
11 14 4
11 15 7
11 28 3
11 32 1
11 35 12
11 40 4
11 42 1
11 45 1
11 50 5
11 51 6
11 53 3
11 54 1
11 63 1
11 64 3
11 66 1
11 72 2
11 77 5
11 85 1
11 91 1
11 97 1
11 102 1
11 105 1
11 106 1
11 111 1
11 112 2
11 127 2
11 136 2
11 139 2
11 143 1
11 146 9
11 156 1
11 166 2
11 171 1
11 178 1
11 181 6
11 191 1
11 200 1
11 201 1
11 203 2
11 204 9
11 208 1
11 211 2
11 212 4
11 222 2
11 228 1
11 230 8
11 231 10
11 234 1
11 235 1
11 240 4
11 244 3
11 249 1
11 258 1
11 261 1
11 264 1
11 277 1
11 278 2
11 279 1
11 281 3
11 287 1
11 310 1
11 320 1
11 337 1
11 338 1
11 341 1
11 345 1
11 346 1
11 378 4
11 391 2
11 406 1
11 410 4
11 417 1
11 433 1
11 439 1
11 449 1
11 464 2
11 508 2
11 582 1
11 598 1
11 620 1
11 627 1
11 703 1
11 705 1
11 717 1
11 719 2
11 747 1
11 749 1
11 757 1
11 794 1
11 795 1
11 802 1
11 810 3
11 811 7
11 812 1
11 813 3
11 814 4
11 815 10
11 816 1
11 817 1
11 818 1
11 819 1
11 820 1
11 821 2
11 822 1
11 823 1
11 824 3
11 825 1
11 826 1
11 827 1
11 828 1
11 829 1
11 830 1
11 831 1
11 832 1
11 833 1
11 834 1
11 835 1
11 836 1
11 837 11
11 838 1
11 839 1
11 840 1
11 841 1
11 842 1
11 843 1
12 3 14
12 10 8
12 13 1
12 14 3
12 15 7
12 28 3
12 32 3
12 35 6
12 40 3
12 42 1
12 50 4
12 53 2
12 54 2
12 56 1
12 57 2
12 61 12
12 66 1
12 67 1
12 70 1
12 72 1
12 77 5
12 85 2
12 91 1
12 97 1
12 102 2
12 106 1
12 108 1
12 111 1
12 112 1
12 119 1
12 124 1
12 127 2
12 130 1
12 136 3
12 139 8
12 143 1
12 145 1
12 146 9
12 148 2
12 156 1
12 166 3
12 174 4
12 175 5
12 177 2
12 178 2
12 181 14
12 182 4
12 188 7
12 192 2
12 193 1
12 195 2
12 200 1
12 203 7
12 204 3
12 207 2
12 208 1
12 210 1
12 212 13
12 214 1
12 215 3
12 218 2
12 222 2
12 230 3
12 231 10
12 233 1
12 234 1
12 235 1
12 240 3
12 249 3
12 255 1
12 258 1
12 261 1
12 264 1
12 269 1
12 272 1
12 279 1
12 306 1
12 338 1
12 344 1
12 361 3
12 390 5
12 406 1
12 438 1
12 439 8
12 468 1
12 489 1
12 501 2
12 507 11
12 508 1
12 512 1
12 524 4
12 531 2
12 539 1
12 595 9
12 619 1
12 626 1
12 632 1
12 669 2
12 692 2
12 698 1
12 708 3
12 734 1
12 760 1
12 762 1
12 791 1
12 792 1
12 802 1
12 806 1
12 808 1
12 815 5
12 822 1
12 825 1
12 827 1
12 829 3
12 833 1
12 837 12
12 844 1
12 845 1
12 846 1
12 847 1
12 848 1
12 849 6
12 850 1
12 851 1
12 852 1
12 853 1
12 854 2
12 855 1
12 856 3
12 857 1
12 858 3
12 859 1
12 860 1
12 861 2
12 862 1
12 863 6
12 864 2
12 865 4
12 866 1
12 867 1
12 868 1
12 869 1
12 870 2
12 871 1
12 872 1
12 873 1
12 874 1
12 875 1
12 876 1
12 877 1
12 878 2
12 879 1
12 880 1
12 881 2
12 882 1
13 2 2
13 3 4
13 6 3
13 10 6
13 12 1
13 14 4
13 15 16
13 26 1
13 28 1
13 32 4
13 35 2
13 40 2
13 42 2
13 50 4
13 52 2
13 53 2
13 54 2
13 57 1
13 64 1
13 66 1
13 72 1
13 74 3
13 76 2
13 77 2
13 84 4
13 85 4
13 90 2
13 91 2
13 97 1
13 105 4
13 106 1
13 111 1
13 119 1
13 120 1
13 137 1
13 138 1
13 141 5
13 142 1
13 143 1
13 146 4
13 156 2
13 158 1
13 160 2
13 166 3
13 169 1
13 171 1
13 172 3
13 174 10
13 175 2
13 178 14
13 181 4
13 182 2
13 189 18
13 195 1
13 200 1
13 201 2
13 203 1
13 208 2
13 210 3
13 212 2
13 214 1
13 215 2
13 244 3
13 246 3
13 249 2
13 254 1
13 255 1
13 258 1
13 259 1
13 266 1
13 269 1
13 271 2
13 283 1
13 285 1
13 300 2
13 342 1
13 344 3
13 346 1
13 352 1
13 356 1
13 359 4
13 369 1
13 372 29
13 379 1
13 384 1
13 387 2
13 402 1
13 403 3
13 411 1
13 412 1
13 413 1
13 419 30
13 423 1
13 429 1
13 436 1
13 438 2
13 439 1
13 463 2
13 467 1
13 483 2
13 489 2
13 493 1
13 494 1
13 530 1
13 536 2
13 581 2
13 695 4
13 703 1
13 705 1
13 708 1
13 719 1
13 749 2
13 755 6
13 760 1
13 787 2
13 794 2
13 828 1
13 883 1
13 884 3
13 885 1
13 886 1
13 887 1
13 888 1
13 889 1
13 890 1
13 891 2
13 892 1
13 893 1
13 894 1
13 895 2
13 896 1
13 897 2
13 898 1
13 899 1
13 900 1
13 901 1
13 902 10
13 903 2
13 904 4
13 905 1
13 906 1
13 907 1
13 908 1
13 909 1
13 910 1
13 911 5
13 912 2
13 913 2
13 914 3
13 915 1
13 916 4
13 917 1
13 918 1
13 919 1
13 920 2
13 921 1
13 922 1
13 923 1
13 924 1
13 925 1
13 926 1
13 927 1
13 928 1
13 929 1
13 930 1
13 931 1
13 932 1
13 933 1
13 934 2
13 935 1
14 2 1
14 3 2
14 10 2
14 14 5
14 15 17
14 19 1
14 28 3
14 32 3
14 35 1
14 40 2
14 42 1
14 50 3
14 51 1
14 52 1
14 53 2
14 54 3
14 56 1
14 66 1
14 72 3
14 76 2
14 77 5
14 84 1
14 85 2
14 91 3
14 97 1
14 102 3
14 106 1
14 108 3
14 111 1
14 112 1
14 114 1
14 119 1
14 123 17
14 124 1
14 126 1
14 127 3
14 133 1
14 136 4
14 139 8
14 143 1
14 145 1
14 146 9
14 154 1
14 156 2
14 160 1
14 166 1
14 171 8
14 172 1
14 174 2
14 178 1
14 181 5
14 182 2
14 186 1
14 188 1
14 189 1
14 192 1
14 195 3
14 201 1
14 203 1
14 204 2
14 210 1
14 212 2
14 222 2
14 224 1
14 230 5
14 231 8
14 234 1
14 235 1
14 240 2
14 244 1
14 249 5
14 258 1
14 261 1
14 264 1
14 279 1
14 281 3
14 283 1
14 285 2
14 286 1
14 310 1
14 317 1
14 320 3
14 338 1
14 351 1
14 352 1
14 386 1
14 390 2
14 402 1
14 403 2
14 412 1
14 417 1
14 424 1
14 429 1
14 436 2
14 438 1
14 439 1
14 448 1
14 456 1
14 459 1
14 463 2
14 467 1
14 476 1
14 491 1
14 493 2
14 501 2
14 505 1
14 507 1
14 517 1
14 524 1
14 541 1
14 615 4
14 627 1
14 629 10
14 682 1
14 691 1
14 695 1
14 703 1
14 708 1
14 719 1
14 728 1
14 737 1
14 760 1
14 761 1
14 772 5
14 795 1
14 801 2
14 802 1
14 813 1
14 815 9
14 822 1
14 824 1
14 837 14
14 840 2
14 841 1
14 878 2
14 886 2
14 888 1
14 890 1
14 900 1
14 907 1
14 936 1
14 937 1
14 938 3
14 939 1
14 940 1
14 941 1
14 942 2
14 943 2
14 944 1
14 945 1
14 946 1
14 947 1
14 948 1
14 949 1
14 950 1
14 951 1
14 952 1
14 953 8
14 954 1
14 955 1
14 956 1
14 957 1
14 958 2
14 959 1
14 960 1
14 961 1
14 962 1
14 963 7
14 964 1
14 965 2
14 966 1
14 967 1
14 968 1
14 969 1
14 970 16
14 971 1
14 972 1
14 973 3
14 974 1
14 975 1
15 1 1
15 3 9
15 14 4
15 15 26
15 16 1
15 25 2
15 32 3
15 35 4
15 40 2
15 49 2
15 50 4
15 52 1
15 53 3
15 54 2
15 57 1
15 63 1
15 64 1
15 70 1
15 71 1
15 72 1
15 77 1
15 84 4
15 86 1
15 91 1
15 94 2
15 95 1
15 102 4
15 104 2
15 106 1
15 108 4
15 111 1
15 114 1
15 119 2
15 126 1
15 130 1
15 132 3
15 135 1
15 136 1
15 137 2
15 141 15
15 143 1
15 144 1
15 146 1
15 148 1
15 149 3
15 152 2
15 155 4
15 156 1
15 164 1
15 165 2
15 166 2
15 171 13
15 172 10
15 174 4
15 177 1
15 178 1
15 180 5
15 181 10
15 182 2
15 188 1
15 189 1
15 191 1
15 192 1
15 200 1
15 203 9
15 207 9
15 208 9
15 210 3
15 224 1
15 233 1
15 240 2
15 241 1
15 242 1
15 244 16
15 249 1
15 254 3
15 258 3
15 261 2
15 271 2
15 282 2
15 285 5
15 288 3
15 306 1
15 310 1
15 315 1
15 318 1
15 320 1
15 337 1
15 338 1
15 343 2
15 344 3
15 355 1
15 361 2
15 363 1
15 369 4
15 372 17
15 375 1
15 384 2
15 390 1
15 391 1
15 408 3
15 409 1
15 417 1
15 424 8
15 429 2
15 434 1
15 438 1
15 461 1
15 463 2
15 467 3
15 468 3
15 478 2
15 479 6
15 481 2
15 483 1
15 484 1
15 485 1
15 491 7
15 501 3
15 505 1
15 509 1
15 510 2
15 520 2
15 524 1
15 531 4
15 535 2
15 536 2
15 538 1
15 541 1
15 543 4
15 550 13
15 565 4
15 569 1
15 575 2
15 577 1
15 581 2
15 594 12
15 597 1
15 601 2
15 624 1
15 629 2
15 656 2
15 662 1
15 667 1
15 669 1
15 680 1
15 692 10
15 705 1
15 729 1
15 734 1
15 738 1
15 760 3
15 761 1
15 767 2
15 774 1
15 776 1
15 778 2
15 782 1
15 784 6
15 793 4
15 795 1
15 797 1
15 798 2
15 801 2
15 803 1
15 807 5
15 812 1
15 827 2
15 855 1
15 867 1
15 912 2
15 921 1
15 929 1
15 932 2
15 940 1
15 951 2
15 956 1
15 966 1
15 971 1
15 976 1
15 977 1
15 978 2
15 979 1
15 980 1
15 981 2
15 982 2
15 983 2
15 984 1
15 985 1
15 986 1
15 987 1
15 988 2
15 989 1
15 990 1
15 991 1
15 992 1
15 993 1
15 994 2
15 995 5
15 996 1
15 997 2
15 998 1
15 999 1
15 1000 9
15 1001 9
15 1002 1
15 1003 1
15 1004 2
15 1005 1
15 1006 3
15 1007 2
15 1008 1
15 1009 1
15 1010 1
15 1011 1
15 1012 1
15 1013 1
15 1014 1
15 1015 1
15 1016 3
15 1017 1
15 1018 6
15 1019 1
15 1020 1
15 1021 1
15 1022 1
15 1023 1
15 1024 1
16 1 2
16 2 4
16 3 3
16 11 1
16 13 1
16 14 17
16 15 18
16 19 2
16 21 8
16 25 1
16 28 1
16 32 1
16 35 1
16 40 4
16 42 1
16 43 4
16 48 1
16 50 1
16 53 1
16 54 6
16 57 3
16 63 3
16 64 1
16 66 1
16 70 5
16 72 1
16 77 2
16 84 4
16 91 1
16 93 1
16 97 1
16 105 2
16 108 7
16 111 1
16 113 3
16 126 6
16 127 2
16 130 1
16 137 3
16 139 1
16 142 7
16 143 1
16 146 4
16 152 1
16 154 1
16 156 1
16 161 1
16 166 3
16 172 2
16 173 2
16 174 7
16 178 3
16 181 6
16 182 1
16 193 3
16 202 3
16 207 1
16 208 1
16 212 1
16 215 13
16 218 1
16 219 1
16 220 6
16 224 1
16 225 2
16 238 5
16 239 1
16 246 1
16 247 1
16 253 1
16 258 2
16 260 1
16 261 3
16 269 2
16 270 5
16 271 1
16 286 1
16 289 1
16 298 1
16 302 1
16 306 2
16 326 1
16 341 3
16 344 4
16 346 1
16 355 1
16 356 1
16 361 2
16 363 1
16 367 1
16 382 1
16 385 2
16 389 1
16 390 6
16 403 2
16 408 1
16 413 1
16 416 1
16 419 4
16 429 2
16 431 2
16 434 5
16 436 1
16 439 2
16 441 2
16 450 5
16 462 1
16 476 2
16 481 1
16 484 1
16 487 1
16 489 1
16 498 1
16 500 1
16 508 1
16 524 8
16 536 1
16 539 4
16 543 1
16 560 1
16 561 2
16 563 1
16 568 1
16 577 1
16 599 1
16 604 1
16 610 1
16 618 2
16 637 1
16 645 2
16 653 2
16 682 1
16 683 1
16 703 10
16 729 1
16 744 2
16 755 1
16 787 1
16 815 1
16 819 1
16 822 2
16 838 1
16 847 1
16 858 1
16 876 1
16 909 3
16 924 1
16 929 21
16 938 2
16 943 1
16 967 1
16 1004 2
16 1025 1
16 1026 2
16 1027 1
16 1028 1
16 1029 3
16 1030 1
16 1031 1
16 1032 1
16 1033 1
16 1034 1
16 1035 1
16 1036 1
16 1037 3
16 1038 3
16 1039 1
16 1040 1
16 1041 2
16 1042 1
16 1043 1
16 1044 2
16 1045 1
16 1046 3
16 1047 1
16 1048 1
16 1049 1
16 1050 1
16 1051 1
16 1052 2
16 1053 1
16 1054 1
16 1055 1
16 1056 2
16 1057 1
16 1058 1
16 1059 3
16 1060 1
16 1061 1
16 1062 1
16 1063 1
16 1064 1
16 1065 1
16 1066 1
16 1067 2
16 1068 1
16 1069 1
16 1070 6
16 1071 1
16 1072 1
16 1073 2
16 1074 1
16 1075 1
16 1076 1
16 1077 2
16 1078 1
16 1079 1
16 1080 1
16 1081 1
16 1082 1
16 1083 2
16 1084 2
16 1085 1
16 1086 1
16 1087 1
16 1088 2
16 1089 1
16 1090 1
16 1091 2
16 1092 2
16 1093 2
16 1094 1
16 1095 3
16 1096 2
16 1097 1
16 1098 1
16 1099 1
16 1100 1
16 1101 1
16 1102 1
16 1103 1
16 1104 1
16 1105 1
16 1106 1
16 1107 2
16 1108 1
16 1109 1
16 1110 1
16 1111 1
16 1112 1
16 1113 1
16 1114 1
16 1115 1
16 1116 1
16 1117 1
16 1118 2
16 1119 1
16 1120 1
16 1121 1
16 1122 3
16 1123 1
16 1124 1
16 1125 2
16 1126 1
16 1127 1
16 1128 11
16 1129 3
16 1130 3
16 1131 47
16 1132 1
16 1133 3
16 1134 5
16 1135 1
16 1136 4
16 1137 1
16 1138 2
16 1139 3
16 1140 1
16 1141 1
16 1142 1
16 1143 3
16 1144 1
16 1145 1
16 1146 1
16 1147 4
16 1148 1
16 1149 1
16 1150 3
16 1151 2
16 1152 1
16 1153 1
16 1154 1
16 1155 1
16 1156 1
16 1157 1
16 1158 13
16 1159 3
16 1160 1
16 1161 1
16 1162 1
16 1163 1
16 1164 1
17 3 1
17 8 3
17 10 3
17 14 1
17 27 1
17 32 1
17 35 1
17 43 1
17 49 2
17 50 2
17 51 1
17 55 2
17 60 1
17 64 3
17 74 1
17 77 1
17 78 1
17 85 1
17 86 2
17 99 1
17 113 2
17 132 1
17 134 3
17 141 1
17 148 1
17 149 1
17 171 4
17 172 1
17 189 1
17 191 2
17 204 1
17 207 1
17 212 1
17 220 1
17 231 2
17 237 1
17 240 2
17 246 3
17 247 2
17 258 1
17 260 2
17 261 3
17 281 1
17 290 6
17 303 1
17 312 1
17 314 1
17 344 1
17 350 1
17 359 1
17 372 1
17 387 1
17 390 1
17 392 1
17 404 1
17 421 1
17 429 2
17 434 1
17 438 2
17 439 1
17 461 1
17 462 1
17 476 1
17 491 1
17 536 1
17 565 1
17 582 1
17 595 1
17 705 1
17 708 1
17 727 2
17 730 1
17 787 1
17 837 1
17 908 1
17 921 1
17 923 1
17 934 1
17 1054 1
17 1060 1
17 1101 1
17 1106 1
17 1151 1
17 1165 1
17 1166 1
17 1167 1
17 1168 1
17 1169 1
17 1170 1
17 1171 1
17 1172 1
17 1173 1
17 1174 1
17 1175 1
17 1176 1
17 1177 11
17 1178 1
17 1179 1
17 1180 2
17 1181 1
17 1182 1
17 1183 1
17 1184 2
17 1185 1
18 3 4
18 10 2
18 14 7
18 15 3
18 16 2
18 32 2
18 34 1
18 48 2
18 53 2
18 60 1
18 63 1
18 68 1
18 75 1
18 78 1
18 102 6
18 105 1
18 115 1
18 126 1
18 137 1
18 142 1
18 148 1
18 172 1
18 173 1
18 182 4
18 184 1
18 188 1
18 191 2
18 201 1
18 237 1
18 278 2
18 282 1
18 297 12
18 303 2
18 325 1
18 328 1
18 338 1
18 344 1
18 390 1
18 438 1
18 450 1
18 462 1
18 491 1
18 518 1
18 530 1
18 531 2
18 545 1
18 629 1
18 668 1
18 670 1
18 727 1
18 747 1
18 771 1
18 814 1
18 818 1
18 854 1
18 887 1
18 908 1
18 924 2
18 1004 1
18 1054 1
18 1100 1
18 1101 1
18 1122 1
18 1131 1
18 1148 1
18 1158 1
18 1172 1
18 1186 3
18 1187 3
18 1188 1
18 1189 1
18 1190 1
18 1191 2
18 1192 1
18 1193 1
18 1194 1
18 1195 1
18 1196 1
18 1197 2
18 1198 1
18 1199 1
19 2 2
19 3 4
19 10 2
19 13 1
19 14 4
19 15 5
19 16 2
19 32 1
19 34 1
19 35 1
19 48 2
19 53 1
19 60 1
19 75 1
19 78 1
19 94 3
19 102 3
19 105 1
19 116 1
19 119 1
19 126 2
19 130 1
19 133 1
19 137 1
19 148 1
19 155 1
19 172 1
19 173 1
19 181 1
19 182 4
19 189 3
19 202 1
19 208 2
19 220 1
19 224 2
19 237 1
19 256 1
19 261 1
19 269 1
19 297 12
19 303 1
19 322 1
19 370 2
19 385 1
19 424 1
19 438 1
19 450 1
19 456 2
19 461 1
19 491 1
19 508 1
19 512 1
19 518 1
19 535 1
19 536 1
19 537 1
19 565 1
19 569 3
19 620 1
19 629 1
19 668 1
19 670 1
19 727 1
19 769 2
19 770 1
19 781 1
19 818 2
19 852 2
19 901 1
19 912 1
19 934 1
19 1054 1
19 1061 1
19 1100 1
19 1101 1
19 1122 2
19 1172 1
19 1186 1
19 1188 1
19 1190 1
19 1192 1
19 1199 1
19 1200 1
19 1201 2
19 1202 1
19 1203 1
19 1204 1
19 1205 1
19 1206 1
19 1207 1
20 2 1
20 10 1
20 14 4
20 15 2
20 19 1
20 32 1
20 35 5
20 54 1
20 57 1
20 64 1
20 72 1
20 77 1
20 84 8
20 85 1
20 99 1
20 112 2
20 115 1
20 139 3
20 142 2
20 146 1
20 148 1
20 149 1
20 171 6
20 172 11
20 175 2
20 177 1
20 178 3
20 181 2
20 192 1
20 193 1
20 200 1
20 207 1
20 212 2
20 218 2
20 230 1
20 237 1
20 238 1
20 240 1
20 244 1
20 247 1
20 250 1
20 255 1
20 258 1
20 260 3
20 261 1
20 269 1
20 272 1
20 273 1
20 277 1
20 290 6
20 294 1
20 315 2
20 317 1
20 320 1
20 344 1
20 356 1
20 362 1
20 369 1
20 372 1
20 390 1
20 391 1
20 429 1
20 438 1
20 441 2
20 456 1
20 463 1
20 494 1
20 507 1
20 518 1
20 579 1
20 593 2
20 620 1
20 668 1
20 694 1
20 705 1
20 719 1
20 802 1
20 807 2
20 808 1
20 815 1
20 837 1
20 839 1
20 873 2
20 953 1
20 1015 1
20 1046 1
20 1079 1
20 1087 1
20 1106 1
20 1123 2
20 1158 1
20 1171 1
20 1188 1
20 1205 2
20 1208 2
20 1209 1
20 1210 1
20 1211 1
20 1212 1
20 1213 1
20 1214 1
20 1215 1
20 1216 1
20 1217 1
20 1218 1
20 1219 1
20 1220 1
20 1221 1
20 1222 1
20 1223 1
20 1224 1
20 1225 2
20 1226 1
20 1227 1
20 1228 1
20 1229 1
20 1230 2
20 1231 1
20 1232 1
20 1233 1
20 1234 1
20 1235 1
20 1236 1
21 4 2
21 14 6
21 24 1
21 35 6
21 77 1
21 84 4
21 86 2
21 97 1
21 109 3
21 114 2
21 126 1
21 145 1
21 146 1
21 149 1
21 172 5
21 176 2
21 178 1
21 193 1
21 208 2
21 212 4
21 225 2
21 236 1
21 240 1
21 258 2
21 274 1
21 290 7
21 314 1
21 344 1
21 374 1
21 415 1
21 438 2
21 441 1
21 474 1
21 476 1
21 490 1
21 493 2
21 512 1
21 517 1
21 521 1
21 534 1
21 542 1
21 543 1
21 668 1
21 768 1
21 793 1
21 888 1
21 956 1
21 1004 1
21 1014 2
21 1059 1
21 1117 1
21 1181 1
21 1208 1
21 1221 1
21 1224 1
21 1226 1
21 1230 1
21 1234 1
21 1237 1
21 1238 1
21 1239 1
21 1240 1
21 1241 1
21 1242 1
21 1243 1
21 1244 1
21 1245 1
21 1246 1
21 1247 1
21 1248 1
21 1249 3
21 1250 1
21 1251 1
21 1252 1
21 1253 1
21 1254 1
21 1255 1
22 1 1
22 3 4
22 10 2
22 12 2
22 14 7
22 15 6
22 16 2
22 18 2
22 19 2
22 28 1
22 32 3
22 35 3
22 40 1
22 43 1
22 52 3
22 54 1
22 60 1
22 66 1
22 72 2
22 75 1
22 77 2
22 84 4
22 85 2
22 86 1
22 91 1
22 97 1
22 99 1
22 102 1
22 108 2
22 112 1
22 120 1
22 123 1
22 124 4
22 125 1
22 126 1
22 132 1
22 133 1
22 137 2
22 146 4
22 149 1
22 154 1
22 156 1
22 161 1
22 164 1
22 166 2
22 171 3
22 181 4
22 182 2
22 187 1
22 191 1
22 200 1
22 203 4
22 204 1
22 212 1
22 213 2
22 215 2
22 224 1
22 238 1
22 240 1
22 246 1
22 255 1
22 256 3
22 258 2
22 260 1
22 266 2
22 269 4
22 271 1
22 286 1
22 290 2
22 297 2
22 300 1
22 306 2
22 350 2
22 361 2
22 378 1
22 390 1
22 402 1
22 449 3
22 456 1
22 490 18
22 491 8
22 494 1
22 496 1
22 499 1
22 500 1
22 525 2
22 540 2
22 579 1
22 620 1
22 656 1
22 677 2
22 694 3
22 724 1
22 801 1
22 848 1
22 869 1
22 888 2
22 894 1
22 953 18
22 956 1
22 957 2
22 1004 6
22 1020 2
22 1133 2
22 1134 2
22 1137 1
22 1158 1
22 1173 6
22 1177 1
22 1200 1
22 1230 1
22 1256 1
22 1257 1
22 1258 1
22 1259 2
22 1260 1
22 1261 1
22 1262 1
22 1263 2
22 1264 7
22 1265 1
22 1266 1
22 1267 1
22 1268 2
22 1269 1
22 1270 1
22 1271 2
22 1272 1
22 1273 1
22 1274 1
22 1275 6
22 1276 1
22 1277 1
22 1278 1
22 1279 1
22 1280 1
22 1281 1
22 1282 1
23 2 2
23 3 1
23 10 7
23 13 1
23 14 8
23 15 1
23 18 1
23 19 1
23 25 1
23 35 6
23 40 1
23 48 5
23 50 2
23 52 1
23 54 2
23 56 2
23 57 2
23 60 2
23 74 2
23 85 8
23 86 1
23 94 2
23 97 1
23 106 1
23 112 1
23 116 1
23 119 1
23 123 1
23 124 1
23 126 2
23 127 2
23 137 1
23 140 3
23 141 5
23 142 1
23 148 2
23 152 1
23 158 1
23 160 1
23 166 1
23 168 1
23 170 1
23 171 2
23 172 2
23 174 6
23 175 6
23 177 4
23 180 11
23 181 7
23 182 2
23 184 3
23 189 5
23 191 3
23 192 1
23 193 2
23 200 1
23 201 1
23 202 1
23 203 1
23 204 1
23 212 1
23 220 1
23 231 4
23 233 1
23 244 3
23 246 1
23 250 4
23 254 2
23 260 1
23 261 1
23 273 5
23 281 1
23 290 6
23 294 1
23 298 1
23 300 2
23 303 4
23 317 2
23 322 1
23 330 9
23 344 1
23 346 2
23 353 1
23 354 1
23 355 5
23 359 5
23 372 2
23 386 1
23 399 1
23 402 1
23 403 10
23 406 1
23 408 1
23 415 14
23 421 1
23 424 3
23 429 1
23 433 2
23 437 1
23 438 1
23 439 4
23 449 1
23 451 1
23 453 1
23 455 1
23 461 1
23 469 1
23 476 1
23 477 2
23 478 1
23 479 1
23 480 1
23 489 3
23 491 1
23 507 1
23 512 2
23 524 1
23 564 2
23 565 3
23 599 1
23 629 1
23 632 3
23 701 1
23 712 1
23 717 2
23 719 1
23 728 7
23 730 7
23 735 1
23 755 1
23 770 1
23 773 4
23 780 3
23 787 1
23 792 1
23 801 1
23 802 1
23 833 1
23 837 1
23 848 1
23 884 1
23 890 1
23 914 2
23 925 1
23 1041 1
23 1045 6
23 1050 1
23 1056 1
23 1097 1
23 1130 2
23 1150 1
23 1175 1
23 1181 1
23 1201 1
23 1207 1
23 1211 1
23 1212 2
23 1266 1
23 1282 1
23 1283 1
23 1284 2
23 1285 1
23 1286 1
23 1287 1
23 1288 1
23 1289 1
23 1290 1
23 1291 1
23 1292 1
23 1293 3
23 1294 3
23 1295 1
23 1296 1
23 1297 1
23 1298 2
23 1299 1
23 1300 1
23 1301 2
23 1302 2
23 1303 1
23 1304 1
23 1305 2
23 1306 1
23 1307 1
23 1308 1
23 1309 2
23 1310 1
23 1311 1
23 1312 1
23 1313 1
23 1314 1
23 1315 1
23 1316 1
23 1317 1
23 1318 1
23 1319 1
23 1320 2
23 1321 1
23 1322 1
24 2 1
24 3 4
24 7 2
24 10 3
24 14 6
24 15 2
24 16 1
24 26 1
24 28 2
24 32 4
24 35 2
24 37 1
24 40 2
24 43 1
24 49 6
24 50 2
24 51 1
24 53 5
24 54 3
24 55 1
24 56 1
24 64 4
24 66 1
24 72 2
24 77 6
24 84 3
24 86 2
24 91 1
24 96 1
24 97 1
24 106 1
24 108 3
24 109 1
24 120 1
24 134 10
24 136 1
24 146 8
24 148 1
24 149 1
24 156 2
24 158 1
24 161 1
24 166 1
24 171 11
24 172 4
24 174 2
24 175 1
24 178 1
24 181 2
24 182 1
24 185 1
24 189 1
24 191 3
24 200 1
24 204 1
24 207 2
24 215 2
24 218 2
24 222 1
24 223 1
24 240 5
24 247 1
24 249 1
24 258 1
24 260 1
24 285 2
24 290 9
24 302 1
24 303 1
24 320 4
24 322 1
24 327 1
24 338 1
24 346 3
24 356 1
24 370 1
24 384 2
24 386 1
24 429 1
24 434 1
24 461 1
24 491 1
24 494 2
24 501 1
24 512 1
24 556 1
24 565 1
24 582 1
24 650 1
24 669 2
24 705 1
24 708 1
24 719 1
24 724 2
24 751 1
24 765 1
24 773 1
24 784 1
24 791 1
24 804 1
24 873 1
24 886 1
24 892 1
24 897 1
24 959 1
24 976 1
24 999 1
24 1015 1
24 1083 1
24 1084 1
24 1097 3
24 1135 1
24 1137 1
24 1150 5
24 1151 2
24 1156 1
24 1168 1
24 1172 1
24 1177 23
24 1180 1
24 1230 1
24 1237 1
24 1258 1
24 1323 2
24 1324 1
24 1325 1
24 1326 1
24 1327 1
24 1328 1
24 1329 1
24 1330 1
24 1331 2
24 1332 1
24 1333 1
24 1334 1
24 1335 1
24 1336 4
24 1337 2
24 1338 2
24 1339 1
24 1340 10
24 1341 1
24 1342 2
24 1343 1
24 1344 2
24 1345 1
24 1346 1
24 1347 3
24 1348 1
24 1349 1
24 1350 1
24 1351 3
24 1352 1
24 1353 1
24 1354 2
24 1355 1
24 1356 1
25 1 1
25 2 5
25 3 12
25 4 2
25 7 2
25 14 3
25 15 2
25 18 1
25 27 1
25 28 1
25 32 5
25 35 1
25 50 1
25 53 2
25 55 2
25 64 3
25 66 1
25 72 3
25 77 5
25 84 3
25 86 1
25 91 3
25 97 3
25 102 2
25 109 1
25 111 1
25 112 1
25 127 1
25 133 8
25 137 1
25 140 1
25 142 5
25 143 1
25 146 6
25 149 3
25 156 2
25 168 1
25 171 1
25 172 4
25 178 1
25 182 7
25 191 1
25 200 1
25 203 1
25 204 2
25 212 2
25 222 2
25 224 1
25 234 1
25 240 1
25 249 1
25 256 6
25 258 1
25 260 2
25 264 1
25 278 5
25 290 4
25 303 1
25 324 1
25 333 1
25 340 4
25 383 1
25 386 1
25 392 1
25 438 1
25 440 2
25 476 1
25 481 9
25 486 1
25 494 1
25 501 1
25 535 1
25 545 1
25 556 1
25 557 1
25 652 1
25 668 1
25 673 1
25 676 2
25 792 1
25 804 1
25 1006 1
25 1054 1
25 1057 1
25 1101 1
25 1106 2
25 1186 1
25 1200 1
25 1258 2
25 1324 3
25 1343 1
25 1344 3
25 1357 1
25 1358 1
25 1359 1
25 1360 1
25 1361 1
25 1362 1
25 1363 1
25 1364 1
25 1365 1
25 1366 1
25 1367 1
25 1368 1
26 1 1
26 2 1
26 3 1
26 10 5
26 11 1
26 14 7
26 28 1
26 35 4
26 51 1
26 63 2
26 64 1
26 72 2
26 76 2
26 77 4
26 85 2
26 90 1
26 91 1
26 102 1
26 112 2
26 113 3
26 118 1
26 127 1
26 130 1
26 136 1
26 137 2
26 146 2
26 171 1
26 172 1
26 181 4
26 193 1
26 196 1
26 198 17
26 203 3
26 204 2
26 205 2
26 208 2
26 212 1
26 222 2
26 236 1
26 237 2
26 240 1
26 246 1
26 247 5
26 249 3
26 250 2
26 255 1
26 257 1
26 258 3
26 261 2
26 279 2
26 285 2
26 290 2
26 292 1
26 300 1
26 306 1
26 311 1
26 312 1
26 331 1
26 339 1
26 345 1
26 347 2
26 356 2
26 358 1
26 360 1
26 361 2
26 370 1
26 376 1
26 378 1
26 380 1
26 388 1
26 405 2
26 427 2
26 456 1
26 518 1
26 593 2
26 620 1
26 669 1
26 690 1
26 710 1
26 792 2
26 794 2
26 849 1
26 890 1
26 923 1
26 929 1
26 1004 1
26 1010 1
26 1016 1
26 1054 1
26 1101 1
26 1103 1
26 1144 1
26 1209 1
26 1279 1
26 1329 1
26 1351 2
26 1369 1
26 1370 1
26 1371 1
26 1372 1
26 1373 1
26 1374 1
26 1375 1
26 1376 1
26 1377 1
26 1378 1
26 1379 1
26 1380 1
26 1381 1
26 1382 1
26 1383 1
26 1384 1
27 2 1
27 3 1
27 10 9
27 14 1
27 15 1
27 27 3
27 35 4
27 42 1
27 50 1
27 53 1
27 63 1
27 108 1
27 119 1
27 142 10
27 154 2
27 172 1
27 178 1
27 181 1
27 182 2
27 184 1
27 201 1
27 219 1
27 246 3
27 247 1
27 250 1
27 260 1
27 261 1
27 267 10
27 278 2
27 290 3
27 311 1
27 342 1
27 347 1
27 352 1
27 385 3
27 392 1
27 438 1
27 653 1
27 696 1
27 744 3
27 823 1
27 862 1
27 886 1
27 888 1
27 1054 1
27 1101 1
27 1187 1
27 1225 1
27 1283 1
27 1336 2
27 1375 1
27 1385 1
27 1386 1
27 1387 1
27 1388 1
27 1389 1
27 1390 1
27 1391 1
27 1392 1
27 1393 2
27 1394 1
27 1395 3
27 1396 1
27 1397 5
27 1398 1
28 3 1
28 14 9
28 19 1
28 24 1
28 27 1
28 41 1
28 48 4
28 55 1
28 58 1
28 72 1
28 75 1
28 77 2
28 91 1
28 105 3
28 109 3
28 112 1
28 113 3
28 119 1
28 138 1
28 141 6
28 142 5
28 146 1
28 161 1
28 162 1
28 171 1
28 172 9
28 173 3
28 176 1
28 178 1
28 182 1
28 188 1
28 201 1
28 238 1
28 247 1
28 253 1
28 257 1
28 279 2
28 285 1
28 290 2
28 311 1
28 318 1
28 341 1
28 344 4
28 352 1
28 382 2
28 389 1
28 438 1
28 460 2
28 461 1
28 501 1
28 508 2
28 539 1
28 593 1
28 629 3
28 668 1
28 688 1
28 690 3
28 692 1
28 792 1
28 801 1
28 838 1
28 886 1
28 899 1
28 906 1
28 907 1
28 912 1
28 920 1
28 924 1
28 1073 1
28 1078 1
28 1084 1
28 1095 1
28 1126 1
28 1188 2
28 1206 1
28 1226 1
28 1244 1
28 1324 1
28 1351 1
28 1370 2
28 1399 1
28 1400 2
28 1401 1
28 1402 2
28 1403 2
28 1404 1
28 1405 1
28 1406 1
28 1407 1
28 1408 3
28 1409 2
28 1410 1
28 1411 1
28 1412 1
28 1413 1
28 1414 2
28 1415 1
28 1416 1
28 1417 1
28 1418 1
29 1 1
29 2 7
29 3 9
29 8 2
29 10 5
29 13 1
29 14 6
29 15 14
29 21 1
29 26 1
29 28 3
29 29 2
29 32 3
29 35 6
29 40 1
29 41 1
29 42 1
29 48 1
29 50 3
29 51 1
29 53 1
29 55 1
29 60 1
29 63 2
29 68 1
29 70 1
29 72 2
29 74 1
29 76 1
29 77 4
29 79 2
29 84 2
29 85 5
29 86 1
29 91 2
29 93 2
29 95 1
29 97 1
29 102 5
29 105 3
29 106 1
29 112 4
29 115 1
29 116 1
29 119 1
29 127 2
29 128 1
29 133 4
29 137 3
29 141 4
29 142 2
29 145 1
29 146 6
29 148 3
29 149 1
29 152 1
29 156 2
29 158 2
29 162 1
29 164 1
29 171 4
29 172 6
29 173 2
29 174 1
29 178 1
29 181 7
29 182 4
29 186 1
29 189 3
29 191 1
29 203 1
29 204 3
29 208 5
29 212 2
29 219 1
29 220 3
29 222 2
29 224 2
29 228 4
29 230 1
29 234 5
29 236 2
29 244 2
29 246 1
29 247 1
29 249 2
29 253 1
29 254 1
29 257 5
29 258 5
29 261 1
29 263 2
29 276 1
29 279 2
29 281 1
29 286 1
29 290 1
29 297 2
29 303 4
29 307 1
29 313 1
29 315 6
29 321 1
29 330 1
29 347 1
29 355 1
29 356 1
29 359 2
29 361 1
29 367 1
29 372 3
29 386 2
29 389 1
29 399 1
29 403 3
29 408 2
29 411 8
29 415 1
29 419 19
29 429 1
29 434 1
29 438 1
29 439 1
29 445 1
29 450 4
29 455 3
29 456 1
29 459 2
29 477 1
29 481 3
29 491 2
29 493 2
29 494 1
29 501 2
29 507 1
29 521 2
29 524 1
29 556 1
29 579 3
29 597 1
29 629 1
29 644 1
29 667 1
29 674 1
29 695 1
29 705 1
29 707 2
29 717 3
29 719 2
29 724 1
29 726 1
29 737 1
29 738 1
29 749 3
29 768 1
29 794 1
29 801 1
29 803 1
29 807 1
29 814 1
29 827 1
29 832 1
29 878 1
29 884 1
29 897 1
29 900 1
29 908 6
29 914 1
29 934 2
29 940 1
29 943 1
29 1010 3
29 1016 1
29 1083 1
29 1106 2
29 1137 1
29 1151 2
29 1170 1
29 1175 1
29 1177 2
29 1205 8
29 1206 1
29 1229 1
29 1283 1
29 1284 1
29 1293 3
29 1307 3
29 1314 1
29 1315 1
29 1321 1
29 1324 1
29 1359 1
29 1370 2
29 1399 1
29 1419 1
29 1420 1
29 1421 1
29 1422 1
29 1423 1
29 1424 5
29 1425 1
29 1426 1
29 1427 1
29 1428 1
29 1429 1
29 1430 1
29 1431 3
29 1432 1
29 1433 1
29 1434 1
29 1435 1
29 1436 1
29 1437 1
29 1438 1
29 1439 1
29 1440 1
29 1441 1
29 1442 1
29 1443 1
29 1444 1
29 1445 1
29 1446 1
29 1447 1
29 1448 1
29 1449 1
29 1450 1
30 1 1
30 2 1
30 3 10
30 5 4
30 7 1
30 10 6
30 12 1
30 14 4
30 15 2
30 25 1
30 28 1
30 32 2
30 35 4
30 40 3
30 41 2
30 43 7
30 48 2
30 52 1
30 53 3
30 54 4
30 56 3
30 57 1
30 65 1
30 72 2
30 74 2
30 75 1
30 77 1
30 84 1
30 86 1
30 91 5
30 95 8
30 97 1
30 105 10
30 106 1
30 112 1
30 115 1
30 124 1
30 129 1
30 132 1
30 133 1
30 136 1
30 137 1
30 141 21
30 146 1
30 149 2
30 155 1
30 156 2
30 161 1
30 166 2
30 172 7
30 173 1
30 174 14
30 175 1
30 177 3
30 178 4
30 180 5
30 181 8
30 182 2
30 186 2
30 189 3
30 191 4
30 193 6
30 200 1
30 201 2
30 207 1
30 208 12
30 210 1
30 212 2
30 214 1
30 218 3
30 220 3
30 233 2
30 249 1
30 250 1
30 255 1
30 258 3
30 261 1
30 269 2
30 270 1
30 277 1
30 284 1
30 286 2
30 287 1
30 290 7
30 300 3
30 303 6
30 327 2
30 340 1
30 344 1
30 346 1
30 361 1
30 369 1
30 372 11
30 385 1
30 392 1
30 408 1
30 411 45
30 413 1
30 419 20
30 421 1
30 428 2
30 429 2
30 434 3
30 437 3
30 438 1
30 439 4
30 446 1
30 456 2
30 461 2
30 463 2
30 479 1
30 481 1
30 483 1
30 489 3
30 491 1
30 494 1
30 508 1
30 512 1
30 525 1
30 565 1
30 587 1
30 591 1
30 624 4
30 652 3
30 662 4
30 669 1
30 680 1
30 694 3
30 703 2
30 707 1
30 744 2
30 745 1
30 794 3
30 801 3
30 802 1
30 807 1
30 828 1
30 869 2
30 873 3
30 878 1
30 884 4
30 890 1
30 895 1
30 897 6
30 914 1
30 918 1
30 952 1
30 953 3
30 958 1
30 1050 2
30 1078 1
30 1092 1
30 1096 2
30 1150 1
30 1205 2
30 1261 1
30 1287 2
30 1313 1
30 1314 2
30 1322 2
30 1324 2
30 1342 1
30 1445 1
30 1446 1
30 1451 2
30 1452 5
30 1453 2
30 1454 2
30 1455 1
30 1456 1
30 1457 1
30 1458 1
30 1459 5
30 1460 4
30 1461 1
30 1462 1
30 1463 1
30 1464 1
30 1465 1
30 1466 1
30 1467 4
30 1468 1
30 1469 1
30 1470 2
30 1471 1
30 1472 1
30 1473 1
30 1474 1
30 1475 1
30 1476 2
30 1477 1
30 1478 1
30 1479 1
30 1480 1
31 2 1
31 10 6
31 13 1
31 14 2
31 15 3
31 42 1
31 50 1
31 106 1
31 111 1
31 113 4
31 143 1
31 164 1
31 172 2
31 178 1
31 200 1
31 201 1
31 202 1
31 220 1
31 238 1
31 246 1
31 261 2
31 282 6
31 352 1
31 361 1
31 405 1
31 408 1
31 438 1
31 483 2
31 484 1
31 524 1
31 536 1
31 669 1
31 705 1
31 801 1
31 862 1
31 878 3
31 900 2
31 1106 1
31 1158 4
31 1266 1
31 1270 9
31 1301 1
31 1380 3
31 1481 2
31 1482 1
31 1483 2
32 3 2
32 10 4
32 14 4
32 15 1
32 35 1
32 50 1
32 51 1
32 111 1
32 126 1
32 143 1
32 172 2
32 178 1
32 181 1
32 236 1
32 247 1
32 250 1
32 261 2
32 269 1
32 282 2
32 290 1
32 295 1
32 311 1
32 335 1
32 342 1
32 347 1
32 402 1
32 438 1
32 524 1
32 603 1
32 810 1
32 1054 1
32 1101 1
32 1158 2
32 1267 1
32 1270 2
32 1383 1
32 1484 1
32 1485 6
33 3 4
33 4 2
33 10 3
33 11 1
33 13 1
33 14 4
33 15 8
33 28 3
33 32 6
33 35 3
33 37 2
33 40 2
33 42 1
33 45 1
33 48 3
33 49 4
33 51 2
33 52 1
33 53 1
33 54 1
33 57 1
33 58 3
33 63 1
33 72 3
33 73 2
33 75 3
33 77 5
33 84 1
33 85 4
33 91 2
33 97 1
33 99 1
33 102 2
33 105 3
33 106 1
33 112 1
33 118 1
33 119 1
33 132 1
33 133 2
33 136 2
33 137 2
33 138 1
33 142 1
33 145 1
33 146 9
33 152 6
33 153 1
33 156 2
33 158 3
33 161 1
33 166 1
33 168 1
33 171 5
33 172 4
33 173 3
33 174 1
33 177 3
33 181 4
33 182 6
33 184 1
33 187 1
33 189 1
33 191 1
33 192 2
33 193 1
33 201 2
33 203 2
33 204 7
33 207 1
33 211 1
33 212 2
33 216 11
33 220 1
33 222 2
33 224 2
33 233 1
33 234 1
33 235 1
33 244 3
33 246 1
33 247 1
33 249 2
33 256 1
33 258 4
33 260 2
33 264 1
33 266 1
33 269 2
33 274 1
33 275 1
33 279 1
33 281 1
33 282 8
33 284 2
33 287 2
33 288 1
33 289 1
33 290 1
33 297 2
33 298 1
33 300 2
33 303 2
33 316 1
33 322 1
33 327 1
33 338 1
33 342 1
33 343 3
33 344 1
33 352 1
33 359 3
33 372 1
33 408 1
33 416 1
33 419 6
33 427 1
33 429 2
33 434 1
33 450 1
33 451 1
33 457 1
33 463 1
33 491 1
33 494 1
33 508 1
33 510 1
33 525 1
33 545 1
33 556 1
33 591 1
33 597 1
33 708 1
33 716 1
33 749 1
33 755 1
33 760 1
33 802 2
33 804 1
33 808 1
33 823 1
33 848 1
33 860 1
33 862 1
33 888 1
33 900 1
33 912 1
33 929 2
33 1004 1
33 1017 1
33 1083 1
33 1097 1
33 1144 1
33 1158 1
33 1166 1
33 1181 1
33 1186 1
33 1195 1
33 1205 4
33 1211 1
33 1224 1
33 1284 2
33 1305 1
33 1315 1
33 1324 1
33 1349 1
33 1438 1
33 1456 1
33 1486 1
33 1487 1
33 1488 1
33 1489 1
33 1490 1
33 1491 1
33 1492 1
33 1493 1
33 1494 3
33 1495 3
33 1496 1
33 1497 1
33 1498 1
33 1499 2
33 1500 1
33 1501 1
33 1502 1
33 1503 1
33 1504 1
33 1505 1
33 1506 3
33 1507 1
33 1508 1
33 1509 1
33 1510 1
33 1511 1
33 1512 1
34 2 1
34 4 1
34 10 1
34 12 1
34 13 1
34 14 8
34 15 2
34 19 1
34 27 1
34 32 2
34 39 1
34 48 2
34 50 1
34 75 1
34 77 1
34 85 2
34 105 2
34 108 1
34 111 1
34 112 1
34 113 2
34 119 1
34 141 9
34 142 13
34 143 1
34 146 1
34 153 1
34 171 1
34 172 9
34 173 2
34 178 1
34 181 2
34 182 2
34 191 1
34 193 1
34 201 3
34 219 1
34 221 5
34 238 2
34 244 1
34 246 1
34 250 1
34 255 1
34 281 1
34 282 2
34 290 3
34 292 3
34 311 1
34 318 1
34 339 1
34 344 1
34 347 1
34 382 1
34 385 2
34 389 1
34 405 2
34 429 1
34 438 2
34 484 1
34 524 1
34 536 1
34 537 2
34 629 7
34 653 1
34 660 2
34 688 1
34 690 2
34 698 1
34 699 1
34 714 1
34 787 3
34 792 1
34 862 2
34 899 1
34 912 2
34 921 1
34 938 1
34 1047 1
34 1077 1
34 1078 1
34 1121 1
34 1128 1
34 1139 1
34 1158 1
34 1189 1
34 1226 1
34 1266 1
34 1267 1
34 1270 1
34 1283 1
34 1352 1
34 1370 2
34 1400 9
34 1402 1
34 1403 2
34 1404 1
34 1408 1
34 1409 1
34 1410 1
34 1412 1
34 1414 2
34 1417 1
34 1513 1
34 1514 1
34 1515 1
34 1516 1
34 1517 1
34 1518 1
34 1519 1
34 1520 1
34 1521 1
34 1522 1
34 1523 1
35 2 1
35 14 8
35 19 1
35 27 1
35 32 1
35 48 2
35 50 1
35 56 1
35 60 1
35 63 2
35 75 1
35 77 2
35 78 1
35 90 1
35 98 1
35 105 2
35 108 1
35 111 1
35 112 1
35 113 1
35 116 1
35 127 1
35 141 3
35 142 16
35 143 1
35 146 1
35 171 1
35 172 10
35 173 2
35 178 1
35 181 1
35 188 1
35 191 2
35 194 1
35 203 1
35 215 1
35 237 1
35 238 2
35 240 1
35 243 1
35 250 1
35 260 1
35 261 1
35 270 2
35 277 1
35 279 2
35 290 6
35 292 4
35 344 1
35 347 6
35 352 1
35 355 1
35 362 1
35 382 1
35 383 1
35 385 1
35 386 2
35 389 1
35 416 1
35 429 1
35 438 2
35 475 1
35 476 1
35 501 1
35 512 2
35 524 1
35 556 2
35 564 1
35 575 1
35 629 2
35 632 1
35 668 2
35 669 1
35 692 1
35 737 1
35 748 4
35 792 1
35 827 1
35 862 1
35 906 1
35 912 1
35 924 1
35 1006 1
35 1135 1
35 1139 1
35 1149 1
35 1182 1
35 1213 1
35 1226 1
35 1230 1
35 1244 11
35 1344 2
35 1351 1
35 1370 2
35 1385 1
35 1400 4
35 1403 2
35 1404 2
35 1408 2
35 1410 4
35 1413 1
35 1414 2
35 1425 1
35 1517 1
35 1524 2
35 1525 1
35 1526 1
35 1527 1
35 1528 2
35 1529 1
35 1530 1
35 1531 2
35 1532 1
35 1533 1
35 1534 1
35 1535 1
35 1536 1
35 1537 1
35 1538 1
35 1539 1
35 1540 1
35 1541 1
35 1542 1
35 1543 1
35 1544 1
35 1545 1
35 1546 1
36 1 1
36 2 6
36 3 4
36 6 2
36 10 17
36 13 1
36 14 7
36 15 19
36 18 2
36 26 1
36 28 1
36 32 3
36 35 3
36 40 2
36 48 1
36 50 1
36 51 1
36 52 1
36 53 1
36 54 2
36 55 2
36 66 1
36 68 1
36 70 1
36 72 2
36 75 1
36 76 4
36 77 8
36 84 5
36 85 3
36 86 2
36 91 2
36 94 8
36 97 2
36 99 1
36 105 5
36 106 1
36 108 1
36 111 1
36 112 2
36 118 2
36 127 3
36 128 4
36 132 1
36 133 1
36 143 1
36 145 1
36 146 12
36 149 4
36 156 2
36 166 1
36 171 1
36 172 16
36 173 1
36 174 7
36 175 1
36 177 2
36 178 1
36 181 4
36 182 4
36 185 1
36 191 1
36 192 1
36 200 1
36 201 3
36 202 4
36 203 1
36 204 2
36 212 3
36 215 1
36 220 1
36 222 2
36 232 1
36 238 1
36 249 3
36 257 3
36 258 1
36 261 1
36 263 3
36 264 1
36 279 1
36 287 8
36 297 1
36 303 1
36 314 1
36 315 1
36 342 1
36 344 2
36 352 4
36 355 1
36 359 1
36 361 1
36 408 15
36 411 4
36 419 36
36 421 1
36 429 1
36 431 1
36 436 1
36 441 1
36 445 1
36 448 1
36 473 1
36 487 1
36 494 1
36 507 1
36 508 1
36 509 1
36 512 1
36 521 2
36 536 1
36 539 2
36 556 1
36 560 1
36 579 1
36 581 5
36 650 1
36 688 1
36 694 2
36 698 1
36 707 2
36 792 1
36 804 1
36 827 1
36 884 1
36 888 2
36 904 3
36 908 1
36 913 1
36 921 1
36 925 1
36 958 1
36 996 1
36 1010 1
36 1038 1
36 1062 1
36 1064 1
36 1098 1
36 1106 1
36 1117 1
36 1181 1
36 1230 1
36 1253 1
36 1255 1
36 1258 1
36 1310 1
36 1339 1
36 1372 1
36 1423 1
36 1433 1
36 1437 1
36 1445 1
36 1450 1
36 1466 1
36 1484 1
36 1517 6
36 1532 1
36 1547 1
36 1548 1
36 1549 1
36 1550 1
36 1551 1
36 1552 1
36 1553 1
36 1554 1
36 1555 2
36 1556 1
36 1557 1
36 1558 1
36 1559 1
36 1560 1
36 1561 1
36 1562 3
36 1563 4
36 1564 3
36 1565 1
36 1566 1
36 1567 1
36 1568 1
36 1569 1
36 1570 1
36 1571 1
36 1572 1
36 1573 1
36 1574 4
36 1575 14
36 1576 1
36 1577 1
36 1578 1
36 1579 1
36 1580 1
37 1 1
37 2 1
37 8 1
37 10 3
37 14 3
37 15 5
37 32 1
37 43 1
37 50 1
37 63 1
37 64 2
37 84 2
37 88 2
37 106 1
37 111 1
37 134 1
37 141 1
37 143 1
37 149 1
37 164 1
37 172 6
37 177 1
37 178 1
37 188 1
37 193 2
37 200 1
37 201 1
37 203 1
37 204 1
37 219 1
37 220 1
37 315 1
37 413 1
37 434 1
37 438 1
37 439 1
37 441 1
37 442 1
37 446 7
37 456 1
37 463 2
37 483 1
37 494 1
37 632 1
37 652 1
37 662 2
37 668 1
37 819 1
37 873 1
37 876 1
37 892 3
37 908 1
37 921 1
37 931 5
37 1015 1
37 1041 1
37 1087 1
37 1151 1
37 1181 1
37 1186 1
37 1227 1
37 1230 1
37 1581 1
37 1582 1
37 1583 1
37 1584 1
37 1585 1
38 1 1
38 3 1
38 10 4
38 14 3
38 15 3
38 35 1
38 50 1
38 84 2
38 85 1
38 94 1
38 105 1
38 106 1
38 111 1
38 126 1
38 138 1
38 143 1
38 155 2
38 162 1
38 164 1
38 172 2
38 173 1
38 178 1
38 181 1
38 182 4
38 189 2
38 191 2
38 200 1
38 204 2
38 208 4
38 220 1
38 230 3
38 231 3
38 246 1
38 260 1
38 261 1
38 267 1
38 269 1
38 288 1
38 290 1
38 346 1
38 361 1
38 369 3
38 389 1
38 392 1
38 403 2
38 426 6
38 438 1
38 463 2
38 483 2
38 484 1
38 520 4
38 536 1
38 597 1
38 652 1
38 677 4
38 708 2
38 712 1
38 721 5
38 734 1
38 827 2
38 862 1
38 874 1
38 890 1
38 918 1
38 953 7
38 1014 2
38 1443 1
38 1586 3
38 1587 1
38 1588 1
38 1589 6
38 1590 1
38 1591 2
38 1592 1
38 1593 1
39 3 2
39 10 6
39 13 1
39 14 3
39 19 1
39 30 1
39 40 2
39 43 1
39 48 2
39 50 1
39 51 1
39 52 1
39 53 3
39 54 1
39 63 4
39 66 1
39 72 3
39 76 1
39 77 5
39 85 10
39 87 1
39 91 1
39 94 1
39 95 1
39 97 1
39 105 1
39 106 1
39 111 1
39 112 1
39 113 1
39 119 1
39 123 2
39 132 1
39 143 1
39 146 5
39 155 1
39 156 2
39 164 1
39 166 2
39 170 1
39 172 2
39 173 1
39 174 4
39 177 1
39 178 1
39 181 3
39 182 8
39 185 1
39 189 1
39 191 1
39 192 1
39 193 1
39 200 1
39 201 1
39 203 1
39 204 2
39 207 1
39 208 1
39 211 1
39 212 2
39 215 3
39 220 1
39 222 2
39 230 2
39 231 6
39 232 1
39 234 1
39 237 1
39 240 1
39 242 1
39 246 2
39 249 1
39 253 1
39 257 2
39 258 4
39 260 1
39 261 3
39 264 1
39 269 1
39 272 1
39 273 8
39 280 2
39 281 1
39 282 2
39 285 2
39 287 6
39 288 1
39 289 1
39 290 6
39 295 1
39 303 1
39 311 1
39 330 1
39 338 1
39 342 3
39 347 6
39 355 1
39 359 1
39 361 1
39 369 1
39 377 1
39 390 1
39 402 1
39 403 3
39 406 4
39 411 1
39 419 3
39 429 1
39 433 1
39 436 1
39 449 1
39 471 1
39 494 1
39 508 1
39 512 1
39 536 2
39 637 2
39 652 1
39 675 1
39 677 1
39 690 1
39 695 1
39 703 1
39 710 2
39 717 1
39 719 3
39 724 1
39 802 1
39 804 1
39 843 2
39 881 1
39 900 1
39 934 1
39 953 1
39 967 1
39 985 1
39 1010 1
39 1050 1
39 1083 1
39 1121 1
39 1158 1
39 1180 1
39 1205 1
39 1266 4
39 1283 1
39 1288 1
39 1301 1
39 1590 1
39 1594 1
39 1595 1
39 1596 1
39 1597 2
39 1598 9
39 1599 8
39 1600 1
39 1601 1
39 1602 1
39 1603 1
39 1604 2
39 1605 2
39 1606 1
39 1607 1
39 1608 1
39 1609 1
40 3 1
40 10 8
40 14 3
40 15 7
40 18 2
40 19 1
40 32 1
40 40 1
40 48 2
40 52 2
40 53 1
40 54 1
40 66 1
40 72 2
40 74 1
40 77 6
40 84 7
40 85 12
40 87 1
40 91 1
40 94 1
40 96 2
40 105 2
40 106 1
40 108 1
40 109 1
40 112 1
40 123 3
40 124 1
40 132 2
40 136 1
40 139 14
40 145 1
40 146 10
40 148 1
40 149 1
40 154 1
40 155 1
40 156 1
40 160 2
40 164 1
40 166 2
40 170 1
40 171 1
40 172 2
40 173 2
40 174 6
40 175 4
40 177 1
40 181 3
40 182 9
40 189 4
40 191 1
40 192 1
40 193 1
40 200 1
40 201 1
40 203 1
40 204 4
40 208 1
40 210 1
40 211 1
40 212 2
40 215 2
40 218 4
40 220 2
40 222 2
40 223 1
40 225 1
40 230 4
40 231 10
40 232 2
40 246 2
40 249 6
40 253 1
40 254 2
40 258 1
40 264 1
40 273 3
40 279 1
40 281 1
40 285 2
40 286 1
40 297 3
40 303 1
40 322 1
40 330 1
40 338 1
40 350 1
40 355 1
40 359 3
40 361 1
40 369 2
40 372 1
40 389 1
40 392 2
40 403 4
40 406 3
40 408 2
40 424 1
40 426 2
40 436 1
40 438 1
40 453 2
40 468 1
40 471 1
40 483 2
40 489 1
40 491 1
40 493 1
40 507 1
40 508 1
40 534 1
40 536 1
40 554 1
40 565 1
40 591 2
40 637 1
40 677 5
40 708 1
40 710 1
40 717 2
40 719 1
40 724 1
40 726 1
40 749 1
40 804 1
40 813 1
40 817 1
40 837 1
40 840 1
40 881 1
40 888 1
40 892 2
40 895 2
40 915 3
40 953 1
40 1027 1
40 1060 1
40 1062 1
40 1082 1
40 1083 1
40 1106 3
40 1158 1
40 1183 1
40 1215 1
40 1225 1
40 1230 1
40 1283 1
40 1301 1
40 1403 1
40 1425 1
40 1463 1
40 1547 1
40 1590 1
40 1601 1
40 1607 1
40 1608 1
40 1610 1
40 1611 1
40 1612 1
40 1613 1
40 1614 1
40 1615 2
40 1616 1
40 1617 27
40 1618 1
40 1619 1
40 1620 1
40 1621 1
40 1622 2
40 1623 1
40 1624 2
41 1 1
41 2 1
41 10 3
41 14 3
41 15 1
41 27 3
41 35 3
41 42 1
41 50 1
41 74 3
41 76 1
41 77 1
41 78 1
41 85 5
41 105 1
41 111 1
41 112 1
41 123 13
41 139 1
41 141 2
41 143 1
41 146 1
41 148 1
41 152 1
41 160 2
41 172 4
41 178 1
41 181 3
41 182 5
41 192 1
41 208 1
41 220 3
41 228 1
41 230 1
41 231 2
41 234 2
41 246 1
41 249 3
41 255 1
41 273 4
41 280 1
41 281 1
41 285 1
41 287 1
41 325 1
41 343 2
41 359 2
41 361 3
41 372 1
41 382 1
41 403 4
41 415 6
41 424 2
41 438 2
41 483 2
41 502 1
41 637 4
41 708 2
41 712 1
41 730 1
41 827 1
41 874 2
41 888 1
41 915 2
41 953 1
41 1004 1
41 1136 1
41 1158 3
41 1173 1
41 1181 1
41 1198 2
41 1230 1
41 1283 1
41 1309 1
41 1443 2
41 1558 1
41 1590 1
41 1591 1
41 1621 1
41 1625 2
41 1626 1
41 1627 1
41 1628 1
41 1629 2
41 1630 1
41 1631 1
41 1632 1
42 10 7
42 14 2
42 32 3
42 42 1
42 50 1
42 72 1
42 76 1
42 84 1
42 85 2
42 88 3
42 90 1
42 92 1
42 105 2
42 106 1
42 111 1
42 123 3
42 143 1
42 149 1
42 160 1
42 164 1
42 172 5
42 178 1
42 181 1
42 182 3
42 191 1
42 200 1
42 201 1
42 219 2
42 220 1
42 228 1
42 231 1
42 237 1
42 241 2
42 244 1
42 258 1
42 261 1
42 273 2
42 290 5
42 339 1
42 359 1
42 363 1
42 369 1
42 383 1
42 386 2
42 403 1
42 404 1
42 408 1
42 415 1
42 429 1
42 439 7
42 451 1
42 454 1
42 524 1
42 536 1
42 677 3
42 682 2
42 708 2
42 730 1
42 873 1
42 915 1
42 956 1
42 1158 1
42 1180 1
42 1255 1
42 1283 1
42 1302 1
42 1431 1
42 1488 5
42 1590 1
42 1633 4
43 2 1
43 3 8
43 10 10
43 13 1
43 14 1
43 15 12
43 19 2
43 23 1
43 28 2
43 35 1
43 40 2
43 50 3
43 51 1
43 52 1
43 53 2
43 54 2
43 57 1
43 60 3
43 72 3
43 74 2
43 76 3
43 77 5
43 85 13
43 86 1
43 91 2
43 94 6
43 95 1
43 97 1
43 105 1
43 106 1
43 112 3
43 115 1
43 119 2
43 123 5
43 124 1
43 127 1
43 128 1
43 132 1
43 140 4
43 141 1
43 142 1
43 146 7
43 155 1
43 156 2
43 160 4
43 166 2
43 170 1
43 171 2
43 172 5
43 174 7
43 175 5
43 177 1
43 178 2
43 180 5
43 181 6
43 182 7
43 185 1
43 188 1
43 189 6
43 191 1
43 192 3
43 193 1
43 200 1
43 201 1
43 203 2
43 204 5
43 207 1
43 208 4
43 212 2
43 214 1
43 220 3
43 222 2
43 230 3
43 234 1
43 235 1
43 236 1
43 244 2
43 246 1
43 249 5
43 254 2
43 258 3
43 261 1
43 263 1
43 264 1
43 271 1
43 273 6
43 279 1
43 281 1
43 283 1
43 285 1
43 287 1
43 294 1
43 295 1
43 303 3
43 310 1
43 313 1
43 315 1
43 330 2
43 344 2
43 345 1
43 346 1
43 367 1
43 386 2
43 392 1
43 403 3
43 408 1
43 411 3
43 415 1
43 419 17
43 421 2
43 422 1
43 424 2
43 429 5
43 434 2
43 437 3
43 439 1
43 441 1
43 450 1
43 453 1
43 455 2
43 456 2
43 459 1
43 461 1
43 463 1
43 464 1
43 469 1
43 477 2
43 478 1
43 479 2
43 483 1
43 489 3
43 490 1
43 491 1
43 501 1
43 507 1
43 512 1
43 524 1
43 525 1
43 530 3
43 565 3
43 579 1
43 581 2
43 616 1
43 644 1
43 652 1
43 667 1
43 675 1
43 695 4
43 697 1
43 708 2
43 717 3
43 729 1
43 730 1
43 737 1
43 749 2
43 783 1
43 799 1
43 802 2
43 804 1
43 810 3
43 832 1
43 840 1
43 852 1
43 874 1
43 878 1
43 887 1
43 890 2
43 904 2
43 908 5
43 911 2
43 914 1
43 915 1
43 923 1
43 936 1
43 956 1
43 1050 1
43 1053 1
43 1100 1
43 1106 1
43 1170 1
43 1205 9
43 1206 2
43 1212 1
43 1230 1
43 1283 2
43 1284 1
43 1287 2
43 1293 2
43 1298 1
43 1299 1
43 1305 1
43 1307 3
43 1309 1
43 1314 1
43 1315 1
43 1322 2
43 1382 1
43 1399 1
43 1419 1
43 1420 1
43 1426 1
43 1429 1
43 1434 1
43 1435 2
43 1439 6
43 1443 1
43 1444 1
43 1464 1
43 1478 1
43 1484 2
43 1590 1
43 1634 2
43 1635 1
43 1636 2
43 1637 1
43 1638 1
43 1639 1
43 1640 1
43 1641 1
43 1642 1
43 1643 1
43 1644 1
43 1645 3
44 14 3
44 15 7
44 16 1
44 28 2
44 35 2
44 40 4
44 41 1
44 50 2
44 53 7
44 54 2
44 57 1
44 64 1
44 72 3
44 77 4
44 84 1
44 85 2
44 91 4
44 92 1
44 97 1
44 102 1
44 106 1
44 112 2
44 127 2
44 146 6
44 156 3
44 158 7
44 166 3
44 171 3
44 172 2
44 178 2
44 181 2
44 189 1
44 194 2
44 197 2
44 198 3
44 199 7
44 200 1
44 201 1
44 202 1
44 203 4
44 204 2
44 205 2
44 207 1
44 208 2
44 212 2
44 214 1
44 215 1
44 219 1
44 220 3
44 222 2
44 226 1
44 230 1
44 231 3
44 232 1
44 234 1
44 235 1
44 237 1
44 239 1
44 240 1
44 243 2
44 244 3
44 248 1
44 249 1
44 250 1
44 251 1
44 254 1
44 255 2
44 258 1
44 260 1
44 264 1
44 269 1
44 272 1
44 273 1
44 280 1
44 283 1
44 295 1
44 300 1
44 304 1
44 307 3
44 311 1
44 331 1
44 338 1
44 358 1
44 360 1
44 361 1
44 372 4
44 375 3
44 376 1
44 380 1
44 383 1
44 388 1
44 390 1
44 391 1
44 404 1
44 408 1
44 410 1
44 419 1
44 438 1
44 467 1
44 476 1
44 491 9
44 492 2
44 501 1
44 508 1
44 581 1
44 629 3
44 672 1
44 675 1
44 680 1
44 683 1
44 685 1
44 687 1
44 705 1
44 708 1
44 717 1
44 719 5
44 733 1
44 739 1
44 745 1
44 775 1
44 783 1
44 791 1
44 845 1
44 932 2
44 1053 1
44 1155 1
44 1205 2
44 1215 2
44 1333 1
44 1370 1
44 1371 1
44 1403 3
44 1414 2
44 1471 1
44 1558 1
44 1625 1
44 1638 1
44 1646 1
44 1647 1
44 1648 1
44 1649 1
44 1650 1
44 1651 1
44 1652 1
44 1653 1
44 1654 1
44 1655 1
44 1656 1
44 1657 1
44 1658 5
44 1659 1
44 1660 1
44 1661 1
44 1662 1
44 1663 1
44 1664 1
44 1665 2
44 1666 1
44 1667 1
44 1668 1
44 1669 1
45 2 1
45 3 1
45 10 4
45 14 1
45 15 3
45 45 1
45 50 1
45 56 1
45 60 11
45 84 7
45 105 2
45 106 1
45 108 1
45 111 1
45 119 1
45 143 1
45 152 1
45 164 1
45 172 1
45 178 2
45 180 1
45 181 1
45 182 2
45 185 1
45 189 2
45 193 1
45 200 1
45 215 1
45 238 1
45 250 1
45 260 1
45 261 1
45 303 1
45 317 1
45 392 1
45 434 1
45 438 1
45 505 2
45 530 2
45 607 1
45 618 1
45 677 1
45 682 1
45 744 1
45 755 2
45 769 1
45 816 1
45 824 1
45 901 1
45 938 1
45 959 1
45 1187 1
45 1213 1
45 1499 1
45 1504 2
45 1591 1
45 1670 1
45 1671 3
45 1672 1
45 1673 1
45 1674 2
45 1675 1
45 1676 1
46 2 3
46 10 4
46 12 2
46 14 3
46 15 8
46 19 1
46 34 2
46 35 3
46 40 2
46 41 1
46 48 4
46 52 1
46 53 4
46 54 2
46 57 1
46 64 1
46 72 2
46 75 1
46 76 1
46 91 1
46 105 1
46 106 1
46 109 2
46 119 1
46 130 1
46 139 8
46 140 1
46 141 2
46 145 1
46 155 1
46 156 1
46 161 2
46 164 1
46 166 2
46 172 5
46 173 1
46 174 4
46 175 1
46 177 1
46 182 2
46 184 1
46 189 1
46 200 1
46 201 2
46 202 1
46 210 1
46 220 5
46 242 5
46 244 4
46 246 1
46 249 4
46 253 1
46 261 1
46 278 1
46 288 1
46 290 1
46 300 1
46 317 1
46 339 1
46 355 1
46 364 2
46 369 1
46 370 1
46 372 2
46 378 2
46 385 1
46 429 1
46 434 2
46 436 2
46 438 1
46 449 1
46 463 5
46 467 1
46 474 1
46 479 2
46 491 2
46 493 1
46 494 1
46 496 2
46 512 1
46 525 2
46 539 1
46 550 1
46 565 1
46 579 1
46 582 1
46 599 1
46 625 1
46 643 1
46 652 1
46 682 3
46 712 1
46 719 2
46 722 21
46 739 1
46 746 2
46 749 3
46 769 1
46 793 3
46 807 4
46 838 1
46 871 1
46 888 1
46 908 1
46 951 1
46 972 1
46 1010 1
46 1027 1
46 1100 1
46 1158 5
46 1210 1
46 1246 1
46 1287 5
46 1304 3
46 1305 1
46 1322 5
46 1386 2
46 1408 2
46 1423 1
46 1541 1
46 1562 1
46 1589 1
46 1677 3
46 1678 1
46 1679 10
46 1680 1
46 1681 1
46 1682 1
46 1683 1
46 1684 1
46 1685 1
46 1686 1
46 1687 1
46 1688 1
46 1689 1
46 1690 2
46 1691 1
46 1692 1
46 1693 1
46 1694 2
46 1695 1
46 1696 1
46 1697 1
47 10 2
47 12 2
47 14 4
47 26 2
47 40 2
47 41 2
47 48 1
47 52 1
47 53 2
47 54 2
47 55 1
47 57 1
47 70 2
47 72 2
47 75 3
47 76 1
47 84 1
47 91 1
47 105 8
47 106 1
47 139 5
47 140 2
47 141 4
47 142 2
47 145 1
47 155 6
47 156 1
47 158 1
47 162 1
47 172 4
47 174 7
47 175 1
47 176 1
47 177 1
47 181 2
47 182 3
47 189 2
47 191 1
47 193 1
47 201 2
47 202 2
47 207 1
47 210 3
47 214 1
47 220 5
47 228 2
47 233 1
47 242 8
47 244 5
47 249 3
47 261 2
47 262 1
47 266 1
47 278 1
47 284 1
47 285 1
47 288 5
47 290 15
47 320 2
47 345 1
47 347 1
47 364 4
47 367 1
47 369 1
47 370 1
47 372 9
47 378 2
47 383 1
47 385 2
47 386 1
47 402 1
47 429 1
47 434 2
47 436 2
47 438 1
47 449 2
47 463 6
47 467 1
47 479 4
47 491 6
47 493 1
47 494 3
47 496 3
47 508 1
47 512 1
47 525 1
47 536 1
47 539 2
47 550 2
47 565 1
47 582 1
47 625 1
47 629 2
47 643 1
47 651 1
47 652 1
47 653 1
47 682 1
47 685 3
47 687 1
47 693 1
47 710 1
47 719 1
47 722 14
47 737 1
47 739 1
47 749 3
47 757 1
47 762 1
47 769 1
47 784 6
47 787 1
47 793 2
47 807 8
47 827 1
47 838 1
47 871 1
47 924 2
47 972 1
47 983 1
47 1010 1
47 1013 1
47 1027 2
47 1083 1
47 1138 1
47 1158 1
47 1200 1
47 1204 2
47 1246 2
47 1267 1
47 1287 6
47 1304 4
47 1322 6
47 1358 1
47 1403 1
47 1408 2
47 1419 1
47 1529 2
47 1677 2
47 1678 3
47 1679 31
47 1684 1
47 1685 1
47 1689 2
47 1690 1
47 1694 6
47 1697 3
47 1698 1
47 1699 1
47 1700 1
47 1701 1
47 1702 1
47 1703 1
47 1704 1
47 1705 1
47 1706 1
47 1707 1
47 1708 1
47 1709 1
47 1710 1
47 1711 1
47 1712 1
47 1713 2
47 1714 1
47 1715 2
47 1716 1
47 1717 1
47 1718 1
47 1719 1
47 1720 1
47 1721 1
48 2 3
48 3 2
48 14 3
48 15 3
48 43 1
48 54 1
48 84 1
48 86 1
48 94 3
48 97 1
48 105 1
48 106 1
48 120 1
48 126 2
48 155 7
48 172 4
48 175 2
48 181 1
48 189 6
48 192 1
48 193 1
48 200 1
48 208 1
48 215 1
48 220 1
48 224 1
48 236 1
48 238 1
48 243 1
48 254 7
48 286 1
48 317 1
48 342 1
48 343 1
48 344 1
48 351 1
48 392 1
48 408 1
48 429 1
48 434 2
48 469 2
48 496 1
48 525 1
48 662 1
48 703 1
48 783 2
48 861 1
48 890 1
48 906 1
48 1062 1
48 1071 1
48 1168 1
48 1205 1
48 1234 1
48 1478 3
48 1583 3
48 1585 1
48 1722 1
48 1723 1
48 1724 1
48 1725 1
48 1726 1
48 1727 1
48 1728 1
49 2 1
49 3 1
49 7 1
49 14 4
49 15 1
49 19 1
49 32 1
49 54 1
49 94 1
49 97 1
49 106 1
49 120 1
49 130 1
49 139 1
49 148 1
49 155 6
49 172 3
49 175 2
49 189 7
49 192 1
49 193 1
49 200 1
49 215 1
49 236 1
49 238 1
49 286 1
49 312 1
49 317 1
49 343 1
49 350 1
49 429 1
49 434 2
49 469 2
49 508 1
49 629 8
49 662 1
49 703 1
49 861 1
49 890 1
49 906 1
49 976 1
49 1062 2
49 1168 1
49 1205 1
49 1234 1
49 1478 2
49 1583 2
49 1585 1
49 1722 1
49 1724 1
49 1725 1
49 1726 1
49 1728 1
49 1729 1
49 1730 2
49 1731 1
50 2 2
50 14 1
50 84 1
50 99 1
50 102 1
50 106 1
50 116 2
50 137 2
50 181 3
50 184 1
50 200 1
50 203 1
50 208 2
50 234 2
50 249 5
50 290 7
50 300 2
50 309 1
50 344 1
50 408 1
50 424 1
50 434 3
50 438 1
50 463 1
50 543 2
50 560 1
50 581 1
50 662 1
50 665 1
50 695 1
50 721 1
50 793 3
50 801 1
50 860 1
50 888 2
50 917 1
50 953 12
50 984 1
50 1014 5
50 1095 1
50 1158 5
50 1230 1
50 1305 1
50 1386 1
50 1562 1
50 1577 1
50 1623 1
50 1732 16
50 1733 1
50 1734 2
50 1735 1
50 1736 1
50 1737 1
50 1738 2
50 1739 6
50 1740 3
50 1741 1
51 1 3
51 3 3
51 10 5
51 14 5
51 19 1
51 26 1
51 27 2
51 35 5
51 45 1
51 46 5
51 50 1
51 56 1
51 63 1
51 72 1
51 74 1
51 77 4
51 84 2
51 91 1
51 97 1
51 105 5
51 106 1
51 108 2
51 112 4
51 114 1
51 116 3
51 127 2
51 128 1
51 133 1
51 137 2
51 140 2
51 142 1
51 146 3
51 148 1
51 152 1
51 171 2
51 172 4
51 176 3
51 178 1
51 180 2
51 181 3
51 182 1
51 191 1
51 192 1
51 200 1
51 201 1
51 203 1
51 207 1
51 208 3
51 212 2
51 220 8
51 228 1
51 240 1
51 242 2
51 246 1
51 247 2
51 249 7
51 250 1
51 257 1
51 258 1
51 260 3
51 261 2
51 266 1
51 269 1
51 273 1
51 279 2
51 284 2
51 288 6
51 290 7
51 303 1
51 312 1
51 315 1
51 316 1
51 317 1
51 322 2
51 330 2
51 338 1
51 359 1
51 361 1
51 364 1
51 367 2
51 370 1
51 372 1
51 382 1
51 390 1
51 392 2
51 402 1
51 408 1
51 415 2
51 419 2
51 434 2
51 491 1
51 493 1
51 501 1
51 524 1
51 536 1
51 545 4
51 599 1
51 620 1
51 629 1
51 669 1
51 672 1
51 677 5
51 708 1
51 730 1
51 737 1
51 746 1
51 749 1
51 755 2
51 756 1
51 777 3
51 780 1
51 783 8
51 792 2
51 801 1
51 827 1
51 832 1
51 848 1
51 878 1
51 888 2
51 897 1
51 899 1
51 908 2
51 917 1
51 921 2
51 934 2
51 951 1
51 956 1
51 968 25
51 975 12
51 983 4
51 1002 1
51 1015 2
51 1020 2
51 1116 1
51 1201 2
51 1206 1
51 1209 2
51 1230 1
51 1237 1
51 1278 1
51 1287 3
51 1313 1
51 1349 1
51 1350 2
51 1351 1
51 1358 1
51 1363 1
51 1370 2
51 1377 1
51 1385 1
51 1386 1
51 1403 2
51 1414 2
51 1423 1
51 1433 1
51 1504 1
51 1532 1
51 1562 5
51 1589 8
51 1621 1
51 1673 2
51 1690 4
51 1742 1
51 1743 1
51 1744 1
51 1745 1
51 1746 2
51 1747 1
51 1748 1
51 1749 1
51 1750 1
51 1751 1
51 1752 2
51 1753 1
51 1754 2
51 1755 1
51 1756 6
51 1757 1
51 1758 1
51 1759 2
51 1760 1
52 1 1
52 2 1
52 3 1
52 10 3
52 14 7
52 15 5
52 26 3
52 32 2
52 40 2
52 45 1
52 53 1
52 54 3
52 57 1
52 58 1
52 72 2
52 77 1
52 84 1
52 91 2
52 97 2
52 102 2
52 106 1
52 109 3
52 112 1
52 113 4
52 127 1
52 138 1
52 140 2
52 141 6
52 142 10
52 143 1
52 146 1
52 156 2
52 162 1
52 166 1
52 170 1
52 172 13
52 174 3
52 175 2
52 176 1
52 180 3
52 181 4
52 189 6
52 200 1
52 201 4
52 207 1
52 210 1
52 233 2
52 236 1
52 238 5
52 241 1
52 243 1
52 255 1
52 260 2
52 271 1
52 292 1
52 307 2
52 311 1
52 313 2
52 315 1
52 339 1
52 340 1
52 359 5
52 361 2
52 378 1
52 392 1
52 405 1
52 438 1
52 441 1
52 463 2
52 479 1
52 481 1
52 489 2
52 512 1
52 517 1
52 565 2
52 611 1
52 624 2
52 629 6
52 707 1
52 768 1
52 795 2
52 800 1
52 845 1
52 862 1
52 864 1
52 903 1
52 907 1
52 908 1
52 914 1
52 921 2
52 953 9
52 958 1
52 970 3
52 975 10
52 985 1
52 1081 1
52 1135 1
52 1137 2
52 1139 5
52 1212 1
52 1263 2
52 1370 2
52 1378 1
52 1385 1
52 1400 1
52 1403 2
52 1404 2
52 1409 3
52 1413 2
52 1414 2
52 1415 1
52 1418 1
52 1522 1
52 1528 1
52 1666 1
52 1694 6
52 1761 1
52 1762 1
52 1763 1
52 1764 1
52 1765 1
52 1766 1
52 1767 1
52 1768 1
52 1769 1
52 1770 2
52 1771 1
52 1772 1
52 1773 1
52 1774 2
52 1775 1
52 1776 1
52 1777 1
53 2 1
53 10 1
53 14 1
53 15 3
53 26 2
53 27 1
53 32 1
53 35 4
53 48 2
53 56 1
53 77 2
53 86 1
53 105 2
53 109 1
53 112 1
53 121 1
53 137 1
53 138 1
53 142 1
53 146 1
53 155 2
53 172 6
53 173 2
53 175 1
53 181 1
53 189 4
53 193 1
53 207 1
53 208 23
53 220 1
53 228 2
53 234 2
53 241 1
53 249 8
53 250 1
53 253 1
53 254 2
53 260 2
53 271 4
53 276 1
53 290 6
53 339 1
53 344 1
53 361 1
53 364 1
53 382 1
53 385 1
53 389 1
53 408 1
53 413 1
53 419 2
53 429 1
53 438 2
53 441 2
53 493 3
53 507 1
53 512 1
53 541 1
53 588 1
53 591 1
53 693 1
53 734 1
53 792 1
53 793 3
53 860 1
53 951 1
53 953 3
53 1004 1
53 1188 1
53 1200 1
53 1215 1
53 1226 1
53 1237 2
53 1356 1
53 1359 1
53 1368 1
53 1433 2
53 1531 1
53 1562 2
53 1583 1
53 1589 1
53 1684 1
53 1694 1
53 1739 1
53 1740 7
53 1759 3
53 1778 1
53 1779 1
53 1780 2
53 1781 1
53 1782 1
53 1783 1
53 1784 1
53 1785 1
53 1786 1
53 1787 1
53 1788 1
53 1789 1
53 1790 1
54 2 1
54 10 2
54 14 4
54 15 3
54 50 1
54 54 2
54 76 1
54 84 2
54 105 6
54 106 1
54 111 1
54 113 1
54 143 1
54 172 4
54 178 1
54 181 2
54 200 1
54 225 1
54 236 1
54 266 1
54 342 2
54 383 1
54 408 3
54 419 6
54 431 1
54 438 1
54 795 1
54 1122 1
54 1212 1
54 1230 1
54 1261 1
54 1445 5
54 1469 1
54 1476 1
54 1483 1
54 1567 1
54 1575 1
54 1725 3
55 1 4
55 2 1
55 3 1
55 10 5
55 14 6
55 15 12
55 16 2
55 19 1
55 25 1
55 28 2
55 40 3
55 42 4
55 48 1
55 49 4
55 50 3
55 52 1
55 53 2
55 54 3
55 57 1
55 61 1
55 72 2
55 76 2
55 77 2
55 84 1
55 85 9
55 87 1
55 91 1
55 94 1
55 95 1
55 106 1
55 109 3
55 112 1
55 114 1
55 118 1
55 121 1
55 123 1
55 127 2
55 128 1
55 130 1
55 132 1
55 133 1
55 139 5
55 142 2
55 145 2
55 146 4
55 148 1
55 155 1
55 156 1
55 158 3
55 160 1
55 161 1
55 163 1
55 164 1
55 166 3
55 170 2
55 171 5
55 172 7
55 174 8
55 175 1
55 177 1
55 178 3
55 181 7
55 182 4
55 183 1
55 184 1
55 189 3
55 191 1
55 193 2
55 200 1
55 203 1
55 204 22
55 208 1
55 212 1
55 215 1
55 218 2
55 222 2
55 228 1
55 230 2
55 231 9
55 234 1
55 235 1
55 239 1
55 244 3
55 256 1
55 257 4
55 258 1
55 261 1
55 264 1
55 273 2
55 283 1
55 285 1
55 300 1
55 306 1
55 315 2
55 317 1
55 322 1
55 330 4
55 336 1
55 343 1
55 344 1
55 346 2
55 355 1
55 359 3
55 372 4
55 386 1
55 392 2
55 403 1
55 411 4
55 413 1
55 419 1
55 429 1
55 434 3
55 438 1
55 439 1
55 450 1
55 455 1
55 464 2
55 481 1
55 488 1
55 491 1
55 492 1
55 493 1
55 497 2
55 508 1
55 531 1
55 539 1
55 555 1
55 564 1
55 565 1
55 652 1
55 677 1
55 690 1
55 692 1
55 694 2
55 717 7
55 719 1
55 735 1
55 749 1
55 781 1
55 783 1
55 791 1
55 807 1
55 814 1
55 815 2
55 821 1
55 837 4
55 846 1
55 859 1
55 861 2
55 868 1
55 869 1
55 884 1
55 885 1
55 886 1
55 891 1
55 908 2
55 912 1
55 925 1
55 929 1
55 944 1
55 953 1
55 971 1
55 975 1
55 1029 1
55 1041 1
55 1090 1
55 1095 1
55 1121 1
55 1150 1
55 1189 1
55 1200 1
55 1215 1
55 1229 1
55 1243 1
55 1284 2
55 1288 1
55 1313 1
55 1315 1
55 1424 1
55 1450 1
55 1472 2
55 1481 1
55 1567 1
55 1568 1
55 1578 1
55 1588 12
55 1617 4
55 1634 2
55 1642 1
55 1645 1
55 1671 1
55 1696 1
55 1791 1
55 1792 2
55 1793 2
55 1794 1
55 1795 1
55 1796 1
55 1797 1
55 1798 1
55 1799 1
55 1800 1
55 1801 1
55 1802 1
55 1803 1
55 1804 1
55 1805 1
55 1806 1
55 1807 2
55 1808 1
55 1809 1
55 1810 1
55 1811 3
55 1812 1
55 1813 1
55 1814 1
55 1815 1
55 1816 1
55 1817 1
55 1818 1
55 1819 1
56 3 1
56 10 1
56 14 4
56 15 1
56 23 2
56 26 1
56 35 3
56 37 2
56 41 1
56 45 1
56 48 1
56 50 1
56 53 1
56 56 1
56 75 1
56 95 1
56 105 2
56 106 1
56 108 1
56 111 1
56 130 1
56 141 1
56 142 7
56 143 1
56 148 1
56 161 1
56 164 1
56 171 2
56 172 6
56 173 1
56 174 1
56 178 3
56 182 2
56 200 1
56 219 2
56 220 1
56 250 1
56 286 1
56 290 4
56 320 1
56 342 8
56 344 1
56 346 1
56 378 1
56 384 1
56 408 1
56 419 8
56 424 1
56 434 5
56 436 1
56 438 1
56 441 1
56 484 1
56 489 1
56 494 1
56 496 1
56 508 1
56 519 1
56 536 1
56 539 1
56 561 1
56 599 3
56 652 1
56 662 1
56 692 1
56 727 3
56 745 1
56 878 1
56 900 1
56 904 1
56 983 1
56 1016 1
56 1050 1
56 1091 1
56 1139 1
56 1171 1
56 1213 1
56 1228 1
56 1230 1
56 1234 1
56 1261 1
56 1324 1
56 1478 2
56 1484 1
56 1621 1
56 1671 1
56 1702 1
56 1809 1
56 1820 2
56 1821 1
56 1822 1
56 1823 1
56 1824 1
56 1825 2
56 1826 1
56 1827 1
56 1828 1
56 1829 1
56 1830 1
56 1831 1
56 1832 1
57 3 1
57 6 1
57 12 2
57 13 1
57 14 7
57 28 1
57 34 2
57 50 1
57 60 1
57 66 1
57 73 1
57 77 1
57 93 1
57 108 1
57 111 1
57 142 2
57 143 1
57 146 4
57 172 1
57 178 1
57 181 2
57 182 1
57 193 3
57 208 3
57 210 1
57 220 1
57 234 1
57 248 1
57 290 4
57 297 4
57 344 1
57 359 1
57 390 1
57 419 1
57 436 1
57 438 2
57 487 1
57 535 1
57 536 1
57 543 1
57 560 1
57 575 2
57 581 1
57 651 2
57 653 1
57 668 1
57 688 1
57 729 1
57 731 1
57 770 1
57 792 1
57 793 1
57 888 5
57 912 2
57 953 7
57 1073 1
57 1083 1
57 1088 2
57 1090 11
57 1106 1
57 1226 1
57 1438 1
57 1738 1
57 1740 5
57 1778 2
57 1833 1
57 1834 1
57 1835 1
57 1836 1
57 1837 1
57 1838 1
57 1839 1
