%%MatrixMarket matrix coordinate real general
67 1929 8479                                      
1 1 1
1 2 1
1 3 20
1 4 2
1 5 5
1 6 3
1 7 4
1 8 3
1 9 1
1 10 8
1 11 1
1 12 4
1 13 1
1 14 3
1 15 8
1 16 2
1 17 1
1 18 1
1 19 2
1 20 1
1 21 3
1 22 1
1 23 1
1 24 1
1 25 1
1 26 1
1 27 1
1 28 1
1 29 3
1 30 1
1 31 1
1 32 2
1 33 3
1 34 1
1 35 2
1 36 1
1 37 1
1 38 1
1 39 1
1 40 2
1 41 1
1 42 2
1 43 1
1 44 1
1 45 1
1 46 3
1 47 1
1 48 1
1 49 3
1 50 2
1 51 1
1 52 1
1 53 1
1 54 2
1 55 1
1 56 1
1 57 1
1 58 1
1 59 1
1 60 1
1 61 2
1 62 2
1 63 2
1 64 6
1 65 1
1 66 1
1 67 1
1 68 2
1 69 1
1 70 3
1 71 1
1 72 3
1 73 1
1 74 1
1 75 1
1 76 1
1 77 1
1 78 1
1 79 1
1 80 2
1 81 1
1 82 1
1 83 1
1 84 1
1 85 2
1 86 1
1 87 1
1 88 2
1 89 1
1 90 1
1 91 1
1 92 1
1 93 1
1 94 1
1 95 1
1 96 1
1 97 1
1 98 1
1 99 1
1 100 1
1 101 1
1 102 4
1 103 1
1 104 1
1 105 4
1 106 1
1 107 2
1 108 1
1 109 1
1 110 1
1 111 1
1 112 2
1 113 1
1 114 1
1 115 1
1 116 1
1 117 1
1 118 1
1 119 3
1 120 1
1 121 1
1 122 1
1 123 4
1 124 2
1 125 2
1 126 1
1 127 3
1 128 1
1 129 1
1 130 1
1 131 1
1 132 3
1 133 1
1 134 2
1 135 1
1 136 2
1 137 1
1 138 1
1 139 1
1 140 2
1 141 1
1 142 9
1 143 1
1 144 2
1 145 1
1 146 3
1 147 1
1 148 2
1 149 1
1 150 1
1 151 5
1 152 2
1 153 1
1 154 1
1 155 1
1 156 2
1 157 1
1 158 1
1 159 1
1 160 1
1 161 1
1 162 1
1 163 1
1 164 1
1 165 1
1 166 1
1 167 1
1 168 1
1 169 2
1 170 2
1 171 1
1 172 1
1 173 1
1 174 6
1 175 1
1 176 1
1 177 2
1 178 1
1 179 1
1 180 3
1 181 1
1 182 7
1 183 1
1 184 2
1 185 1
1 186 1
1 187 1
1 188 2
1 189 5
2 3 2
2 10 3
2 12 1
2 14 4
2 15 6
2 28 3
2 32 1
2 35 4
2 40 2
2 45 2
2 48 1
2 49 8
2 50 1
2 52 1
2 53 2
2 54 1
2 55 3
2 56 1
2 57 2
2 66 1
2 72 4
2 77 5
2 84 1
2 85 1
2 91 2
2 93 1
2 105 1
2 106 1
2 112 1
2 113 1
2 126 1
2 127 1
2 130 1
2 136 1
2 146 9
2 156 3
2 158 2
2 166 3
2 171 1
2 172 2
2 173 1
2 175 1
2 177 2
2 181 3
2 182 3
2 190 1
2 191 1
2 192 2
2 193 1
2 194 1
2 195 1
2 196 1
2 197 1
2 198 1
2 199 4
2 200 10
2 201 1
2 202 2
2 203 2
2 204 3
2 205 2
2 206 1
2 207 1
2 208 1
2 209 1
2 210 1
2 211 1
2 212 1
2 213 2
2 214 3
2 215 1
2 216 1
2 217 1
2 218 8
2 219 2
2 220 1
2 221 1
2 222 2
2 223 1
2 224 2
2 225 1
2 226 1
2 227 1
2 228 1
2 229 2
2 230 1
2 231 1
2 232 2
2 233 1
2 234 1
2 235 2
2 236 1
2 237 1
2 238 2
2 239 1
2 240 1
2 241 1
2 242 2
2 243 1
2 244 1
2 245 1
2 246 1
2 247 1
2 248 1
2 249 1
2 250 1
2 251 2
2 252 1
2 253 2
2 254 1
2 255 1
2 256 1
2 257 1
2 258 1
2 259 1
2 260 1
2 261 1
2 262 1
2 263 1
2 264 1
2 265 1
2 266 1
2 267 2
2 268 1
2 269 2
2 270 1
2 271 1
2 272 1
2 273 1
2 274 1
2 275 1
2 276 1
2 277 2
2 278 1
2 279 1
2 280 1
2 281 2
2 282 1
2 283 9
2 284 1
2 285 1
2 286 3
2 287 1
2 288 1
3 1 1
3 2 1
3 3 2
3 10 4
3 14 6
3 24 1
3 26 3
3 28 3
3 32 2
3 35 3
3 40 4
3 41 1
3 48 1
3 50 2
3 51 5
3 52 1
3 53 4
3 54 2
3 58 1
3 63 2
3 64 1
3 66 1
3 72 4
3 76 3
3 77 3
3 85 6
3 91 3
3 102 1
3 105 2
3 106 1
3 108 1
3 111 1
3 112 1
3 123 1
3 127 3
3 132 1
3 133 1
3 140 1
3 142 1
3 143 1
3 145 1
3 146 7
3 148 2
3 152 1
3 156 4
3 158 5
3 164 1
3 166 3
3 171 5
3 172 10
3 173 2
3 175 1
3 178 1
3 180 1
3 181 1
3 182 4
3 188 1
3 189 4
3 191 1
3 192 1
3 193 4
3 194 1
3 195 2
3 197 2
3 198 4
3 199 15
3 200 7
3 201 1
3 202 3
3 203 3
3 204 3
3 205 1
3 206 1
3 207 2
3 210 6
3 212 2
3 222 2
3 223 3
3 224 2
3 228 1
3 232 5
3 233 1
3 236 1
3 237 1
3 238 1
3 239 1
3 241 1
3 242 2
3 245 2
3 253 8
3 254 1
3 255 1
3 257 1
3 259 3
3 260 1
3 262 3
3 263 1
3 270 1
3 271 2
3 272 1
3 273 1
3 278 1
3 280 1
3 283 1
3 284 1
3 286 1
3 288 1
3 289 1
3 290 1
3 291 16
3 292 1
3 293 1
3 294 1
3 295 1
3 296 1
3 297 1
3 298 1
3 299 1
3 300 1
3 301 2
3 302 1
3 303 1
3 304 1
3 305 2
3 306 1
3 307 2
3 308 1
3 309 1
3 310 1
3 311 4
3 312 1
3 313 1
3 314 2
3 315 1
3 316 1
3 317 2
3 318 1
3 319 1
3 320 1
3 321 1
3 322 1
3 323 1
3 324 1
3 325 1
3 326 1
3 327 1
3 328 1
3 329 1
3 330 1
3 331 1
3 332 1
3 333 1
3 334 1
3 335 1
3 336 2
3 337 1
3 338 2
3 339 1
3 340 1
3 341 1
3 342 2
3 343 1
3 344 1
3 345 1
3 346 1
3 347 1
3 348 2
3 349 1
3 350 1
3 351 1
3 352 4
3 353 1
3 354 3
3 355 1
3 356 1
3 357 1
3 358 1
3 359 1
3 360 1
3 361 1
3 362 1
3 363 1
3 364 2
3 365 1
3 366 2
3 367 1
3 368 1
3 369 2
3 370 1
3 371 1
3 372 3
3 373 1
3 374 1
3 375 2
3 376 1
3 377 1
3 378 1
3 379 1
3 380 1
3 381 1
3 382 1
3 383 1
3 384 1
3 385 1
3 386 1
3 387 1
3 388 1
3 389 1
3 390 1
4 2 1
4 3 2
4 10 3
4 14 2
4 15 8
4 22 1
4 26 1
4 28 2
4 39 2
4 40 3
4 47 1
4 48 1
4 50 7
4 51 2
4 54 3
4 57 1
4 60 3
4 64 1
4 72 2
4 74 3
4 76 1
4 77 2
4 84 1
4 85 4
4 91 1
4 94 1
4 95 5
4 105 3
4 106 1
4 108 3
4 111 1
4 112 3
4 116 1
4 119 1
4 123 2
4 124 1
4 140 2
4 141 2
4 143 1
4 145 1
4 146 4
4 149 1
4 152 1
4 156 1
4 160 3
4 161 1
4 163 1
4 166 2
4 172 1
4 173 2
4 174 4
4 175 4
4 177 1
4 178 2
4 180 3
4 182 4
4 186 1
4 189 11
4 191 2
4 193 1
4 194 1
4 204 1
4 205 3
4 206 1
4 212 1
4 214 1
4 217 5
4 220 3
4 224 2
4 226 1
4 230 1
4 232 3
4 233 5
4 236 1
4 237 1
4 239 1
4 244 1
4 246 1
4 255 1
4 256 3
4 260 1
4 262 1
4 263 2
4 274 2
4 275 2
4 287 1
4 315 1
4 320 9
4 342 1
4 343 2
4 344 3
4 350 1
4 356 1
4 372 21
4 389 1
4 391 1
4 392 1
4 393 1
4 394 2
4 395 1
4 396 1
4 397 1
4 398 1
4 399 1
4 400 1
4 401 2
4 402 1
4 403 1
4 404 1
4 405 1
4 406 3
4 407 1
4 408 1
4 409 1
4 410 10
4 411 2
4 412 1
4 413 1
4 414 1
4 415 1
4 416 1
4 417 2
4 418 1
4 419 10
4 420 1
4 421 2
4 422 2
4 423 1
4 424 2
4 425 1
4 426 3
4 427 1
4 428 5
4 429 14
4 430 1
4 431 1
4 432 1
4 433 1
4 434 1
4 435 1
4 436 3
4 437 2
4 438 1
4 439 1
4 440 1
4 441 1
4 442 1
4 443 1
4 444 1
4 445 1
4 446 2
4 447 1
4 448 1
4 449 1
4 450 1
4 451 1
4 452 1
4 453 1
4 454 1
4 455 1
4 456 1
4 457 1
4 458 2
4 459 1
4 460 1
4 461 1
4 462 1
4 463 1
4 464 1
4 465 1
4 466 1
4 467 9
4 468 1
4 469 1
4 470 3
4 471 1
4 472 1
4 473 1
4 474 1
4 475 1
4 476 1
4 477 2
4 478 1
4 479 1
4 480 1
5 1 1
5 3 4
5 6 1
5 10 4
5 11 1
5 14 3
5 15 11
5 25 8
5 27 1
5 28 1
5 32 1
5 37 1
5 39 1
5 40 2
5 52 2
5 53 2
5 54 1
5 58 1
5 60 1
5 66 1
5 72 2
5 76 1
5 77 4
5 79 1
5 84 2
5 99 1
5 106 1
5 108 1
5 109 3
5 121 1
5 127 2
5 137 1
5 141 1
5 146 6
5 156 1
5 157 1
5 161 1
5 166 3
5 169 1
5 171 7
5 172 10
5 174 1
5 175 4
5 176 5
5 181 12
5 182 2
5 184 1
5 185 1
5 194 1
5 201 1
5 209 1
5 214 2
5 216 1
5 226 2
5 229 1
5 230 4
5 234 2
5 242 2
5 246 2
5 251 2
5 260 1
5 262 1
5 280 1
5 317 3
5 327 1
5 328 2
5 338 1
5 345 1
5 370 2
5 372 7
5 383 1
5 409 1
5 414 1
5 436 1
5 439 2
5 445 1
5 461 1
5 467 2
5 481 3
5 482 1
5 483 1
5 484 1
5 485 2
5 486 1
5 487 1
5 488 2
5 489 1
5 490 3
5 491 3
5 492 2
5 493 5
5 494 1
5 495 1
5 496 2
5 497 3
5 498 1
5 499 1
5 500 2
5 501 1
5 502 1
5 503 1
5 504 1
5 505 2
5 506 1
5 507 1
5 508 1
5 509 2
5 510 2
5 511 5
5 512 1
5 513 3
5 514 1
5 515 2
5 516 1
5 517 1
5 518 1
5 519 1
5 520 6
5 521 1
5 522 1
5 523 2
5 524 1
5 525 2
5 526 1
5 527 1
5 528 1
5 529 1
5 530 1
5 531 12
5 532 15
5 533 2
5 534 4
5 535 2
5 536 1
5 537 1
5 538 1
5 539 1
5 540 6
5 541 3
5 542 1
5 543 1
5 544 1
5 545 1
5 546 1
5 547 4
5 548 1
5 549 1
5 550 15
5 551 1
5 552 1
5 553 2
5 554 1
6 1 1
6 3 1
6 6 9
6 10 1
6 14 3
6 16 3
6 24 3
6 28 1
6 32 8
6 40 2
6 46 2
6 48 1
6 50 3
6 52 1
6 53 2
6 60 1
6 64 2
6 66 1
6 72 2
6 77 4
6 91 2
6 95 2
6 99 1
6 105 1
6 106 1
6 111 1
6 127 1
6 133 1
6 143 1
6 146 6
6 149 1
6 155 10
6 156 1
6 164 1
6 166 2
6 171 10
6 172 9
6 173 1
6 174 9
6 177 1
6 178 1
6 180 2
6 181 4
6 182 3
6 187 1
6 189 2
6 191 1
6 201 1
6 209 1
6 210 1
6 212 7
6 214 2
6 242 1
6 243 1
6 246 10
6 247 1
6 251 1
6 255 1
6 256 4
6 257 1
6 258 2
6 260 2
6 267 1
6 275 2
6 278 1
6 279 1
6 280 1
6 291 11
6 300 1
6 314 1
6 341 1
6 343 1
6 344 1
6 361 1
6 386 2
6 390 1
6 400 1
6 409 1
6 413 1
6 419 1
6 421 1
6 427 1
6 431 1
6 438 1
6 445 1
6 462 2
6 463 1
6 473 2
6 478 1
6 481 2
6 482 1
6 491 1
6 492 1
6 495 1
6 505 2
6 509 3
6 517 3
6 518 5
6 520 2
6 531 3
6 536 1
6 537 1
6 539 4
6 541 3
6 550 30
6 555 1
6 556 1
6 557 3
6 558 5
6 559 1
6 560 2
6 561 2
6 562 4
6 563 1
6 564 1
6 565 6
6 566 8
6 567 1
6 568 1
6 569 8
6 570 1
6 571 3
6 572 5
6 573 8
6 574 1
6 575 1
6 576 1
6 577 1
6 578 2
6 579 1
6 580 1
6 581 1
6 582 1
6 583 1
6 584 3
6 585 1
6 586 3
6 587 1
6 588 1
6 589 2
6 590 2
6 591 2
6 592 3
6 593 1
6 594 2
6 595 3
6 596 1
6 597 1
6 598 3
6 599 1
6 600 1
6 601 6
6 602 1
6 603 1
6 604 1
6 605 1
6 606 1
6 607 1
6 608 5
6 609 1
6 610 1
6 611 1
6 612 3
6 613 1
6 614 1
6 615 3
6 616 1
6 617 1
6 618 1
6 619 1
6 620 1
6 621 1
6 622 1
6 623 2
6 624 1
6 625 1
6 626 2
6 627 1
6 628 2
6 629 3
6 630 1
6 631 4
6 632 1
6 633 1
6 634 2
6 635 1
6 636 1
6 637 1
6 638 1
6 639 1
6 640 1
6 641 1
6 642 3
6 643 4
6 644 1
6 645 1
6 646 7
6 647 1
6 648 1
6 649 1
6 650 1
6 651 2
6 652 1
7 1 2
7 2 1
7 3 5
7 4 1
7 10 1
7 14 7
7 15 8
7 26 1
7 28 3
7 32 7
7 35 3
7 40 2
7 43 1
7 50 8
7 51 1
7 52 1
7 53 3
7 54 1
7 57 6
7 58 1
7 64 11
7 66 1
7 68 1
7 72 4
7 76 1
7 77 4
7 78 1
7 85 3
7 88 1
7 91 3
7 102 2
7 104 1
7 106 1
7 108 4
7 111 1
7 112 1
7 127 1
7 130 1
7 132 1
7 133 8
7 143 1
7 145 4
7 146 8
7 148 2
7 152 1
7 155 1
7 156 1
7 164 1
7 166 1
7 171 9
7 172 3
7 174 4
7 178 2
7 181 7
7 182 6
7 188 2
7 189 6
7 191 2
7 193 1
7 194 3
7 201 1
7 202 1
7 204 5
7 205 1
7 206 1
7 209 2
7 210 3
7 212 3
7 214 2
7 224 2
7 226 1
7 230 2
7 232 2
7 233 2
7 236 1
7 237 1
7 242 3
7 243 1
7 244 10
7 246 1
7 247 1
7 251 1
7 256 8
7 257 1
7 258 5
7 260 1
7 268 1
7 279 5
7 281 3
7 284 1
7 286 1
7 288 1
7 300 2
7 303 1
7 310 1
7 313 1
7 320 1
7 337 1
7 338 1
7 340 3
7 341 1
7 342 1
7 344 1
7 355 1
7 361 1
7 370 1
7 390 1
7 399 1
7 409 2
7 415 1
7 431 1
7 438 2
7 439 1
7 461 5
7 462 7
7 483 3
7 494 3
7 501 2
7 505 1
7 519 3
7 524 2
7 550 5
7 561 1
7 565 6
7 575 1
7 582 1
7 601 1
7 620 1
7 653 1
7 654 1
7 655 1
7 656 2
7 657 1
7 658 1
7 659 1
7 660 1
7 661 2
7 662 1
7 663 1
7 664 1
7 665 1
7 666 1
7 667 1
7 668 1
7 669 1
7 670 1
7 671 1
7 672 1
7 673 1
7 674 1
7 675 1
7 676 1
7 677 1
7 678 1
7 679 1
7 680 2
7 681 1
7 682 1
7 683 1
7 684 1
7 685 4
7 686 1
7 687 1
7 688 1
7 689 1
7 690 2
7 691 1
7 692 1
7 693 1
7 694 1
7 695 7
7 696 1
7 697 1
7 698 1
7 699 1
7 700 2
7 701 2
7 702 1
7 703 2
7 704 3
7 705 2
7 706 1
7 707 1
7 708 2
7 709 1
7 710 1
7 711 3
7 712 1
7 713 1
7 714 1
7 715 1
7 716 1
7 717 1
7 718 6
7 719 1
7 720 32
8 3 1
8 10 3
8 14 5
8 15 4
8 19 1
8 28 3
8 32 1
8 35 1
8 40 2
8 49 3
8 53 2
8 54 1
8 55 1
8 66 1
8 67 1
8 72 1
8 74 21
8 77 4
8 85 1
8 91 1
8 102 1
8 105 1
8 106 1
8 112 1
8 126 1
8 127 1
8 138 1
8 141 31
8 146 8
8 148 1
8 152 1
8 156 1
8 158 1
8 161 1
8 172 4
8 173 1
8 174 5
8 175 1
8 178 2
8 181 2
8 182 1
8 185 1
8 189 9
8 191 4
8 192 2
8 193 1
8 194 2
8 202 3
8 205 1
8 206 1
8 209 1
8 210 2
8 214 1
8 217 2
8 220 1
8 224 2
8 234 1
8 235 1
8 236 1
8 237 1
8 241 2
8 246 5
8 248 1
8 251 1
8 260 1
8 262 1
8 285 1
8 303 1
8 340 1
8 344 1
8 345 1
8 350 1
8 359 2
8 370 1
8 372 7
8 386 3
8 389 1
8 390 4
8 392 1
8 402 3
8 403 1
8 405 1
8 426 9
8 429 2
8 433 3
8 434 1
8 438 2
8 448 8
8 453 5
8 455 2
8 461 1
8 463 1
8 474 2
8 495 1
8 506 1
8 524 1
8 531 1
8 541 2
8 565 2
8 581 1
8 669 1
8 685 1
8 687 1
8 693 1
8 717 1
8 719 4
8 721 1
8 722 1
8 723 2
8 724 1
8 725 1
8 726 1
8 727 2
8 728 4
8 729 2
8 730 2
8 731 1
8 732 1
8 733 1
8 734 1
8 735 1
8 736 3
8 737 1
8 738 1
8 739 1
8 740 1
8 741 1
8 742 1
8 743 1
8 744 1
8 745 1
8 746 1
8 747 2
8 748 1
8 749 1
8 750 1
8 751 1
8 752 3
8 753 2
8 754 10
8 755 1
8 756 1
8 757 1
8 758 1
8 759 1
8 760 1
8 761 1
8 762 1
8 763 1
9 14 1
9 126 1
9 233 1
9 316 1
9 327 1
9 343 1
9 419 1
9 462 1
9 764 1
9 765 1
9 766 3
9 767 1
9 768 1
9 769 1
9 770 2
9 771 1
9 772 1
9 773 1
10 1 1
10 3 3
10 7 1
10 10 1
10 14 2
10 26 1
10 28 1
10 32 4
10 34 1
10 37 1
10 40 4
10 41 1
10 42 4
10 48 1
10 50 4
10 52 1
10 53 6
10 54 1
10 57 1
10 66 1
10 72 1
10 74 6
10 76 1
10 77 3
10 84 4
10 91 1
10 95 1
10 102 1
10 105 1
10 106 1
10 108 1
10 111 1
10 114 1
10 124 1
10 132 1
10 138 2
10 141 16
10 143 1
10 146 5
10 148 1
10 149 2
10 152 1
10 155 4
10 156 1
10 166 2
10 171 9
10 172 4
10 173 1
10 174 2
10 178 1
10 181 5
10 182 1
10 188 5
10 189 15
10 201 1
10 209 2
10 212 1
10 214 2
10 215 7
10 217 3
10 242 4
10 246 11
10 251 1
10 255 1
10 260 1
10 275 1
10 286 1
10 291 18
10 297 2
10 303 2
10 320 7
10 369 1
10 372 16
10 390 2
10 408 2
10 409 3
10 424 3
10 426 2
10 434 1
10 438 2
10 461 15
10 462 1
10 463 2
10 478 1
10 479 1
10 482 1
10 491 2
10 492 1
10 493 1
10 501 1
10 512 1
10 515 1
10 518 2
10 524 1
10 531 6
10 535 2
10 543 2
10 550 17
10 565 7
10 571 1
10 575 1
10 582 3
10 619 1
10 669 1
10 692 1
10 693 4
10 698 1
10 708 1
10 710 2
10 719 1
10 721 4
10 745 1
10 760 1
10 763 1
10 768 2
10 773 5
10 774 1
10 775 1
10 776 1
10 777 3
10 778 1
10 779 1
10 780 1
10 781 2
10 782 11
10 783 2
10 784 1
10 785 2
10 786 1
10 787 2
10 788 1
10 789 16
10 790 3
10 791 1
10 792 2
10 793 3
10 794 7
10 795 3
10 796 1
10 797 1
10 798 1
10 799 3
10 800 1
10 801 1
10 802 1
10 803 1
10 804 1
10 805 1
10 806 1
10 807 10
10 808 4
10 809 2
11 3 1
11 10 4
11 14 4
11 15 7
11 28 3
11 32 1
11 35 12
11 40 4
11 42 1
11 45 1
11 50 5
11 51 6
11 53 3
11 54 1
11 63 1
11 64 3
11 66 1
11 72 2
11 77 5
11 85 1
11 91 1
11 102 1
11 105 1
11 106 1
11 111 1
11 112 2
11 127 2
11 136 2
11 139 2
11 143 1
11 146 9
11 156 1
11 166 2
11 171 1
11 178 1
11 181 6
11 191 1
11 193 1
11 201 1
11 202 1
11 204 1
11 205 8
11 206 1
11 210 1
11 213 2
11 214 4
11 224 2
11 230 1
11 232 8
11 233 10
11 236 1
11 237 1
11 242 4
11 246 3
11 251 1
11 260 1
11 263 1
11 278 1
11 279 2
11 280 1
11 282 3
11 288 1
11 310 1
11 320 1
11 337 1
11 338 1
11 341 1
11 345 1
11 346 1
11 378 4
11 391 2
11 406 1
11 410 4
11 417 1
11 433 1
11 439 1
11 449 1
11 464 2
11 508 2
11 582 1
11 598 1
11 620 1
11 627 1
11 703 1
11 705 1
11 717 1
11 719 2
11 747 1
11 749 1
11 757 1
11 794 1
11 795 1
11 802 1
11 810 3
11 811 7
11 812 1
11 813 3
11 814 4
11 815 10
11 816 1
11 817 1
11 818 1
11 819 1
11 820 1
11 821 2
11 822 1
11 823 1
11 824 3
11 825 1
11 826 1
11 827 1
11 828 1
11 829 1
11 830 1
11 831 1
11 832 1
11 833 1
11 834 1
11 835 1
11 836 1
11 837 1
11 838 11
11 839 1
11 840 1
11 841 1
11 842 1
11 843 1
11 844 1
12 3 14
12 10 8
12 13 1
12 14 3
12 15 7
12 28 3
12 32 3
12 35 6
12 40 3
12 42 1
12 50 4
12 53 2
12 54 2
12 56 1
12 57 2
12 61 12
12 66 1
12 67 1
12 70 1
12 72 1
12 77 5
12 85 2
12 91 1
12 102 2
12 106 1
12 108 1
12 111 1
12 112 1
12 119 1
12 124 1
12 127 2
12 130 1
12 136 3
12 139 8
12 143 1
12 145 1
12 146 9
12 148 2
12 156 1
12 166 3
12 174 4
12 175 5
12 177 2
12 178 2
12 181 14
12 182 4
12 188 7
12 192 2
12 193 1
12 194 1
12 196 2
12 201 1
12 204 6
12 205 2
12 206 1
12 209 2
12 210 1
12 212 1
12 214 13
12 216 1
12 217 3
12 220 2
12 224 2
12 232 3
12 233 10
12 235 1
12 236 1
12 237 1
12 242 3
12 251 3
12 257 1
12 260 1
12 263 1
12 270 1
12 273 1
12 280 1
12 306 1
12 338 1
12 344 1
12 361 3
12 390 5
12 406 1
12 438 1
12 439 8
12 468 1
12 489 1
12 501 2
12 507 11
12 508 1
12 512 1
12 524 4
12 531 2
12 539 1
12 595 9
12 619 1
12 626 1
12 632 1
12 669 2
12 692 2
12 698 1
12 708 3
12 734 1
12 760 1
12 762 1
12 791 1
12 792 1
12 802 1
12 806 1
12 808 1
12 815 5
12 822 1
12 825 1
12 826 1
12 828 1
12 830 3
12 834 1
12 838 12
12 845 1
12 846 1
12 847 1
12 848 1
12 849 1
12 850 6
12 851 1
12 852 1
12 853 1
12 854 1
12 855 2
12 856 1
12 857 3
12 858 1
12 859 3
12 860 1
12 861 1
12 862 2
12 863 1
12 864 6
12 865 2
12 866 4
12 867 1
12 868 1
12 869 1
12 870 1
12 871 2
12 872 1
12 873 1
12 874 1
12 875 1
12 876 1
12 877 1
12 878 1
12 879 2
12 880 1
12 881 1
12 882 2
12 883 1
13 2 2
13 3 4
13 6 3
13 10 6
13 12 1
13 14 4
13 15 16
13 26 1
13 28 1
13 32 4
13 35 2
13 40 2
13 42 2
13 50 4
13 52 2
13 53 2
13 54 2
13 57 1
13 64 1
13 66 1
13 72 1
13 74 3
13 76 2
13 77 2
13 84 4
13 85 4
13 90 2
13 91 1
13 105 4
13 106 1
13 111 1
13 119 1
13 120 1
13 137 1
13 138 1
13 141 5
13 142 1
13 143 1
13 146 4
13 156 2
13 158 1
13 160 2
13 166 3
13 169 1
13 171 1
13 172 3
13 174 10
13 175 2
13 178 14
13 181 4
13 182 2
13 189 18
13 196 1
13 201 1
13 202 2
13 204 1
13 210 2
13 212 3
13 214 2
13 216 1
13 217 2
13 246 3
13 248 3
13 251 2
13 256 1
13 257 1
13 260 1
13 261 1
13 267 1
13 270 1
13 272 2
13 284 1
13 286 1
13 300 2
13 342 1
13 344 3
13 346 1
13 352 1
13 356 1
13 359 4
13 369 1
13 372 29
13 379 1
13 384 1
13 387 2
13 402 1
13 403 3
13 411 1
13 412 1
13 413 1
13 419 30
13 423 1
13 429 1
13 436 1
13 438 2
13 439 1
13 463 2
13 467 1
13 483 2
13 489 2
13 493 1
13 494 1
13 530 1
13 536 2
13 581 2
13 695 4
13 703 1
13 705 1
13 708 1
13 719 1
13 749 2
13 755 6
13 760 1
13 787 2
13 794 2
13 829 1
13 884 1
13 885 3
13 886 1
13 887 1
13 888 1
13 889 1
13 890 1
13 891 1
13 892 2
13 893 1
13 894 1
13 895 1
13 896 2
13 897 1
13 898 2
13 899 1
13 900 1
13 901 1
13 902 1
13 903 10
13 904 2
13 905 4
13 906 1
13 907 1
13 908 1
13 909 1
13 910 1
13 911 1
13 912 5
13 913 2
13 914 2
13 915 3
13 916 1
13 917 4
13 918 1
13 919 1
13 920 1
13 921 2
13 922 1
13 923 1
13 924 1
13 925 1
13 926 1
13 927 1
13 928 1
13 929 1
13 930 1
13 931 1
13 932 1
13 933 1
13 934 1
13 935 2
13 936 1
14 2 1
14 3 2
14 10 2
14 14 5
14 15 17
14 19 1
14 28 3
14 32 3
14 35 1
14 40 2
14 42 1
14 50 3
14 51 1
14 52 1
14 53 2
14 54 3
14 56 1
14 66 1
14 72 3
14 76 2
14 77 5
14 84 1
14 85 2
14 91 3
14 102 3
14 106 1
14 108 3
14 111 1
14 112 1
14 114 1
14 119 1
14 123 17
14 124 1
14 126 1
14 127 3
14 133 1
14 136 4
14 139 8
14 143 1
14 145 1
14 146 9
14 154 1
14 156 2
14 160 1
14 166 1
14 171 8
14 172 1
14 174 2
14 178 1
14 181 5
14 182 2
14 186 1
14 188 1
14 189 1
14 192 1
14 193 1
14 196 3
14 202 1
14 205 1
14 206 1
14 212 1
14 214 2
14 224 2
14 226 1
14 232 5
14 233 8
14 236 1
14 237 1
14 242 2
14 246 1
14 251 5
14 260 1
14 263 1
14 280 1
14 282 3
14 284 1
14 286 2
14 287 1
14 310 1
14 317 1
14 320 3
14 338 1
14 351 1
14 352 1
14 386 1
14 390 2
14 402 1
14 403 2
14 412 1
14 417 1
14 424 1
14 429 1
14 436 2
14 438 1
14 439 1
14 448 1
14 456 1
14 459 1
14 463 2
14 467 1
14 476 1
14 491 1
14 493 2
14 501 2
14 505 1
14 507 1
14 517 1
14 524 1
14 541 1
14 615 4
14 627 1
14 629 10
14 682 1
14 691 1
14 695 1
14 703 1
14 708 1
14 719 1
14 728 1
14 737 1
14 760 1
14 761 1
14 772 5
14 795 1
14 801 2
14 802 1
14 813 1
14 815 9
14 822 1
14 824 1
14 825 1
14 838 14
14 841 2
14 842 1
14 879 2
14 887 2
14 889 1
14 891 1
14 901 1
14 908 1
14 937 1
14 938 1
14 939 3
14 940 1
14 941 1
14 942 1
14 943 2
14 944 2
14 945 1
14 946 1
14 947 1
14 948 1
14 949 1
14 950 1
14 951 1
14 952 1
14 953 1
14 954 8
14 955 1
14 956 1
14 957 1
14 958 1
14 959 2
14 960 1
14 961 1
14 962 1
14 963 1
14 964 7
14 965 1
14 966 2
14 967 1
14 968 1
14 969 1
14 970 1
14 971 16
14 972 1
14 973 1
14 974 3
14 975 1
14 976 1
15 1 1
15 3 9
15 14 4
15 15 26
15 16 1
15 25 2
15 32 3
15 35 4
15 40 2
15 49 2
15 50 4
15 52 1
15 53 3
15 54 2
15 57 1
15 63 1
15 64 1
15 70 1
15 71 1
15 72 1
15 77 1
15 84 4
15 86 1
15 91 1
15 95 2
15 96 1
15 102 4
15 104 2
15 106 1
15 108 4
15 111 1
15 114 1
15 119 2
15 126 1
15 130 1
15 132 3
15 135 1
15 136 1
15 137 2
15 141 15
15 143 1
15 144 1
15 146 1
15 148 1
15 149 3
15 152 2
15 155 4
15 156 1
15 164 1
15 165 2
15 166 2
15 171 13
15 172 10
15 174 4
15 177 1
15 178 1
15 180 5
15 181 10
15 182 2
15 188 1
15 189 1
15 191 1
15 192 1
15 201 1
15 204 9
15 209 9
15 210 9
15 212 3
15 226 1
15 235 1
15 242 2
15 243 1
15 244 1
15 246 16
15 251 1
15 256 3
15 260 3
15 263 2
15 272 2
15 283 2
15 286 5
15 289 3
15 306 1
15 310 1
15 315 1
15 318 1
15 320 1
15 337 1
15 338 1
15 343 2
15 344 3
15 355 1
15 361 2
15 363 1
15 369 4
15 372 17
15 375 1
15 384 2
15 390 1
15 391 1
15 408 3
15 409 1
15 417 1
15 424 8
15 429 2
15 434 1
15 438 1
15 461 1
15 463 2
15 467 3
15 468 3
15 478 2
15 479 6
15 481 2
15 483 1
15 484 1
15 485 1
15 491 7
15 501 3
15 505 1
15 509 1
15 510 2
15 520 2
15 524 1
15 531 4
15 535 2
15 536 2
15 538 1
15 541 1
15 543 4
15 550 13
15 565 4
15 569 1
15 575 2
15 577 1
15 581 2
15 594 12
15 597 1
15 601 2
15 624 1
15 629 2
15 656 2
15 662 1
15 667 1
15 669 1
15 680 1
15 692 10
15 705 1
15 729 1
15 734 1
15 738 1
15 760 3
15 761 1
15 767 2
15 774 1
15 776 1
15 778 2
15 782 1
15 784 6
15 793 4
15 795 1
15 797 1
15 798 2
15 801 2
15 803 1
15 807 5
15 812 1
15 828 2
15 856 1
15 868 1
15 913 2
15 922 1
15 930 1
15 933 2
15 941 1
15 952 2
15 957 1
15 967 1
15 972 1
15 977 1
15 978 1
15 979 2
15 980 1
15 981 1
15 982 2
15 983 2
15 984 2
15 985 1
15 986 1
15 987 1
15 988 1
15 989 2
15 990 1
15 991 1
15 992 1
15 993 1
15 994 1
15 995 2
15 996 5
15 997 1
15 998 2
15 999 1
15 1000 1
15 1001 9
15 1002 9
15 1003 1
15 1004 1
15 1005 2
15 1006 1
15 1007 3
15 1008 2
15 1009 1
15 1010 1
15 1011 1
15 1012 1
15 1013 1
15 1014 1
15 1015 1
15 1016 1
15 1017 3
15 1018 1
15 1019 6
15 1020 1
15 1021 1
15 1022 1
15 1023 1
15 1024 1
15 1025 1
16 1 2
16 2 4
16 3 3
16 11 1
16 13 1
16 14 17
16 15 18
16 19 2
16 21 8
16 25 1
16 28 1
16 32 1
16 35 1
16 40 4
16 42 1
16 43 4
16 48 1
16 50 1
16 53 1
16 54 6
16 57 3
16 63 3
16 64 1
16 66 1
16 70 5
16 72 1
16 77 2
16 84 4
16 94 1
16 105 2
16 108 7
16 111 1
16 113 3
16 126 6
16 127 2
16 130 1
16 137 3
16 139 1
16 142 7
16 143 1
16 146 4
16 152 1
16 154 1
16 156 1
16 161 1
16 166 3
16 172 2
16 173 2
16 174 7
16 178 3
16 181 6
16 182 1
16 194 3
16 203 3
16 209 1
16 210 1
16 214 1
16 217 13
16 220 1
16 221 1
16 222 6
16 226 1
16 227 2
16 240 5
16 241 1
16 248 1
16 249 1
16 255 1
16 260 2
16 262 1
16 263 3
16 270 2
16 271 5
16 272 1
16 287 1
16 290 1
16 298 1
16 302 1
16 306 2
16 326 1
16 341 3
16 344 4
16 346 1
16 355 1
16 356 1
16 361 2
16 363 1
16 367 1
16 382 1
16 385 2
16 389 1
16 390 6
16 403 2
16 408 1
16 413 1
16 416 1
16 419 4
16 429 2
16 431 2
16 434 5
16 436 1
16 439 2
16 441 2
16 450 5
16 462 1
16 476 2
16 481 1
16 484 1
16 487 1
16 489 1
16 498 1
16 500 1
16 508 1
16 524 8
16 536 1
16 539 4
16 543 1
16 560 1
16 561 2
16 563 1
16 568 1
16 577 1
16 599 1
16 604 1
16 610 1
16 618 2
16 637 1
16 645 2
16 653 2
16 682 1
16 683 1
16 703 10
16 729 1
16 744 2
16 755 1
16 787 1
16 815 1
16 819 1
16 822 2
16 839 1
16 848 1
16 859 1
16 877 1
16 910 3
16 925 1
16 930 21
16 939 2
16 944 1
16 968 1
16 1005 2
16 1026 1
16 1027 2
16 1028 1
16 1029 1
16 1030 3
16 1031 1
16 1032 1
16 1033 1
16 1034 1
16 1035 1
16 1036 1
16 1037 1
16 1038 3
16 1039 3
16 1040 1
16 1041 1
16 1042 2
16 1043 1
16 1044 1
16 1045 2
16 1046 1
16 1047 3
16 1048 1
16 1049 1
16 1050 1
16 1051 1
16 1052 1
16 1053 2
16 1054 1
16 1055 1
16 1056 1
16 1057 2
16 1058 1
16 1059 1
16 1060 3
16 1061 1
16 1062 1
16 1063 1
16 1064 1
16 1065 1
16 1066 1
16 1067 1
16 1068 2
16 1069 1
16 1070 1
16 1071 6
16 1072 1
16 1073 1
16 1074 2
16 1075 1
16 1076 1
16 1077 1
16 1078 2
16 1079 1
16 1080 1
16 1081 1
16 1082 1
16 1083 1
16 1084 2
16 1085 2
16 1086 1
16 1087 1
16 1088 1
16 1089 2
16 1090 1
16 1091 1
16 1092 2
16 1093 2
16 1094 2
16 1095 1
16 1096 3
16 1097 2
16 1098 1
16 1099 1
16 1100 1
16 1101 1
16 1102 1
16 1103 1
16 1104 1
16 1105 1
16 1106 1
16 1107 1
16 1108 2
16 1109 1
16 1110 1
16 1111 1
16 1112 1
16 1113 1
16 1114 1
16 1115 1
16 1116 1
16 1117 1
16 1118 1
16 1119 2
16 1120 1
16 1121 1
16 1122 1
16 1123 3
16 1124 1
16 1125 1
16 1126 2
16 1127 1
16 1128 1
16 1129 11
16 1130 3
16 1131 3
16 1132 47
16 1133 1
16 1134 3
16 1135 5
16 1136 1
16 1137 4
16 1138 1
16 1139 2
16 1140 3
16 1141 1
16 1142 1
16 1143 1
16 1144 3
16 1145 1
16 1146 1
16 1147 1
16 1148 4
16 1149 1
16 1150 1
16 1151 3
16 1152 2
16 1153 1
16 1154 1
16 1155 1
16 1156 1
16 1157 1
16 1158 1
16 1159 13
16 1160 3
16 1161 1
16 1162 1
16 1163 1
16 1164 1
16 1165 1
17 3 1
17 8 3
17 10 3
17 14 1
17 27 1
17 32 1
17 35 1
17 43 1
17 49 2
17 50 2
17 51 1
17 55 2
17 60 1
17 64 3
17 74 1
17 77 1
17 78 1
17 85 1
17 86 2
17 99 1
17 113 2
17 132 1
17 134 3
17 141 1
17 148 1
17 149 1
17 171 4
17 172 1
17 189 1
17 191 2
17 205 1
17 209 1
17 214 1
17 222 1
17 233 2
17 239 1
17 242 2
17 248 3
17 249 2
17 260 1
17 262 2
17 263 3
17 282 1
17 291 6
17 303 1
17 312 1
17 314 1
17 344 1
17 350 1
17 359 1
17 372 1
17 387 1
17 390 1
17 392 1
17 404 1
17 421 1
17 429 2
17 434 1
17 438 2
17 439 1
17 461 1
17 462 1
17 476 1
17 491 1
17 536 1
17 565 1
17 582 1
17 595 1
17 705 1
17 708 1
17 727 2
17 730 1
17 787 1
17 838 1
17 909 1
17 922 1
17 924 1
17 935 1
17 1055 1
17 1061 1
17 1102 1
17 1107 1
17 1152 1
17 1166 1
17 1167 1
17 1168 1
17 1169 1
17 1170 1
17 1171 1
17 1172 1
17 1173 1
17 1174 1
17 1175 1
17 1176 1
17 1177 1
17 1178 11
17 1179 1
17 1180 1
17 1181 2
17 1182 1
17 1183 1
17 1184 1
17 1185 2
17 1186 1
18 3 4
18 10 2
18 14 7
18 15 3
18 16 2
18 32 2
18 34 1
18 48 2
18 53 2
18 60 1
18 63 1
18 68 1
18 75 1
18 78 1
18 102 6
18 105 1
18 115 1
18 126 1
18 137 1
18 142 1
18 148 1
18 172 1
18 173 1
18 182 4
18 184 1
18 188 1
18 191 2
18 202 1
18 239 1
18 279 2
18 283 1
18 297 12
18 303 2
18 325 1
18 328 1
18 338 1
18 344 1
18 390 1
18 438 1
18 450 1
18 462 1
18 491 1
18 518 1
18 530 1
18 531 2
18 545 1
18 629 1
18 668 1
18 670 1
18 727 1
18 747 1
18 771 1
18 814 1
18 818 1
18 855 1
18 888 1
18 909 1
18 925 2
18 1005 1
18 1055 1
18 1101 1
18 1102 1
18 1123 1
18 1132 1
18 1149 1
18 1159 1
18 1173 1
18 1187 3
18 1188 3
18 1189 1
18 1190 1
18 1191 1
18 1192 2
18 1193 1
18 1194 1
18 1195 1
18 1196 1
18 1197 1
18 1198 2
18 1199 1
18 1200 1
19 2 2
19 3 4
19 10 2
19 13 1
19 14 4
19 15 5
19 16 2
19 32 1
19 34 1
19 35 1
19 48 2
19 53 1
19 60 1
19 75 1
19 78 1
19 95 3
19 102 3
19 105 1
19 116 1
19 119 1
19 126 2
19 130 1
19 133 1
19 137 1
19 148 1
19 155 1
19 172 1
19 173 1
19 181 1
19 182 4
19 189 3
19 203 1
19 210 2
19 222 1
19 226 2
19 239 1
19 258 1
19 263 1
19 270 1
19 297 12
19 303 1
19 322 1
19 370 2
19 385 1
19 424 1
19 438 1
19 450 1
19 456 2
19 461 1
19 491 1
19 508 1
19 512 1
19 518 1
19 535 1
19 536 1
19 537 1
19 565 1
19 569 3
19 620 1
19 629 1
19 668 1
19 670 1
19 727 1
19 769 2
19 770 1
19 781 1
19 818 2
19 853 2
19 902 1
19 913 1
19 935 1
19 1055 1
19 1062 1
19 1101 1
19 1102 1
19 1123 2
19 1173 1
19 1187 1
19 1189 1
19 1191 1
19 1193 1
19 1200 1
19 1201 1
19 1202 2
19 1203 1
19 1204 1
19 1205 1
19 1206 1
19 1207 1
19 1208 1
20 2 1
20 10 1
20 14 4
20 15 2
20 19 1
20 32 1
20 35 5
20 54 1
20 57 1
20 64 1
20 72 1
20 77 1
20 84 8
20 85 1
20 99 1
20 112 2
20 115 1
20 139 3
20 142 2
20 146 1
20 148 1
20 149 1
20 171 6
20 172 11
20 175 2
20 177 1
20 178 3
20 181 2
20 192 1
20 194 1
20 201 1
20 209 1
20 214 2
20 220 2
20 232 1
20 239 1
20 240 1
20 242 1
20 246 1
20 249 1
20 252 1
20 257 1
20 260 1
20 262 3
20 263 1
20 270 1
20 273 1
20 274 1
20 278 1
20 291 6
20 295 1
20 315 2
20 317 1
20 320 1
20 344 1
20 356 1
20 362 1
20 369 1
20 372 1
20 390 1
20 391 1
20 429 1
20 438 1
20 441 2
20 456 1
20 463 1
20 494 1
20 507 1
20 518 1
20 579 1
20 593 2
20 620 1
20 668 1
20 694 1
20 705 1
20 719 1
20 802 1
20 807 2
20 808 1
20 815 1
20 838 1
20 840 1
20 874 2
20 954 1
20 1016 1
20 1047 1
20 1080 1
20 1088 1
20 1107 1
20 1124 2
20 1159 1
20 1172 1
20 1189 1
20 1206 2
20 1209 2
20 1210 1
20 1211 1
20 1212 1
20 1213 1
20 1214 1
20 1215 1
20 1216 1
20 1217 1
20 1218 1
20 1219 1
20 1220 1
20 1221 1
20 1222 1
20 1223 1
20 1224 1
20 1225 1
20 1226 2
20 1227 1
20 1228 1
20 1229 1
20 1230 1
20 1231 2
20 1232 1
20 1233 1
20 1234 1
20 1235 1
20 1236 1
20 1237 1
21 4 2
21 14 6
21 24 1
21 35 6
21 77 1
21 84 4
21 86 2
21 109 3
21 114 2
21 126 1
21 145 1
21 146 1
21 149 1
21 172 5
21 176 2
21 178 1
21 194 1
21 210 2
21 214 4
21 227 2
21 238 1
21 242 1
21 260 2
21 275 1
21 291 7
21 314 1
21 344 1
21 374 1
21 415 1
21 438 2
21 441 1
21 474 1
21 476 1
21 490 1
21 493 2
21 512 1
21 517 1
21 521 1
21 534 1
21 542 1
21 543 1
21 668 1
21 768 1
21 793 1
21 825 1
21 889 1
21 957 1
21 1005 1
21 1015 2
21 1060 1
21 1118 1
21 1182 1
21 1209 1
21 1222 1
21 1225 1
21 1227 1
21 1231 1
21 1235 1
21 1238 1
21 1239 1
21 1240 1
21 1241 1
21 1242 1
21 1243 1
21 1244 1
21 1245 1
21 1246 1
21 1247 1
21 1248 1
21 1249 1
21 1250 3
21 1251 1
21 1252 1
21 1253 1
21 1254 1
21 1255 1
21 1256 1
22 1 1
22 3 4
22 10 2
22 12 2
22 14 7
22 15 6
22 16 2
22 18 2
22 19 2
22 28 1
22 32 3
22 35 3
22 40 1
22 43 1
22 52 3
22 54 1
22 60 1
22 66 1
22 72 2
22 75 1
22 77 2
22 84 4
22 85 2
22 86 1
22 92 1
22 99 1
22 102 1
22 108 2
22 112 1
22 120 1
22 123 1
22 124 4
22 125 1
22 126 1
22 132 1
22 133 1
22 137 2
22 146 4
22 149 1
22 154 1
22 156 1
22 161 1
22 164 1
22 166 2
22 171 3
22 181 4
22 182 2
22 187 1
22 191 1
22 201 1
22 204 4
22 205 1
22 214 1
22 215 2
22 217 2
22 226 1
22 240 1
22 242 1
22 248 1
22 257 1
22 258 3
22 260 2
22 262 1
22 267 2
22 270 4
22 272 1
22 287 1
22 291 2
22 297 2
22 300 1
22 306 2
22 350 2
22 361 2
22 378 1
22 390 1
22 402 1
22 449 3
22 456 1
22 490 18
22 491 8
22 494 1
22 496 1
22 499 1
22 500 1
22 525 2
22 540 2
22 579 1
22 620 1
22 656 1
22 677 2
22 694 3
22 724 1
22 801 1
22 849 1
22 870 1
22 889 2
22 895 1
22 954 18
22 957 1
22 958 2
22 1005 6
22 1021 2
22 1134 2
22 1135 2
22 1138 1
22 1159 1
22 1174 6
22 1178 1
22 1201 1
22 1231 1
22 1257 1
22 1258 1
22 1259 1
22 1260 2
22 1261 1
22 1262 1
22 1263 1
22 1264 2
22 1265 7
22 1266 1
22 1267 1
22 1268 1
22 1269 2
22 1270 1
22 1271 1
22 1272 2
22 1273 1
22 1274 1
22 1275 1
22 1276 6
22 1277 1
22 1278 1
22 1279 1
22 1280 1
22 1281 1
22 1282 1
22 1283 1
23 2 2
23 3 1
23 10 7
23 13 1
23 14 8
23 15 1
23 18 1
23 19 1
23 25 1
23 35 6
23 40 1
23 48 5
23 50 2
23 52 1
23 54 2
23 56 2
23 57 2
23 60 2
23 74 2
23 85 8
23 86 1
23 95 2
23 106 1
23 112 1
23 116 1
23 119 1
23 123 1
23 124 1
23 126 2
23 127 2
23 137 1
23 140 3
23 141 5
23 142 1
23 148 2
23 152 1
23 158 1
23 160 1
23 166 1
23 168 1
23 170 1
23 171 2
23 172 2
23 174 6
23 175 6
23 177 4
23 180 11
23 181 7
23 182 2
23 184 3
23 189 5
23 191 3
23 192 1
23 194 2
23 201 1
23 202 1
23 203 1
23 204 1
23 205 1
23 214 1
23 222 1
23 233 4
23 235 1
23 246 3
23 248 1
23 252 4
23 256 2
23 262 1
23 263 1
23 274 5
23 282 1
23 291 6
23 295 1
23 298 1
23 300 2
23 303 4
23 317 2
23 322 1
23 330 9
23 344 1
23 346 2
23 353 1
23 354 1
23 355 5
23 359 5
23 372 2
23 386 1
23 399 1
23 402 1
23 403 10
23 406 1
23 408 1
23 415 14
23 421 1
23 424 3
23 429 1
23 433 2
23 437 1
23 438 1
23 439 4
23 449 1
23 451 1
23 453 1
23 455 1
23 461 1
23 469 1
23 476 1
23 477 2
23 478 1
23 479 1
23 480 1
23 489 3
23 491 1
23 507 1
23 512 2
23 524 1
23 564 2
23 565 3
23 599 1
23 629 1
23 632 3
23 701 1
23 712 1
23 717 2
23 719 1
23 728 7
23 730 7
23 735 1
23 755 1
23 770 1
23 773 4
23 780 3
23 787 1
23 792 1
23 801 1
23 802 1
23 825 1
23 834 1
23 838 1
23 849 1
23 885 1
23 891 1
23 915 2
23 926 1
23 1042 1
23 1046 6
23 1051 1
23 1057 1
23 1098 1
23 1131 2
23 1151 1
23 1176 1
23 1182 1
23 1202 1
23 1208 1
23 1212 1
23 1213 2
23 1267 1
23 1283 1
23 1284 1
23 1285 2
23 1286 1
23 1287 1
23 1288 1
23 1289 1
23 1290 1
23 1291 1
23 1292 1
23 1293 1
23 1294 3
23 1295 3
23 1296 1
23 1297 1
23 1298 1
23 1299 2
23 1300 1
23 1301 1
23 1302 2
23 1303 2
23 1304 1
23 1305 1
23 1306 2
23 1307 1
23 1308 1
23 1309 1
23 1310 2
23 1311 1
23 1312 1
23 1313 1
23 1314 1
23 1315 1
23 1316 1
23 1317 1
23 1318 1
23 1319 1
23 1320 1
23 1321 2
23 1322 1
23 1323 1
24 2 1
24 3 4
24 7 2
24 10 3
24 14 6
24 15 2
24 16 1
24 26 1
24 28 2
24 32 4
24 35 2
24 37 1
24 40 2
24 43 1
24 49 6
24 50 2
24 51 1
24 53 5
24 54 3
24 55 1
24 56 1
24 64 4
24 66 1
24 72 2
24 77 6
24 84 3
24 86 2
24 91 1
24 97 1
24 102 1
24 106 1
24 108 3
24 109 1
24 120 1
24 134 10
24 136 1
24 146 8
24 148 1
24 149 1
24 156 2
24 158 1
24 161 1
24 166 1
24 171 11
24 172 4
24 174 2
24 175 1
24 178 1
24 181 2
24 182 1
24 185 1
24 189 1
24 191 3
24 201 1
24 205 1
24 209 2
24 217 2
24 220 2
24 224 1
24 225 1
24 242 5
24 249 1
24 251 1
24 260 1
24 262 1
24 286 2
24 291 9
24 302 1
24 320 4
24 322 1
24 327 1
24 338 1
24 346 3
24 356 1
24 370 1
24 384 2
24 386 1
24 429 1
24 434 1
24 461 1
24 491 1
24 494 2
24 501 1
24 512 1
24 556 1
24 565 1
24 582 1
24 650 1
24 669 2
24 705 1
24 708 1
24 719 1
24 724 2
24 751 1
24 765 1
24 773 1
24 784 1
24 791 1
24 825 1
24 874 1
24 887 1
24 893 1
24 898 1
24 960 1
24 977 1
24 1000 1
24 1016 1
24 1084 1
24 1085 1
24 1098 3
24 1136 1
24 1138 1
24 1151 5
24 1152 2
24 1157 1
24 1169 1
24 1173 1
24 1178 23
24 1181 1
24 1231 1
24 1238 1
24 1259 1
24 1324 2
24 1325 1
24 1326 1
24 1327 1
24 1328 1
24 1329 1
24 1330 1
24 1331 1
24 1332 1
24 1333 2
24 1334 1
24 1335 1
24 1336 1
24 1337 1
24 1338 4
24 1339 2
24 1340 2
24 1341 1
24 1342 10
24 1343 1
24 1344 2
24 1345 1
24 1346 2
24 1347 1
24 1348 1
24 1349 3
24 1350 1
24 1351 1
24 1352 1
24 1353 3
24 1354 1
24 1355 1
24 1356 2
24 1357 1
24 1358 1
25 1 1
25 2 5
25 3 12
25 4 2
25 7 2
25 14 3
25 15 2
25 18 1
25 27 1
25 28 1
25 32 5
25 35 1
25 50 1
25 53 2
25 55 2
25 64 3
25 66 1
25 72 3
25 77 5
25 84 3
25 86 1
25 91 2
25 92 1
25 102 3
25 109 1
25 111 1
25 112 1
25 127 1
25 133 8
25 137 1
25 140 1
25 142 5
25 143 1
25 146 6
25 149 3
25 156 2
25 168 1
25 171 1
25 172 4
25 178 1
25 182 7
25 191 1
25 193 1
25 201 1
25 205 1
25 206 1
25 214 2
25 224 2
25 226 1
25 236 1
25 242 1
25 251 1
25 258 6
25 260 1
25 262 2
25 279 5
25 291 4
25 324 1
25 333 1
25 340 4
25 383 1
25 386 1
25 392 1
25 438 1
25 440 2
25 476 1
25 481 9
25 486 1
25 494 1
25 501 1
25 535 1
25 545 1
25 556 1
25 557 1
25 652 1
25 668 1
25 673 1
25 676 2
25 792 1
25 825 2
25 1007 1
25 1055 1
25 1058 1
25 1102 1
25 1107 2
25 1187 1
25 1201 1
25 1259 2
25 1325 1
25 1326 3
25 1345 1
25 1346 3
25 1359 1
25 1360 1
25 1361 1
25 1362 1
25 1363 1
25 1364 1
25 1365 1
25 1366 1
25 1367 1
25 1368 1
25 1369 1
25 1370 1
26 1 1
26 2 1
26 3 1
26 10 5
26 11 1
26 14 7
26 28 1
26 35 4
26 51 1
26 63 2
26 64 1
26 72 2
26 76 2
26 77 4
26 85 2
26 90 1
26 91 1
26 102 1
26 112 2
26 113 3
26 118 1
26 127 1
26 130 1
26 136 1
26 137 2
26 146 2
26 171 1
26 172 1
26 181 4
26 194 1
26 197 1
26 199 17
26 204 3
26 205 2
26 207 2
26 210 2
26 214 1
26 224 2
26 238 1
26 239 2
26 242 1
26 248 1
26 249 5
26 251 3
26 252 2
26 257 1
26 259 1
26 260 3
26 263 2
26 280 2
26 286 2
26 291 2
26 293 1
26 300 1
26 306 1
26 311 1
26 312 1
26 331 1
26 339 1
26 345 1
26 347 2
26 356 2
26 358 1
26 360 1
26 361 2
26 370 1
26 376 1
26 378 1
26 380 1
26 388 1
26 405 2
26 427 2
26 456 1
26 518 1
26 593 2
26 620 1
26 669 1
26 690 1
26 710 1
26 792 2
26 794 2
26 850 1
26 891 1
26 924 1
26 930 1
26 1005 1
26 1011 1
26 1017 1
26 1055 1
26 1102 1
26 1104 1
26 1145 1
26 1210 1
26 1280 1
26 1331 1
26 1353 2
26 1371 1
26 1372 1
26 1373 1
26 1374 1
26 1375 1
26 1376 1
26 1377 1
26 1378 1
26 1379 1
26 1380 1
26 1381 1
26 1382 1
26 1383 1
26 1384 1
26 1385 1
26 1386 1
27 2 1
27 3 1
27 10 9
27 14 1
27 15 1
27 27 3
27 35 4
27 42 1
27 50 1
27 53 1
27 63 1
27 108 1
27 119 1
27 142 10
27 154 2
27 172 1
27 178 1
27 181 1
27 182 2
27 184 1
27 202 1
27 221 1
27 248 3
27 249 1
27 252 1
27 262 1
27 263 1
27 268 10
27 279 2
27 291 3
27 311 1
27 342 1
27 347 1
27 352 1
27 385 3
27 392 1
27 438 1
27 653 1
27 696 1
27 744 3
27 823 1
27 863 1
27 887 1
27 889 1
27 1055 1
27 1102 1
27 1188 1
27 1226 1
27 1284 1
27 1338 2
27 1377 1
27 1387 1
27 1388 1
27 1389 1
27 1390 1
27 1391 1
27 1392 1
27 1393 1
27 1394 1
27 1395 2
27 1396 1
27 1397 3
27 1398 1
27 1399 5
27 1400 1
28 3 1
28 14 9
28 19 1
28 24 1
28 27 1
28 41 1
28 48 4
28 55 1
28 58 1
28 72 1
28 75 1
28 77 2
28 91 1
28 105 3
28 109 3
28 112 1
28 113 3
28 119 1
28 138 1
28 141 6
28 142 5
28 146 1
28 161 1
28 162 1
28 171 1
28 172 9
28 173 3
28 176 1
28 178 1
28 182 1
28 188 1
28 202 1
28 240 1
28 249 1
28 255 1
28 259 1
28 280 2
28 286 1
28 291 2
28 311 1
28 318 1
28 341 1
28 344 4
28 352 1
28 382 2
28 389 1
28 438 1
28 460 2
28 461 1
28 501 1
28 508 2
28 539 1
28 593 1
28 629 3
28 668 1
28 688 1
28 690 3
28 692 1
28 792 1
28 801 1
28 839 1
28 887 1
28 900 1
28 907 1
28 908 1
28 913 1
28 921 1
28 925 1
28 1074 1
28 1079 1
28 1085 1
28 1096 1
28 1127 1
28 1189 2
28 1207 1
28 1227 1
28 1245 1
28 1326 1
28 1353 1
28 1372 2
28 1401 1
28 1402 2
28 1403 1
28 1404 2
28 1405 2
28 1406 1
28 1407 1
28 1408 1
28 1409 1
28 1410 3
28 1411 2
28 1412 1
28 1413 1
28 1414 1
28 1415 1
28 1416 2
28 1417 1
28 1418 1
28 1419 1
28 1420 1
29 1 1
29 2 7
29 3 9
29 8 2
29 10 5
29 13 1
29 14 6
29 15 14
29 21 1
29 26 1
29 28 3
29 29 2
29 32 3
29 35 6
29 40 1
29 41 1
29 42 1
29 48 1
29 50 3
29 51 1
29 53 1
29 55 1
29 60 1
29 63 2
29 68 1
29 70 1
29 72 2
29 74 1
29 76 1
29 77 4
29 79 2
29 84 2
29 85 5
29 86 1
29 91 1
29 94 2
29 96 1
29 102 5
29 105 3
29 106 1
29 112 4
29 115 1
29 116 1
29 119 1
29 127 2
29 128 1
29 133 4
29 137 3
29 141 4
29 142 2
29 145 1
29 146 6
29 148 3
29 149 1
29 152 1
29 156 2
29 158 2
29 162 1
29 164 1
29 171 4
29 172 6
29 173 2
29 174 1
29 178 1
29 181 7
29 182 4
29 186 1
29 189 3
29 191 1
29 204 1
29 205 3
29 210 5
29 214 2
29 221 1
29 222 3
29 224 2
29 226 2
29 230 4
29 232 1
29 236 5
29 238 2
29 246 2
29 248 1
29 249 1
29 251 2
29 255 1
29 256 1
29 259 5
29 260 5
29 263 1
29 265 2
29 277 1
29 280 2
29 282 1
29 287 1
29 291 1
29 297 2
29 303 4
29 307 1
29 313 1
29 315 6
29 321 1
29 330 1
29 347 1
29 355 1
29 356 1
29 359 2
29 361 1
29 367 1
29 372 3
29 386 2
29 389 1
29 399 1
29 403 3
29 408 2
29 411 8
29 415 1
29 419 19
29 429 1
29 434 1
29 438 1
29 439 1
29 445 1
29 450 4
29 455 3
29 456 1
29 459 2
29 477 1
29 481 3
29 491 2
29 493 2
29 494 1
29 501 2
29 507 1
29 521 2
29 524 1
29 556 1
29 579 3
29 597 1
29 629 1
29 644 1
29 667 1
29 674 1
29 695 1
29 705 1
29 707 2
29 717 3
29 719 2
29 724 1
29 726 1
29 737 1
29 738 1
29 749 3
29 768 1
29 794 1
29 801 1
29 803 1
29 807 1
29 814 1
29 828 1
29 833 1
29 879 1
29 885 1
29 898 1
29 901 1
29 909 6
29 915 1
29 935 2
29 941 1
29 944 1
29 1011 3
29 1017 1
29 1084 1
29 1107 2
29 1138 1
29 1152 2
29 1171 1
29 1176 1
29 1178 2
29 1206 8
29 1207 1
29 1230 1
29 1284 1
29 1285 1
29 1294 3
29 1308 3
29 1315 1
29 1316 1
29 1322 1
29 1326 1
29 1361 1
29 1372 2
29 1401 1
29 1421 1
29 1422 1
29 1423 1
29 1424 1
29 1425 1
29 1426 5
29 1427 1
29 1428 1
29 1429 1
29 1430 1
29 1431 1
29 1432 1
29 1433 3
29 1434 1
29 1435 1
29 1436 1
29 1437 1
29 1438 1
29 1439 1
29 1440 1
29 1441 1
29 1442 1
29 1443 1
29 1444 1
29 1445 1
29 1446 1
29 1447 1
29 1448 1
29 1449 1
29 1450 1
29 1451 1
29 1452 1
30 1 1
30 2 1
30 3 10
30 5 4
30 7 1
30 10 6
30 12 1
30 14 4
30 15 2
30 25 1
30 28 1
30 32 2
30 35 4
30 40 3
30 41 2
30 43 7
30 48 2
30 52 1
30 53 3
30 54 4
30 56 3
30 57 1
30 65 1
30 72 2
30 74 2
30 75 1
30 77 1
30 84 1
30 86 1
30 91 4
30 96 8
30 105 10
30 106 1
30 112 1
30 115 1
30 124 1
30 129 1
30 132 1
30 133 1
30 136 1
30 137 1
30 141 21
30 146 1
30 149 2
30 155 1
30 156 2
30 161 1
30 166 2
30 172 7
30 173 1
30 174 14
30 175 1
30 177 3
30 178 4
30 180 5
30 181 8
30 182 2
30 186 2
30 189 3
30 191 4
30 194 6
30 201 1
30 202 2
30 209 1
30 210 12
30 212 1
30 214 2
30 216 1
30 220 3
30 222 3
30 235 2
30 251 1
30 252 1
30 257 1
30 260 3
30 263 1
30 270 2
30 271 1
30 278 1
30 285 1
30 287 2
30 288 1
30 291 7
30 300 3
30 303 6
30 327 2
30 340 1
30 344 1
30 346 1
30 361 1
30 369 1
30 372 11
30 385 1
30 392 1
30 408 1
30 411 45
30 413 1
30 419 20
30 421 1
30 428 2
30 429 2
30 434 3
30 437 3
30 438 1
30 439 4
30 446 1
30 456 2
30 461 2
30 463 2
30 479 1
30 481 1
30 483 1
30 489 3
30 491 1
30 494 1
30 508 1
30 512 1
30 525 1
30 565 1
30 587 1
30 591 1
30 624 4
30 652 3
30 662 4
30 669 1
30 680 1
30 694 3
30 703 2
30 707 1
30 744 2
30 745 1
30 794 3
30 801 3
30 802 1
30 807 1
30 829 1
30 870 2
30 874 3
30 879 1
30 885 4
30 891 1
30 896 1
30 898 6
30 915 1
30 919 1
30 953 1
30 954 3
30 959 1
30 1051 2
30 1079 1
30 1093 1
30 1097 2
30 1151 1
30 1206 2
30 1262 1
30 1288 2
30 1314 1
30 1315 2
30 1323 2
30 1326 2
30 1344 1
30 1447 1
30 1448 1
30 1453 2
30 1454 5
30 1455 2
30 1456 2
30 1457 1
30 1458 1
30 1459 1
30 1460 1
30 1461 5
30 1462 4
30 1463 1
30 1464 1
30 1465 1
30 1466 1
30 1467 1
30 1468 1
30 1469 4
30 1470 1
30 1471 1
30 1472 2
30 1473 1
30 1474 1
30 1475 1
30 1476 1
30 1477 1
30 1478 2
30 1479 1
30 1480 1
30 1481 1
30 1482 1
31 2 1
31 10 6
31 13 1
31 14 2
31 15 3
31 42 1
31 50 1
31 106 1
31 111 1
31 113 4
31 143 1
31 164 1
31 172 2
31 178 1
31 201 1
31 202 1
31 203 1
31 222 1
31 240 1
31 248 1
31 263 2
31 283 6
31 352 1
31 361 1
31 405 1
31 408 1
31 438 1
31 483 2
31 484 1
31 524 1
31 536 1
31 669 1
31 705 1
31 801 1
31 863 1
31 879 3
31 901 2
31 1107 1
31 1159 4
31 1267 1
31 1271 9
31 1302 1
31 1382 3
31 1483 2
31 1484 1
31 1485 2
32 3 2
32 10 4
32 14 4
32 15 1
32 35 1
32 50 1
32 51 1
32 111 1
32 126 1
32 143 1
32 172 2
32 178 1
32 181 1
32 193 1
32 238 1
32 249 1
32 252 1
32 263 2
32 270 1
32 283 2
32 291 1
32 311 1
32 335 1
32 342 1
32 347 1
32 402 1
32 438 1
32 524 1
32 603 1
32 810 1
32 1055 1
32 1102 1
32 1159 2
32 1268 1
32 1271 2
32 1385 1
32 1486 1
32 1487 6
33 3 4
33 4 2
33 10 3
33 11 1
33 13 1
33 14 4
33 15 8
33 28 3
33 32 6
33 35 3
33 37 2
33 40 2
33 42 1
33 45 1
33 48 3
33 49 4
33 51 2
33 52 1
33 53 1
33 54 1
33 57 1
33 58 3
33 63 1
33 72 3
33 73 2
33 75 3
33 77 5
33 84 1
33 85 4
33 91 1
33 99 1
33 102 3
33 105 3
33 106 1
33 112 1
33 118 1
33 119 1
33 132 1
33 133 2
33 136 2
33 137 2
33 138 1
33 142 1
33 145 1
33 146 9
33 152 6
33 153 1
33 156 2
33 158 3
33 161 1
33 166 1
33 168 1
33 171 5
33 172 4
33 173 3
33 174 1
33 177 3
33 181 4
33 182 6
33 184 1
33 187 1
33 189 1
33 191 1
33 192 2
33 193 1
33 194 1
33 202 2
33 204 1
33 205 6
33 206 1
33 209 1
33 213 1
33 214 2
33 218 11
33 222 1
33 224 2
33 226 2
33 235 1
33 236 1
33 237 1
33 246 3
33 248 1
33 249 1
33 251 2
33 258 1
33 260 4
33 262 2
33 267 1
33 270 2
33 275 1
33 276 1
33 280 1
33 282 1
33 283 8
33 285 2
33 288 2
33 289 1
33 290 1
33 291 1
33 297 2
33 298 1
33 300 2
33 303 1
33 316 1
33 322 1
33 327 1
33 338 1
33 342 1
33 343 3
33 344 1
33 352 1
33 359 3
33 372 1
33 408 1
33 416 1
33 419 6
33 427 1
33 429 2
33 434 1
33 450 1
33 451 1
33 457 1
33 463 1
33 491 1
33 494 1
33 508 1
33 510 1
33 525 1
33 545 1
33 556 1
33 591 1
33 597 1
33 708 1
33 716 1
33 749 1
33 755 1
33 760 1
33 802 2
33 808 1
33 823 1
33 849 1
33 861 1
33 863 1
33 889 1
33 901 1
33 913 1
33 930 2
33 1005 1
33 1018 1
33 1084 1
33 1098 1
33 1145 1
33 1159 1
33 1167 1
33 1182 1
33 1187 1
33 1196 1
33 1206 4
33 1212 1
33 1225 1
33 1285 2
33 1306 1
33 1316 1
33 1325 1
33 1326 1
33 1351 1
33 1440 1
33 1458 1
33 1488 1
33 1489 1
33 1490 1
33 1491 1
33 1492 1
33 1493 1
33 1494 1
33 1495 1
33 1496 3
33 1497 3
33 1498 1
33 1499 1
33 1500 1
33 1501 2
33 1502 1
33 1503 1
33 1504 1
33 1505 1
33 1506 1
33 1507 1
33 1508 3
33 1509 1
33 1510 1
33 1511 1
33 1512 1
33 1513 1
33 1514 1
34 2 1
34 4 1
34 10 1
34 12 1
34 13 1
34 14 8
34 15 2
34 19 1
34 27 1
34 32 2
34 39 1
34 48 2
34 50 1
34 75 1
34 77 1
34 85 2
34 105 2
34 108 1
34 111 1
34 112 1
34 113 2
34 119 1
34 141 9
34 142 13
34 143 1
34 146 1
34 153 1
34 171 1
34 172 9
34 173 2
34 178 1
34 181 2
34 182 2
34 191 1
34 194 1
34 202 3
34 221 1
34 223 5
34 240 2
34 246 1
34 248 1
34 252 1
34 257 1
34 282 1
34 283 2
34 291 3
34 293 3
34 311 1
34 318 1
34 339 1
34 344 1
34 347 1
34 382 1
34 385 2
34 389 1
34 405 2
34 429 1
34 438 2
34 484 1
34 524 1
34 536 1
34 537 2
34 629 7
34 653 1
34 660 2
34 688 1
34 690 2
34 698 1
34 699 1
34 714 1
34 787 3
34 792 1
34 863 2
34 900 1
34 913 2
34 922 1
34 939 1
34 1048 1
34 1078 1
34 1079 1
34 1122 1
34 1129 1
34 1140 1
34 1159 1
34 1190 1
34 1227 1
34 1267 1
34 1268 1
34 1271 1
34 1284 1
34 1354 1
34 1372 2
34 1402 9
34 1404 1
34 1405 2
34 1406 1
34 1410 1
34 1411 1
34 1412 1
34 1414 1
34 1416 2
34 1419 1
34 1515 1
34 1516 1
34 1517 1
34 1518 1
34 1519 1
34 1520 1
34 1521 1
34 1522 1
34 1523 1
34 1524 1
34 1525 1
35 2 1
35 14 8
35 19 1
35 27 1
35 32 1
35 48 2
35 50 1
35 56 1
35 60 1
35 63 2
35 75 1
35 77 2
35 78 1
35 90 1
35 98 1
35 105 2
35 108 1
35 111 1
35 112 1
35 113 1
35 116 1
35 127 1
35 141 3
35 142 16
35 143 1
35 146 1
35 171 1
35 172 10
35 173 2
35 178 1
35 181 1
35 188 1
35 191 2
35 195 1
35 204 1
35 217 1
35 239 1
35 240 2
35 242 1
35 245 1
35 252 1
35 262 1
35 263 1
35 271 2
35 278 1
35 280 2
35 291 6
35 293 4
35 344 1
35 347 6
35 352 1
35 355 1
35 362 1
35 382 1
35 383 1
35 385 1
35 386 2
35 389 1
35 416 1
35 429 1
35 438 2
35 475 1
35 476 1
35 501 1
35 512 2
35 524 1
35 556 2
35 564 1
35 575 1
35 629 2
35 632 1
35 668 2
35 669 1
35 692 1
35 737 1
35 748 4
35 792 1
35 828 1
35 863 1
35 907 1
35 913 1
35 925 1
35 1007 1
35 1136 1
35 1140 1
35 1150 1
35 1183 1
35 1214 1
35 1227 1
35 1231 1
35 1245 11
35 1346 2
35 1353 1
35 1372 2
35 1387 1
35 1402 4
35 1405 2
35 1406 2
35 1410 2
35 1412 4
35 1415 1
35 1416 2
35 1427 1
35 1519 1
35 1526 2
35 1527 1
35 1528 1
35 1529 1
35 1530 2
35 1531 1
35 1532 1
35 1533 2
35 1534 1
35 1535 1
35 1536 1
35 1537 1
35 1538 1
35 1539 1
35 1540 1
35 1541 1
35 1542 1
35 1543 1
35 1544 1
35 1545 1
35 1546 1
35 1547 1
35 1548 1
36 1 1
36 2 6
36 3 4
36 6 2
36 10 17
36 13 1
36 14 7
36 15 19
36 18 2
36 26 1
36 28 1
36 32 3
36 35 3
36 40 2
36 48 1
36 50 1
36 51 1
36 52 1
36 53 1
36 54 2
36 55 2
36 66 1
36 68 1
36 70 1
36 72 2
36 75 1
36 76 4
36 77 8
36 84 5
36 85 3
36 86 2
36 91 1
36 95 8
36 99 1
36 102 1
36 105 5
36 106 1
36 108 1
36 111 1
36 112 2
36 118 2
36 127 3
36 128 4
36 132 1
36 133 1
36 143 1
36 145 1
36 146 12
36 149 4
36 156 2
36 166 1
36 171 1
36 172 16
36 173 1
36 174 7
36 175 1
36 177 2
36 178 1
36 181 4
36 182 4
36 185 1
36 191 1
36 192 1
36 193 1
36 201 1
36 202 3
36 203 4
36 205 1
36 206 1
36 214 3
36 217 1
36 222 1
36 224 2
36 234 1
36 240 1
36 251 3
36 259 3
36 260 1
36 263 1
36 265 3
36 280 1
36 288 8
36 297 1
36 314 1
36 315 1
36 342 1
36 344 2
36 352 4
36 355 1
36 359 1
36 361 1
36 408 15
36 411 4
36 419 36
36 421 1
36 429 1
36 431 1
36 436 1
36 441 1
36 445 1
36 448 1
36 473 1
36 487 1
36 494 1
36 507 1
36 508 1
36 509 1
36 512 1
36 521 2
36 536 1
36 539 2
36 556 1
36 560 1
36 579 1
36 581 5
36 650 1
36 688 1
36 694 2
36 698 1
36 707 2
36 792 1
36 825 1
36 828 1
36 885 1
36 889 2
36 905 3
36 909 1
36 914 1
36 922 1
36 926 1
36 959 1
36 997 1
36 1011 1
36 1039 1
36 1063 1
36 1065 1
36 1099 1
36 1107 1
36 1118 1
36 1182 1
36 1231 1
36 1254 1
36 1256 1
36 1259 1
36 1311 1
36 1325 1
36 1341 1
36 1374 1
36 1425 1
36 1435 1
36 1439 1
36 1447 1
36 1452 1
36 1468 1
36 1486 1
36 1519 6
36 1534 1
36 1549 1
36 1550 1
36 1551 1
36 1552 1
36 1553 1
36 1554 1
36 1555 1
36 1556 1
36 1557 2
36 1558 1
36 1559 1
36 1560 1
36 1561 1
36 1562 1
36 1563 1
36 1564 3
36 1565 4
36 1566 3
36 1567 1
36 1568 1
36 1569 1
36 1570 1
36 1571 1
36 1572 1
36 1573 1
36 1574 1
36 1575 1
36 1576 4
36 1577 14
36 1578 1
36 1579 1
36 1580 1
36 1581 1
36 1582 1
37 1 1
37 2 1
37 8 1
37 10 3
37 14 3
37 15 5
37 32 1
37 43 1
37 50 1
37 63 1
37 64 2
37 84 2
37 88 2
37 106 1
37 111 1
37 134 1
37 141 1
37 143 1
37 149 1
37 164 1
37 172 6
37 177 1
37 178 1
37 188 1
37 194 2
37 201 1
37 202 1
37 204 1
37 205 1
37 221 1
37 222 1
37 315 1
37 413 1
37 434 1
37 438 1
37 439 1
37 441 1
37 442 1
37 446 7
37 456 1
37 463 2
37 483 1
37 494 1
37 632 1
37 652 1
37 662 2
37 668 1
37 819 1
37 874 1
37 877 1
37 893 3
37 909 1
37 922 1
37 932 5
37 1016 1
37 1042 1
37 1088 1
37 1152 1
37 1182 1
37 1187 1
37 1228 1
37 1231 1
37 1583 1
37 1584 1
37 1585 1
37 1586 1
37 1587 1
38 1 1
38 3 1
38 10 4
38 14 3
38 15 3
38 35 1
38 50 1
38 84 2
38 85 1
38 95 1
38 105 1
38 106 1
38 111 1
38 126 1
38 138 1
38 143 1
38 155 2
38 162 1
38 164 1
38 172 2
38 173 1
38 178 1
38 181 1
38 182 4
38 189 2
38 191 2
38 201 1
38 205 2
38 210 4
38 222 1
38 232 3
38 233 3
38 248 1
38 262 1
38 263 1
38 268 1
38 270 1
38 289 1
38 291 1
38 346 1
38 361 1
38 369 3
38 389 1
38 392 1
38 403 2
38 426 6
38 438 1
38 463 2
38 483 2
38 484 1
38 520 4
38 536 1
38 597 1
38 652 1
38 677 4
38 708 2
38 712 1
38 721 5
38 734 1
38 828 2
38 863 1
38 875 1
38 891 1
38 919 1
38 954 7
38 1015 2
38 1445 1
38 1588 3
38 1589 1
38 1590 1
38 1591 6
38 1592 1
38 1593 2
38 1594 1
38 1595 1
39 3 2
39 10 6
39 13 1
39 14 3
39 19 1
39 30 1
39 40 2
39 43 1
39 48 2
39 50 1
39 51 1
39 52 1
39 53 3
39 54 1
39 63 4
39 66 1
39 72 3
39 76 1
39 77 5
39 85 10
39 87 1
39 91 1
39 95 1
39 96 1
39 102 1
39 105 1
39 106 1
39 111 1
39 112 1
39 113 1
39 119 1
39 123 2
39 132 1
39 143 1
39 146 5
39 155 1
39 156 2
39 164 1
39 166 2
39 170 1
39 172 2
39 173 1
39 174 4
39 177 1
39 178 1
39 181 3
39 182 8
39 185 1
39 189 1
39 191 1
39 192 1
39 193 2
39 194 1
39 201 1
39 202 1
39 205 1
39 206 1
39 209 1
39 210 1
39 213 1
39 214 2
39 217 3
39 222 1
39 224 2
39 232 2
39 233 6
39 234 1
39 236 1
39 239 1
39 242 1
39 244 1
39 248 2
39 251 1
39 255 1
39 259 2
39 260 4
39 262 1
39 263 3
39 270 1
39 273 1
39 274 8
39 281 2
39 282 1
39 283 2
39 286 2
39 288 6
39 289 1
39 290 1
39 291 6
39 311 1
39 330 1
39 338 1
39 342 3
39 347 6
39 355 1
39 359 1
39 361 1
39 369 1
39 377 1
39 390 1
39 402 1
39 403 3
39 406 4
39 411 1
39 419 3
39 429 1
39 433 1
39 436 1
39 449 1
39 471 1
39 494 1
39 508 1
39 512 1
39 536 2
39 637 2
39 652 1
39 675 1
39 677 1
39 690 1
39 695 1
39 703 1
39 710 2
39 717 1
39 719 3
39 724 1
39 802 1
39 825 1
39 844 2
39 882 1
39 901 1
39 935 1
39 954 1
39 968 1
39 986 1
39 1011 1
39 1051 1
39 1084 1
39 1122 1
39 1159 1
39 1181 1
39 1206 1
39 1267 4
39 1284 1
39 1289 1
39 1302 1
39 1325 1
39 1592 1
39 1596 1
39 1597 1
39 1598 1
39 1599 2
39 1600 9
39 1601 8
39 1602 1
39 1603 1
39 1604 1
39 1605 1
39 1606 2
39 1607 2
39 1608 1
39 1609 1
39 1610 1
39 1611 1
40 3 1
40 10 8
40 14 3
40 15 7
40 18 2
40 19 1
40 32 1
40 40 1
40 48 2
40 52 2
40 53 1
40 54 1
40 66 1
40 72 2
40 74 1
40 77 6
40 84 7
40 85 12
40 87 1
40 91 1
40 95 1
40 97 2
40 102 1
40 105 2
40 106 1
40 108 1
40 109 1
40 112 1
40 123 3
40 124 1
40 132 2
40 136 1
40 139 14
40 145 1
40 146 10
40 148 1
40 149 1
40 154 1
40 155 1
40 156 1
40 160 2
40 164 1
40 166 2
40 170 1
40 171 1
40 172 2
40 173 2
40 174 6
40 175 4
40 177 1
40 181 3
40 182 9
40 189 4
40 191 1
40 192 1
40 193 1
40 194 1
40 201 1
40 202 1
40 205 3
40 206 1
40 210 1
40 212 1
40 213 1
40 214 2
40 217 2
40 220 4
40 222 2
40 224 2
40 225 1
40 227 1
40 232 4
40 233 10
40 234 2
40 248 2
40 251 6
40 255 1
40 256 2
40 260 1
40 274 3
40 280 1
40 282 1
40 286 2
40 287 1
40 297 3
40 322 1
40 330 1
40 338 1
40 350 1
40 355 1
40 359 3
40 361 1
40 369 2
40 372 1
40 389 1
40 392 2
40 403 4
40 406 3
40 408 2
40 424 1
40 426 2
40 436 1
40 438 1
40 453 2
40 468 1
40 471 1
40 483 2
40 489 1
40 491 1
40 493 1
40 507 1
40 508 1
40 534 1
40 536 1
40 554 1
40 565 1
40 637 1
40 677 3
40 708 1
40 710 1
40 717 2
40 719 1
40 724 1
40 726 1
40 749 1
40 813 1
40 817 1
40 838 1
40 841 1
40 882 1
40 889 1
40 893 2
40 896 2
40 916 3
40 954 1
40 1028 1
40 1061 1
40 1063 1
40 1083 1
40 1084 1
40 1107 3
40 1159 1
40 1184 1
40 1216 1
40 1226 1
40 1231 1
40 1284 1
40 1302 1
40 1325 1
40 1405 1
40 1427 1
40 1465 1
40 1549 1
40 1592 1
40 1603 1
40 1609 1
40 1610 1
40 1612 1
40 1613 1
40 1614 1
40 1615 1
40 1616 1
40 1617 2
40 1618 2
40 1619 1
40 1620 27
40 1621 1
40 1622 1
40 1623 1
40 1624 1
40 1625 2
40 1626 1
40 1627 2
41 1 1
41 2 1
41 10 3
41 14 3
41 15 1
41 27 3
41 35 3
41 42 1
41 50 1
41 74 3
41 76 1
41 77 1
41 78 1
41 85 5
41 105 1
41 111 1
41 112 1
41 123 13
41 139 1
41 141 2
41 143 1
41 146 1
41 148 1
41 152 1
41 160 2
41 172 4
41 178 1
41 181 3
41 182 5
41 192 1
41 210 1
41 222 3
41 230 1
41 232 1
41 233 2
41 236 2
41 248 1
41 251 3
41 257 1
41 274 4
41 281 1
41 282 1
41 286 1
41 288 1
41 325 1
41 343 2
41 359 2
41 361 3
41 372 1
41 382 1
41 403 4
41 415 6
41 424 2
41 438 2
41 483 2
41 502 1
41 637 4
41 708 2
41 712 1
41 730 1
41 828 1
41 875 2
41 889 1
41 916 2
41 954 1
41 1005 1
41 1137 1
41 1159 3
41 1174 1
41 1182 1
41 1199 2
41 1231 1
41 1284 1
41 1310 1
41 1445 2
41 1560 1
41 1592 1
41 1593 1
41 1624 1
41 1628 2
41 1629 1
41 1630 1
41 1631 1
41 1632 2
41 1633 1
41 1634 1
41 1635 1
42 10 7
42 14 2
42 32 3
42 42 1
42 50 1
42 72 1
42 76 1
42 84 1
42 85 2
42 88 3
42 90 1
42 93 1
42 105 2
42 106 1
42 111 1
42 123 3
42 143 1
42 149 1
42 160 1
42 164 1
42 172 5
42 178 1
42 181 1
42 182 3
42 191 1
42 201 1
42 202 1
42 221 2
42 222 1
42 230 1
42 233 1
42 239 1
42 243 2
42 246 1
42 260 1
42 263 1
42 274 2
42 291 5
42 339 1
42 359 1
42 363 1
42 369 1
42 383 1
42 386 2
42 403 1
42 404 1
42 408 1
42 415 1
42 429 1
42 439 7
42 451 1
42 454 1
42 524 1
42 536 1
42 677 3
42 682 2
42 708 2
42 730 1
42 874 1
42 916 1
42 957 1
42 1159 1
42 1181 1
42 1256 1
42 1284 1
42 1303 1
42 1433 1
42 1490 5
42 1592 1
42 1636 4
43 2 1
43 3 8
43 10 10
43 13 1
43 14 1
43 15 12
43 19 2
43 23 1
43 28 2
43 35 1
43 40 2
43 50 3
43 51 1
43 52 1
43 53 2
43 54 2
43 57 1
43 60 3
43 72 3
43 74 2
43 76 3
43 77 5
43 85 13
43 86 1
43 91 1
43 95 6
43 96 1
43 102 1
43 105 1
43 106 1
43 112 3
43 115 1
43 119 2
43 123 5
43 124 1
43 127 1
43 128 1
43 132 1
43 140 4
43 141 1
43 142 1
43 146 7
43 155 1
43 156 2
43 160 4
43 166 2
43 170 1
43 171 2
43 172 5
43 174 7
43 175 5
43 177 1
43 178 2
43 180 5
43 181 6
43 182 7
43 185 1
43 188 1
43 189 6
43 191 1
43 192 3
43 193 2
43 194 1
43 201 1
43 202 1
43 204 1
43 205 4
43 206 1
43 209 1
43 210 4
43 214 2
43 216 1
43 222 3
43 224 2
43 232 3
43 236 1
43 237 1
43 238 1
43 246 2
43 248 1
43 251 5
43 256 2
43 260 3
43 263 1
43 265 1
43 272 1
43 274 6
43 280 1
43 282 1
43 284 1
43 286 1
43 288 1
43 295 1
43 303 2
43 310 1
43 313 1
43 315 1
43 330 2
43 344 2
43 345 1
43 346 1
43 367 1
43 386 2
43 392 1
43 403 3
43 408 1
43 411 3
43 415 1
43 419 17
43 421 2
43 422 1
43 424 2
43 429 5
43 434 2
43 437 3
43 439 1
43 441 1
43 450 1
43 453 1
43 455 2
43 456 2
43 459 1
43 461 1
43 463 1
43 464 1
43 469 1
43 477 2
43 478 1
43 479 2
43 483 1
43 489 3
43 490 1
43 491 1
43 501 1
43 507 1
43 512 1
43 524 1
43 525 1
43 530 3
43 565 3
43 579 1
43 581 2
43 616 1
43 644 1
43 652 1
43 667 1
43 675 1
43 695 4
43 697 1
43 708 2
43 717 3
43 729 1
43 730 1
43 737 1
43 749 2
43 783 1
43 799 1
43 802 2
43 810 3
43 833 1
43 841 1
43 853 1
43 875 1
43 879 1
43 888 1
43 891 2
43 905 2
43 909 5
43 912 2
43 915 1
43 916 1
43 924 1
43 937 1
43 957 1
43 1051 1
43 1054 1
43 1101 1
43 1107 1
43 1171 1
43 1206 9
43 1207 2
43 1213 1
43 1231 1
43 1284 2
43 1285 1
43 1288 2
43 1294 2
43 1299 1
43 1300 1
43 1306 1
43 1308 3
43 1310 1
43 1315 1
43 1316 1
43 1323 2
43 1325 1
43 1384 1
43 1401 1
43 1421 1
43 1422 1
43 1428 1
43 1431 1
43 1436 1
43 1437 2
43 1441 6
43 1445 1
43 1446 1
43 1466 1
43 1480 1
43 1486 2
43 1592 1
43 1637 2
43 1638 1
43 1639 2
43 1640 1
43 1641 1
43 1642 1
43 1643 1
43 1644 1
43 1645 1
43 1646 1
43 1647 1
43 1648 3
44 14 3
44 15 7
44 16 1
44 28 2
44 35 2
44 40 4
44 41 1
44 50 2
44 53 7
44 54 2
44 57 1
44 64 1
44 72 3
44 77 4
44 84 1
44 85 2
44 91 3
44 93 1
44 102 1
44 106 1
44 112 2
44 127 2
44 146 6
44 156 3
44 158 7
44 166 3
44 171 3
44 172 2
44 178 2
44 181 2
44 189 1
44 193 2
44 195 2
44 198 2
44 199 3
44 200 7
44 201 1
44 202 1
44 203 1
44 204 3
44 205 1
44 206 1
44 207 2
44 209 1
44 210 2
44 214 2
44 216 1
44 217 1
44 221 1
44 222 3
44 224 2
44 228 1
44 232 1
44 233 3
44 234 1
44 236 1
44 237 1
44 239 1
44 241 1
44 242 1
44 245 2
44 246 3
44 250 1
44 251 1
44 252 1
44 253 1
44 256 1
44 257 2
44 260 1
44 262 1
44 270 1
44 273 1
44 274 1
44 281 1
44 284 1
44 300 1
44 304 1
44 307 3
44 311 1
44 331 1
44 338 1
44 358 1
44 360 1
44 361 1
44 372 4
44 375 3
44 376 1
44 380 1
44 383 1
44 388 1
44 390 1
44 391 1
44 404 1
44 408 1
44 410 1
44 419 1
44 438 1
44 467 1
44 476 1
44 491 9
44 492 2
44 501 1
44 508 1
44 581 1
44 629 3
44 672 1
44 675 1
44 680 1
44 683 1
44 685 1
44 687 1
44 705 1
44 708 1
44 717 1
44 719 5
44 733 1
44 739 1
44 745 1
44 775 1
44 783 1
44 791 1
44 846 1
44 933 2
44 1054 1
44 1156 1
44 1206 2
44 1216 2
44 1335 1
44 1372 1
44 1373 1
44 1405 3
44 1416 2
44 1473 1
44 1560 1
44 1628 1
44 1641 1
44 1649 1
44 1650 1
44 1651 1
44 1652 1
44 1653 1
44 1654 1
44 1655 1
44 1656 1
44 1657 1
44 1658 1
44 1659 1
44 1660 1
44 1661 5
44 1662 1
44 1663 1
44 1664 1
44 1665 1
44 1666 1
44 1667 1
44 1668 2
44 1669 1
44 1670 1
44 1671 1
44 1672 1
45 2 1
45 3 1
45 10 4
45 14 1
45 15 3
45 45 1
45 50 1
45 56 1
45 60 11
45 84 7
45 105 2
45 106 1
45 108 1
45 111 1
45 119 1
45 143 1
45 152 1
45 164 1
45 172 1
45 178 2
45 180 1
45 181 1
45 182 2
45 185 1
45 189 2
45 194 1
45 201 1
45 217 1
45 240 1
45 252 1
45 262 1
45 263 1
45 303 1
45 317 1
45 392 1
45 434 1
45 438 1
45 505 2
45 530 2
45 607 1
45 618 1
45 677 1
45 682 1
45 744 1
45 755 2
45 769 1
45 816 1
45 824 1
45 902 1
45 939 1
45 960 1
45 1188 1
45 1214 1
45 1501 1
45 1506 2
45 1593 1
45 1673 1
45 1674 3
45 1675 1
45 1676 1
45 1677 2
45 1678 1
45 1679 1
46 2 3
46 10 4
46 12 2
46 14 3
46 15 8
46 19 1
46 34 2
46 35 3
46 40 2
46 41 1
46 48 4
46 52 1
46 53 4
46 54 2
46 57 1
46 64 1
46 72 2
46 75 1
46 76 1
46 91 1
46 105 1
46 106 1
46 109 2
46 119 1
46 130 1
46 139 8
46 140 1
46 141 2
46 145 1
46 155 1
46 156 1
46 161 2
46 164 1
46 166 2
46 172 5
46 173 1
46 174 4
46 175 1
46 177 1
46 182 2
46 184 1
46 189 1
46 201 1
46 202 2
46 203 1
46 212 1
46 222 5
46 244 5
46 246 4
46 248 1
46 251 4
46 255 1
46 263 1
46 279 1
46 289 1
46 291 1
46 300 1
46 317 1
46 339 1
46 355 1
46 364 2
46 369 1
46 370 1
46 372 2
46 378 2
46 385 1
46 429 1
46 434 2
46 436 2
46 438 1
46 449 1
46 463 5
46 467 1
46 474 1
46 479 2
46 491 2
46 493 1
46 494 1
46 496 2
46 512 1
46 525 2
46 539 1
46 550 1
46 565 1
46 579 1
46 582 1
46 599 1
46 625 1
46 643 1
46 652 1
46 682 3
46 712 1
46 719 2
46 722 21
46 739 1
46 746 2
46 749 3
46 769 1
46 793 3
46 807 4
46 839 1
46 872 1
46 889 1
46 909 1
46 952 1
46 973 1
46 1011 1
46 1028 1
46 1101 1
46 1159 5
46 1211 1
46 1247 1
46 1288 5
46 1305 3
46 1306 1
46 1323 5
46 1388 2
46 1410 2
46 1425 1
46 1543 1
46 1564 1
46 1591 1
46 1680 3
46 1681 1
46 1682 10
46 1683 1
46 1684 1
46 1685 1
46 1686 1
46 1687 1
46 1688 1
46 1689 1
46 1690 1
46 1691 1
46 1692 1
46 1693 2
46 1694 1
46 1695 1
46 1696 1
46 1697 2
46 1698 1
46 1699 1
46 1700 1
47 10 2
47 12 2
47 14 4
47 26 2
47 40 2
47 41 2
47 48 1
47 52 1
47 53 2
47 54 2
47 55 1
47 57 1
47 70 2
47 72 2
47 75 3
47 76 1
47 84 1
47 91 1
47 105 8
47 106 1
47 139 5
47 140 2
47 141 4
47 142 2
47 145 1
47 155 6
47 156 1
47 158 1
47 162 1
47 172 4
47 174 7
47 175 1
47 176 1
47 177 1
47 181 2
47 182 3
47 189 2
47 191 1
47 194 1
47 202 2
47 203 2
47 209 1
47 212 3
47 216 1
47 222 5
47 230 2
47 235 1
47 244 8
47 246 5
47 251 3
47 263 2
47 264 1
47 267 1
47 279 1
47 285 1
47 286 1
47 289 5
47 291 15
47 320 2
47 345 1
47 347 1
47 364 4
47 367 1
47 369 1
47 370 1
47 372 9
47 378 2
47 383 1
47 385 2
47 386 1
47 402 1
47 429 1
47 434 2
47 436 2
47 438 1
47 449 2
47 463 6
47 467 1
47 479 4
47 491 6
47 493 1
47 494 3
47 496 3
47 508 1
47 512 1
47 525 1
47 536 1
47 539 2
47 550 2
47 565 1
47 582 1
47 625 1
47 629 2
47 643 1
47 651 1
47 652 1
47 653 1
47 682 1
47 685 3
47 687 1
47 693 1
47 710 1
47 719 1
47 722 14
47 737 1
47 739 1
47 749 3
47 757 1
47 762 1
47 769 1
47 784 6
47 787 1
47 793 2
47 807 8
47 828 1
47 839 1
47 872 1
47 925 2
47 973 1
47 984 1
47 1011 1
47 1014 1
47 1028 2
47 1084 1
47 1139 1
47 1159 1
47 1201 1
47 1205 2
47 1247 2
47 1268 1
47 1288 6
47 1305 4
47 1323 6
47 1360 1
47 1405 1
47 1410 2
47 1421 1
47 1531 2
47 1680 2
47 1681 3
47 1682 31
47 1687 1
47 1688 1
47 1692 2
47 1693 1
47 1697 6
47 1700 3
47 1701 1
47 1702 1
47 1703 1
47 1704 1
47 1705 1
47 1706 1
47 1707 1
47 1708 1
47 1709 1
47 1710 1
47 1711 1
47 1712 1
47 1713 1
47 1714 1
47 1715 1
47 1716 2
47 1717 1
47 1718 2
47 1719 1
47 1720 1
47 1721 1
47 1722 1
47 1723 1
47 1724 1
48 2 3
48 3 2
48 14 3
48 15 3
48 43 1
48 54 1
48 84 1
48 86 1
48 95 3
48 105 1
48 106 1
48 120 1
48 126 2
48 155 7
48 172 4
48 175 2
48 181 1
48 189 6
48 192 1
48 194 1
48 201 1
48 210 1
48 217 1
48 222 1
48 226 1
48 238 1
48 240 1
48 245 1
48 256 7
48 287 1
48 317 1
48 342 1
48 343 1
48 344 1
48 351 1
48 392 1
48 408 1
48 429 1
48 434 2
48 469 2
48 496 1
48 525 1
48 662 1
48 703 1
48 783 2
48 825 1
48 862 1
48 891 1
48 907 1
48 1063 1
48 1072 1
48 1169 1
48 1206 1
48 1235 1
48 1480 3
48 1585 3
48 1587 1
48 1725 1
48 1726 1
48 1727 1
48 1728 1
48 1729 1
48 1730 1
48 1731 1
49 2 1
49 3 1
49 7 1
49 14 4
49 15 1
49 19 1
49 32 1
49 54 1
49 95 1
49 106 1
49 120 1
49 130 1
49 139 1
49 148 1
49 155 6
49 172 3
49 175 2
49 189 7
49 192 1
49 194 1
49 201 1
49 217 1
49 238 1
49 240 1
49 287 1
49 312 1
49 317 1
49 343 1
49 350 1
49 429 1
49 434 2
49 469 2
49 508 1
49 629 8
49 662 1
49 703 1
49 825 1
49 862 1
49 891 1
49 907 1
49 977 1
49 1063 2
49 1169 1
49 1206 1
49 1235 1
49 1480 2
49 1585 2
49 1587 1
49 1725 1
49 1727 1
49 1728 1
49 1729 1
49 1731 1
49 1732 1
49 1733 2
49 1734 1
50 2 2
50 14 1
50 84 1
50 99 1
50 102 1
50 106 1
50 116 2
50 137 2
50 181 3
50 184 1
50 201 1
50 204 1
50 210 2
50 236 2
50 251 5
50 291 7
50 300 2
50 309 1
50 344 1
50 408 1
50 424 1
50 434 3
50 438 1
50 463 1
50 543 2
50 560 1
50 581 1
50 662 1
50 665 1
50 695 1
50 721 1
50 793 3
50 801 1
50 861 1
50 889 2
50 918 1
50 954 12
50 985 1
50 1015 5
50 1096 1
50 1159 5
50 1231 1
50 1306 1
50 1388 1
50 1564 1
50 1579 1
50 1626 1
50 1735 16
50 1736 1
50 1737 2
50 1738 1
50 1739 1
50 1740 1
50 1741 2
50 1742 6
50 1743 3
50 1744 1
51 1 3
51 3 3
51 10 5
51 14 5
51 19 1
51 26 1
51 27 2
51 35 5
51 45 1
51 46 5
51 50 1
51 56 1
51 63 1
51 72 1
51 74 1
51 77 4
51 84 2
51 91 1
51 105 5
51 106 1
51 108 2
51 112 4
51 114 1
51 116 3
51 127 2
51 128 1
51 133 1
51 137 2
51 140 2
51 142 1
51 146 3
51 148 1
51 152 1
51 171 2
51 172 4
51 176 3
51 178 1
51 180 2
51 181 3
51 182 1
51 191 1
51 192 1
51 201 1
51 202 1
51 204 1
51 209 1
51 210 3
51 214 2
51 222 8
51 230 1
51 242 1
51 244 2
51 248 1
51 249 2
51 251 7
51 252 1
51 259 1
51 260 1
51 262 3
51 263 2
51 267 1
51 270 1
51 274 1
51 280 2
51 285 2
51 289 6
51 291 7
51 303 1
51 312 1
51 315 1
51 316 1
51 317 1
51 322 2
51 330 2
51 338 1
51 359 1
51 361 1
51 364 1
51 367 2
51 370 1
51 372 1
51 382 1
51 390 1
51 392 2
51 402 1
51 408 1
51 415 2
51 419 2
51 434 2
51 491 1
51 493 1
51 501 1
51 524 1
51 536 1
51 545 4
51 599 1
51 620 1
51 629 1
51 669 1
51 672 1
51 677 5
51 708 1
51 730 1
51 737 1
51 746 1
51 749 1
51 755 2
51 756 1
51 777 3
51 780 1
51 783 8
51 792 2
51 801 1
51 825 1
51 828 1
51 833 1
51 849 1
51 879 1
51 889 2
51 898 1
51 900 1
51 909 2
51 918 1
51 922 2
51 935 2
51 952 1
51 957 1
51 969 25
51 976 12
51 984 4
51 1003 1
51 1016 2
51 1021 2
51 1117 1
51 1202 2
51 1207 1
51 1210 2
51 1231 1
51 1238 1
51 1279 1
51 1288 3
51 1314 1
51 1351 1
51 1352 2
51 1353 1
51 1360 1
51 1365 1
51 1372 2
51 1379 1
51 1387 1
51 1388 1
51 1405 2
51 1416 2
51 1425 1
51 1435 1
51 1506 1
51 1534 1
51 1564 5
51 1591 8
51 1624 1
51 1676 2
51 1693 4
51 1745 1
51 1746 1
51 1747 1
51 1748 1
51 1749 2
51 1750 1
51 1751 1
51 1752 1
51 1753 1
51 1754 1
51 1755 2
51 1756 1
51 1757 2
51 1758 1
51 1759 6
51 1760 1
51 1761 1
51 1762 2
51 1763 1
52 1 1
52 2 1
52 3 1
52 10 3
52 14 7
52 15 5
52 26 3
52 32 2
52 40 2
52 45 1
52 53 1
52 54 3
52 57 1
52 58 1
52 72 2
52 77 1
52 84 1
52 91 1
52 102 2
52 106 1
52 109 3
52 112 1
52 113 4
52 127 1
52 138 1
52 140 2
52 141 6
52 142 10
52 143 1
52 146 1
52 156 2
52 162 1
52 166 1
52 170 1
52 172 13
52 174 3
52 175 2
52 176 1
52 180 3
52 181 4
52 189 6
52 201 1
52 202 4
52 209 1
52 212 1
52 235 2
52 238 1
52 240 5
52 243 1
52 245 1
52 257 1
52 262 2
52 272 1
52 293 1
52 307 2
52 311 1
52 313 2
52 315 1
52 339 1
52 340 1
52 359 5
52 361 2
52 378 1
52 392 1
52 405 1
52 438 1
52 441 1
52 463 2
52 479 1
52 481 1
52 489 2
52 512 1
52 517 1
52 565 2
52 611 1
52 624 2
52 629 6
52 707 1
52 768 1
52 795 2
52 800 1
52 825 1
52 846 1
52 863 1
52 865 1
52 904 1
52 908 1
52 909 1
52 915 1
52 922 2
52 954 9
52 959 1
52 971 3
52 976 10
52 986 1
52 1082 1
52 1136 1
52 1138 2
52 1140 5
52 1213 1
52 1264 2
52 1372 2
52 1380 1
52 1387 1
52 1402 1
52 1405 2
52 1406 2
52 1411 3
52 1415 2
52 1416 2
52 1417 1
52 1420 1
52 1524 1
52 1530 1
52 1669 1
52 1697 6
52 1764 1
52 1765 1
52 1766 1
52 1767 1
52 1768 1
52 1769 1
52 1770 1
52 1771 1
52 1772 1
52 1773 2
52 1774 1
52 1775 1
52 1776 1
52 1777 2
52 1778 1
52 1779 1
52 1780 1
53 2 1
53 10 1
53 14 1
53 15 3
53 26 2
53 27 1
53 32 1
53 35 4
53 48 2
53 56 1
53 77 2
53 86 1
53 105 2
53 109 1
53 112 1
53 121 1
53 137 1
53 138 1
53 142 1
53 146 1
53 155 2
53 172 6
53 173 2
53 175 1
53 181 1
53 189 4
53 194 1
53 209 1
53 210 23
53 222 1
53 230 2
53 236 2
53 243 1
53 251 8
53 252 1
53 255 1
53 256 2
53 262 2
53 272 4
53 277 1
53 291 6
53 339 1
53 344 1
53 361 1
53 364 1
53 382 1
53 385 1
53 389 1
53 408 1
53 413 1
53 419 2
53 429 1
53 438 2
53 441 2
53 493 3
53 507 1
53 512 1
53 541 1
53 588 1
53 591 1
53 693 1
53 734 1
53 792 1
53 793 3
53 861 1
53 952 1
53 954 3
53 1005 1
53 1189 1
53 1201 1
53 1216 1
53 1227 1
53 1238 2
53 1358 1
53 1361 1
53 1370 1
53 1435 2
53 1533 1
53 1564 2
53 1585 1
53 1591 1
53 1687 1
53 1697 1
53 1742 1
53 1743 7
53 1762 3
53 1781 1
53 1782 1
53 1783 2
53 1784 1
53 1785 1
53 1786 1
53 1787 1
53 1788 1
53 1789 1
53 1790 1
53 1791 1
53 1792 1
53 1793 1
54 2 1
54 10 2
54 14 4
54 15 3
54 50 1
54 54 2
54 76 1
54 84 2
54 105 6
54 106 1
54 111 1
54 113 1
54 143 1
54 172 4
54 178 1
54 181 2
54 201 1
54 227 1
54 238 1
54 267 1
54 342 2
54 383 1
54 408 3
54 419 6
54 431 1
54 438 1
54 795 1
54 1123 1
54 1213 1
54 1231 1
54 1262 1
54 1447 5
54 1471 1
54 1478 1
54 1485 1
54 1569 1
54 1577 1
54 1728 3
55 1 4
55 2 1
55 3 1
55 10 5
55 14 6
55 15 12
55 16 2
55 19 1
55 25 1
55 28 2
55 40 3
55 42 4
55 48 1
55 49 4
55 50 3
55 52 1
55 53 2
55 54 3
55 57 1
55 61 1
55 72 2
55 76 2
55 77 2
55 84 1
55 85 9
55 87 1
55 91 1
55 95 1
55 96 1
55 106 1
55 109 3
55 112 1
55 114 1
55 118 1
55 121 1
55 123 1
55 127 2
55 128 1
55 130 1
55 132 1
55 133 1
55 139 5
55 142 2
55 145 2
55 146 4
55 148 1
55 155 1
55 156 1
55 158 3
55 160 1
55 161 1
55 163 1
55 164 1
55 166 3
55 170 2
55 171 5
55 172 7
55 174 8
55 175 1
55 177 1
55 178 3
55 181 7
55 182 4
55 183 1
55 184 1
55 189 3
55 191 1
55 193 1
55 194 2
55 201 1
55 205 21
55 206 1
55 210 1
55 214 1
55 217 1
55 220 2
55 224 2
55 230 1
55 232 2
55 233 9
55 236 1
55 237 1
55 241 1
55 246 3
55 258 1
55 259 4
55 260 1
55 263 1
55 274 2
55 284 1
55 286 1
55 300 1
55 306 1
55 315 2
55 317 1
55 322 1
55 330 4
55 336 1
55 343 1
55 344 1
55 346 2
55 355 1
55 359 3
55 372 4
55 386 1
55 392 2
55 403 1
55 411 4
55 413 1
55 419 1
55 429 1
55 434 3
55 438 1
55 439 1
55 450 1
55 455 1
55 464 2
55 481 1
55 488 1
55 491 1
55 492 1
55 493 1
55 497 2
55 508 1
55 531 1
55 539 1
55 555 1
55 564 1
55 565 1
55 652 1
55 677 1
55 690 1
55 692 1
55 694 2
55 717 7
55 719 1
55 735 1
55 749 1
55 781 1
55 783 1
55 791 1
55 807 1
55 814 1
55 815 2
55 821 1
55 838 4
55 847 1
55 860 1
55 862 2
55 869 1
55 870 1
55 885 1
55 886 1
55 887 1
55 892 1
55 909 2
55 913 1
55 926 1
55 930 1
55 945 1
55 954 1
55 972 1
55 976 1
55 1030 1
55 1042 1
55 1091 1
55 1096 1
55 1122 1
55 1151 1
55 1190 1
55 1201 1
55 1216 1
55 1230 1
55 1244 1
55 1285 2
55 1289 1
55 1314 1
55 1316 1
55 1426 1
55 1452 1
55 1474 2
55 1483 1
55 1569 1
55 1570 1
55 1580 1
55 1590 12
55 1620 4
55 1637 2
55 1645 1
55 1648 1
55 1674 1
55 1699 1
55 1794 1
55 1795 2
55 1796 2
55 1797 1
55 1798 1
55 1799 1
55 1800 1
55 1801 1
55 1802 1
55 1803 1
55 1804 1
55 1805 1
55 1806 1
55 1807 1
55 1808 1
55 1809 1
55 1810 2
55 1811 1
55 1812 1
55 1813 1
55 1814 3
55 1815 1
55 1816 1
55 1817 1
55 1818 1
55 1819 1
55 1820 1
55 1821 1
55 1822 1
56 3 1
56 10 1
56 14 4
56 15 1
56 23 2
56 26 1
56 35 3
56 37 2
56 41 1
56 45 1
56 48 1
56 50 1
56 53 1
56 56 1
56 75 1
56 96 1
56 105 2
56 106 1
56 108 1
56 111 1
56 130 1
56 141 1
56 142 7
56 143 1
56 148 1
56 161 1
56 164 1
56 171 2
56 172 6
56 173 1
56 174 1
56 178 3
56 182 2
56 201 1
56 221 2
56 222 1
56 252 1
56 287 1
56 291 4
56 320 1
56 342 8
56 344 1
56 346 1
56 378 1
56 384 1
56 408 1
56 419 8
56 424 1
56 434 5
56 436 1
56 438 1
56 441 1
56 484 1
56 489 1
56 494 1
56 496 1
56 508 1
56 519 1
56 536 1
56 539 1
56 561 1
56 599 3
56 652 1
56 662 1
56 692 1
56 727 3
56 745 1
56 879 1
56 901 1
56 905 1
56 984 1
56 1017 1
56 1051 1
56 1092 1
56 1140 1
56 1172 1
56 1214 1
56 1229 1
56 1231 1
56 1235 1
56 1262 1
56 1326 1
56 1480 2
56 1486 1
56 1624 1
56 1674 1
56 1705 1
56 1812 1
56 1823 2
56 1824 1
56 1825 1
56 1826 1
56 1827 1
56 1828 2
56 1829 1
56 1830 1
56 1831 1
56 1832 1
56 1833 1
56 1834 1
56 1835 1
57 3 1
57 6 1
57 12 2
57 13 1
57 14 7
57 28 1
57 34 2
57 50 1
57 60 1
57 66 1
57 73 1
57 77 1
57 94 1
57 108 1
57 111 1
57 142 2
57 143 1
57 146 4
57 172 1
57 178 1
57 181 2
57 182 1
57 194 3
57 210 3
57 212 1
57 222 1
57 236 1
57 250 1
57 291 4
57 297 4
57 344 1
57 359 1
57 390 1
57 419 1
57 436 1
57 438 2
57 487 1
57 535 1
57 536 1
57 543 1
57 560 1
57 575 2
57 581 1
57 651 2
57 653 1
57 668 1
57 688 1
57 729 1
57 731 1
57 770 1
57 792 1
57 793 1
57 889 5
57 913 2
57 954 7
57 1074 1
57 1084 1
57 1089 2
57 1091 11
57 1107 1
57 1227 1
57 1440 1
57 1741 1
57 1743 5
57 1781 2
57 1836 1
57 1837 1
57 1838 1
57 1839 1
57 1840 1
57 1841 1
57 1842 1
58 10 1
58 14 2
58 15 4
58 32 3
58 35 8
58 50 1
58 53 1
58 60 1
58 77 1
58 85 8
58 99 1
58 102 1
58 111 1
58 120 2
58 143 1
58 148 1
58 161 1
58 168 1
58 172 5
58 178 2
58 181 2
58 182 2
58 188 1
58 194 1
58 202 2
58 222 1
58 249 4
58 283 2
58 303 1
58 312 1
58 314 1
58 331 2
58 339 1
58 344 1
58 359 2
58 361 1
58 402 2
58 403 1
58 404 1
58 419 1
58 438 1
58 487 1
58 557 1
58 581 1
58 637 2
58 668 1
58 705 1
58 708 1
58 712 1
58 717 1
58 730 1
58 787 1
58 803 1
58 834 1
58 879 1
58 901 1
58 903 1
58 908 2
58 922 4
58 935 1
58 1055 1
58 1102 1
58 1107 1
58 1159 1
58 1178 1
58 1259 1
58 1267 2
58 1284 1
58 1304 1
58 1732 1
58 1843 1
58 1844 1
58 1845 1
58 1846 1
58 1847 1
59 10 2
59 14 2
59 18 1
59 32 1
59 50 1
59 77 1
59 109 1
59 111 1
59 112 1
59 141 1
59 142 4
59 143 1
59 146 1
59 178 2
59 181 2
59 182 1
59 193 1
59 202 1
59 205 1
59 206 1
59 224 2
59 246 1
59 252 1
59 291 3
59 317 1
59 342 3
59 391 1
59 419 1
59 427 1
59 438 2
59 493 1
59 521 1
59 545 1
59 556 1
59 894 1
59 925 1
59 1084 1
59 1167 1
59 1172 1
59 1206 1
59 1208 1
59 1227 1
59 1385 1
59 1387 1
59 1393 1
59 1743 2
59 1848 1
59 1849 1
59 1850 1
60 2 1
60 10 6
60 14 1
60 43 1
60 51 2
60 53 1
60 56 1
60 58 1
60 79 1
60 84 6
60 106 1
60 108 1
60 113 1
60 127 1
60 140 1
60 142 1
60 149 5
60 160 1
60 172 1
60 175 1
60 181 1
60 189 2
60 201 1
60 209 1
60 210 3
60 214 1
60 222 1
60 240 2
60 252 1
60 260 1
60 270 1
60 291 6
60 342 1
60 346 1
60 361 1
60 370 1
60 378 2
60 386 1
60 419 10
60 427 1
60 438 2
60 512 1
60 565 1
60 626 2
60 632 1
60 703 2
60 722 2
60 744 1
60 756 1
60 877 1
60 898 1
60 922 1
60 926 1
60 1144 1
60 1247 1
60 1339 1
60 1352 1
60 1361 1
60 1414 1
60 1447 8
60 1485 1
60 1710 1
60 1747 1
60 1851 2
60 1852 1
60 1853 1
60 1854 1
61 2 2
61 3 1
61 14 5
61 35 4
61 77 1
61 84 2
61 106 1
61 109 1
61 114 1
61 126 1
61 130 1
61 146 1
61 149 1
61 160 1
61 161 1
61 164 1
61 172 1
61 175 1
61 176 1
61 209 1
61 210 3
61 252 1
61 260 2
61 262 2
61 291 7
61 314 1
61 342 1
61 438 5
61 468 1
61 475 1
61 482 1
61 493 3
61 500 1
61 503 1
61 534 4
61 536 1
61 542 3
61 543 3
61 564 1
61 757 1
61 793 2
61 801 1
61 853 1
61 889 1
61 1000 1
61 1206 1
61 1225 1
61 1238 1
61 1247 1
61 1250 1
61 1339 1
61 1689 1
61 1742 2
61 1855 1
61 1856 1
61 1857 2
61 1858 1
61 1859 1
61 1860 1
61 1861 1
62 10 2
62 14 3
62 24 1
62 25 1
62 48 2
62 75 1
62 77 1
62 84 3
62 86 1
62 91 3
62 92 1
62 105 1
62 106 1
62 109 16
62 114 2
62 115 2
62 119 1
62 126 2
62 138 2
62 144 1
62 146 1
62 149 1
62 152 1
62 154 1
62 156 1
62 157 1
62 172 5
62 173 1
62 175 2
62 176 8
62 187 1
62 192 1
62 194 1
62 201 1
62 210 1
62 214 1
62 216 1
62 260 1
62 267 1
62 270 1
62 272 1
62 291 6
62 314 1
62 335 1
62 438 1
62 445 1
62 492 1
62 493 3
62 521 1
62 524 1
62 525 1
62 534 4
62 536 1
62 554 1
62 604 1
62 729 1
62 737 1
62 793 1
62 801 1
62 823 1
62 825 1
62 870 1
62 874 1
62 1007 1
62 1015 2
62 1057 1
62 1060 1
62 1118 1
62 1138 1
62 1213 1
62 1244 1
62 1252 1
62 1259 1
62 1274 1
62 1541 1
62 1682 1
62 1697 1
62 1741 1
62 1860 1
62 1862 1
62 1863 1
62 1864 1
62 1865 1
62 1866 1
62 1867 1
62 1868 1
62 1869 1
62 1870 1
62 1871 1
62 1872 2
62 1873 2
62 1874 1
63 2 1
63 3 5
63 10 7
63 14 2
63 15 1
63 18 1
63 23 7
63 27 1
63 32 1
63 48 8
63 50 1
63 51 3
63 53 1
63 56 1
63 58 2
63 63 1
63 72 3
63 73 1
63 75 1
63 77 2
63 91 2
63 93 13
63 95 2
63 101 1
63 102 1
63 105 1
63 106 1
63 112 1
63 113 1
63 119 1
63 126 1
63 128 1
63 133 1
63 146 3
63 156 3
63 171 1
63 172 2
63 173 1
63 174 2
63 181 2
63 188 1
63 191 2
63 193 2
63 194 1
63 203 1
63 204 4
63 205 1
63 206 1
63 222 1
63 224 2
63 232 1
63 236 2
63 246 2
63 248 1
63 249 1
63 251 2
63 289 2
63 291 4
63 300 1
63 312 1
63 344 1
63 355 3
63 364 5
63 365 1
63 367 2
63 372 1
63 383 1
63 384 1
63 386 1
63 390 1
63 419 2
63 421 2
63 424 5
63 429 1
63 438 1
63 449 2
63 494 2
63 510 1
63 545 1
63 637 1
63 674 2
63 675 3
63 693 1
63 701 1
63 703 3
63 705 1
63 708 2
63 757 1
63 787 2
63 794 1
63 801 1
63 828 2
63 889 1
63 909 3
63 953 1
63 973 1
63 1061 2
63 1063 1
63 1123 1
63 1184 2
63 1206 3
63 1225 1
63 1247 1
63 1307 1
63 1325 1
63 1347 1
63 1351 1
63 1433 3
63 1441 1
63 1508 1
63 1564 1
63 1567 1
63 1576 1
63 1577 1
63 1579 1
63 1875 1
63 1876 1
63 1877 1
63 1878 1
63 1879 1
63 1880 1
63 1881 4
63 1882 1
63 1883 1
63 1884 1
63 1885 1
64 3 3
64 10 4
64 14 15
64 15 2
64 19 1
64 21 2
64 28 1
64 32 1
64 35 1
64 40 4
64 53 1
64 54 3
64 56 1
64 66 2
64 70 2
64 72 1
64 77 3
64 78 2
64 96 3
64 102 4
64 105 1
64 106 1
64 109 2
64 113 1
64 115 3
64 121 1
64 124 1
64 126 1
64 139 1
64 142 1
64 146 5
64 153 1
64 160 1
64 161 1
64 171 13
64 172 2
64 174 11
64 175 5
64 177 3
64 178 1
64 181 5
64 182 8
64 184 1
64 191 4
64 192 2
64 194 3
64 209 2
64 213 1
64 214 1
64 216 1
64 217 7
64 226 2
64 239 3
64 240 1
64 241 1
64 242 6
64 251 1
64 260 1
64 262 2
64 267 1
64 268 1
64 275 2
64 288 1
64 297 8
64 300 6
64 306 3
64 318 1
64 320 1
64 321 2
64 322 1
64 327 1
64 343 1
64 344 1
64 346 1
64 372 1
64 382 1
64 390 1
64 403 1
64 408 1
64 411 1
64 414 1
64 434 1
64 438 1
64 439 1
64 450 29
64 461 1
64 468 1
64 471 1
64 481 7
64 482 1
64 491 1
64 501 1
64 519 2
64 531 1
64 534 2
64 536 1
64 575 1
64 581 1
64 617 7
64 629 1
64 650 1
64 652 1
64 662 3
64 668 1
64 691 1
64 707 1
64 710 1
64 749 2
64 774 1
64 783 1
64 787 1
64 791 1
64 795 4
64 799 1
64 801 1
64 807 1
64 815 1
64 911 1
64 914 3
64 968 1
64 1034 2
64 1050 21
64 1074 2
64 1092 1
64 1096 1
64 1104 1
64 1108 2
64 1132 1
64 1134 4
64 1143 1
64 1216 1
64 1226 1
64 1267 1
64 1305 1
64 1392 2
64 1434 4
64 1437 1
64 1446 1
64 1452 1
64 1458 1
64 1521 1
64 1524 2
64 1560 1
64 1625 9
64 1637 3
64 1643 1
64 1674 1
64 1703 2
64 1723 1
64 1732 1
64 1780 8
64 1836 1
64 1860 1
64 1886 1
64 1887 1
64 1888 1
64 1889 1
64 1890 1
64 1891 1
64 1892 5
64 1893 1
64 1894 1
64 1895 1
64 1896 1
64 1897 1
64 1898 1
64 1899 1
64 1900 1
64 1901 2
64 1902 1
64 1903 1
64 1904 1
64 1905 1
64 1906 1
64 1907 1
65 3 1
65 8 1
65 10 4
65 14 1
65 15 3
65 27 1
65 39 1
65 50 3
65 56 1
65 64 1
65 85 1
65 106 1
65 111 1
65 120 1
65 127 1
65 143 1
65 162 1
65 164 1
65 172 2
65 178 1
65 182 1
65 189 1
65 191 3
65 201 1
65 205 1
65 221 1
65 222 1
65 226 1
65 239 1
65 246 1
65 256 2
65 275 2
65 300 1
65 312 1
65 361 2
65 429 1
65 433 1
65 438 1
65 439 3
65 454 1
65 456 1
65 461 10
65 462 2
65 491 1
65 512 1
65 536 1
65 556 1
65 565 1
65 624 1
65 672 1
65 811 3
65 833 1
65 933 1
65 964 1
65 1085 1
65 1091 2
65 1328 1
65 1358 1
65 1361 1
65 1572 1
65 1651 1
65 1908 1
65 1909 1
65 1910 3
65 1911 1
65 1912 1
66 2 2
66 3 1
66 14 2
66 15 7
66 32 2
66 41 1
66 53 1
66 56 1
66 58 1
66 72 1
66 73 1
66 84 3
66 86 2
66 109 4
66 118 1
66 119 2
66 155 3
66 172 3
66 181 1
66 182 1
66 215 1
66 222 1
66 238 1
66 249 2
66 252 2
66 306 1
66 359 1
66 372 1
66 385 1
66 481 1
66 490 1
66 491 4
66 493 1
66 496 3
66 550 1
66 620 1
66 629 2
66 692 2
66 731 2
66 734 2
66 776 1
66 792 1
66 889 1
66 914 1
66 954 2
66 1035 1
66 1055 1
66 1102 1
66 1222 1
66 1230 1
66 1256 1
66 1278 1
66 1361 1
66 1394 1
66 1421 1
66 1424 2
66 1425 1
66 1579 2
66 1674 1
66 1692 1
66 1732 1
66 1913 2
66 1914 1
66 1915 1
66 1916 4
66 1917 1
66 1918 1
66 1919 1
66 1920 1
67 1 1
67 14 1
67 35 4
67 53 1
67 60 1
67 72 1
67 84 3
67 86 1
67 106 1
67 127 1
67 155 2
67 172 1
67 181 1
67 188 1
67 191 1
67 201 1
67 209 1
67 222 1
67 248 1
67 249 2
67 251 4
67 279 1
67 282 1
67 287 1
67 291 4
67 359 1
67 362 1
67 372 3
67 378 1
67 383 1
67 467 2
67 491 2
67 508 1
67 677 1
67 755 1
67 775 1
67 807 1
67 813 1
67 825 1
67 863 1
67 922 2
67 954 1
67 962 3
67 1134 1
67 1328 1
67 1435 1
67 1618 1
67 1697 3
67 1751 2
67 1921 1
67 1922 2
67 1923 1
67 1924 1
67 1925 2
67 1926 1
67 1927 3
67 1928 1
67 1929 2
