%%MatrixMarket matrix coordinate real general
22 1276 3380                                      
1 1 1
1 2 1
1 3 20
1 4 2
1 5 4
1 6 3
1 7 4
1 8 3
1 9 1
1 10 8
1 11 1
1 12 4
1 13 1
1 14 3
1 15 8
1 16 2
1 17 1
1 18 1
1 19 2
1 20 1
1 21 3
1 22 1
1 23 1
1 24 1
1 25 1
1 26 1
1 27 1
1 28 1
1 29 1
1 30 1
1 31 3
1 32 1
1 33 1
1 34 2
1 35 3
1 36 1
1 37 1
1 38 2
1 39 1
1 40 1
1 41 1
1 42 1
1 43 3
1 44 1
1 45 2
1 46 1
1 47 1
1 48 1
1 49 1
1 50 3
1 51 1
1 52 1
1 53 1
1 54 3
1 55 2
1 56 1
1 57 1
1 58 1
1 59 2
1 60 1
1 61 1
1 62 1
1 63 1
1 64 1
1 65 1
1 66 2
1 67 2
1 68 2
1 69 6
1 70 1
1 71 1
1 72 1
1 73 2
1 74 1
1 75 3
1 76 1
1 77 3
1 78 1
1 79 1
1 80 1
1 81 1
1 82 1
1 83 1
1 84 1
1 85 2
1 86 1
1 87 1
1 88 1
1 89 1
1 90 2
1 91 1
1 92 1
1 93 2
1 94 1
1 95 1
1 96 2
1 97 1
1 98 1
1 99 1
1 100 1
1 101 1
1 102 1
1 103 1
1 104 1
1 105 1
1 106 1
1 107 4
1 108 1
1 109 1
1 110 3
1 111 1
1 112 1
1 113 2
1 114 1
1 115 1
1 116 1
1 117 1
1 118 2
1 119 1
1 120 1
1 121 1
1 122 1
1 123 1
1 124 1
1 125 3
1 126 1
1 127 1
1 128 1
1 129 4
1 130 2
1 131 2
1 132 1
1 133 3
1 134 1
1 135 1
1 136 1
1 137 1
1 138 3
1 139 1
1 140 2
1 141 1
1 142 2
1 143 1
1 144 1
1 145 1
1 146 2
1 147 1
1 148 9
1 149 1
1 150 2
1 151 1
1 152 3
1 153 1
1 154 2
1 155 1
1 156 1
1 157 5
1 158 2
1 159 1
1 160 1
1 161 1
1 162 2
1 163 1
1 164 1
1 165 1
1 166 1
1 167 1
1 168 1
1 169 1
1 170 1
1 171 1
1 172 2
1 173 1
1 174 1
1 175 2
1 176 2
1 177 1
1 178 1
1 179 1
1 180 6
1 181 1
1 182 1
1 183 2
1 184 1
1 185 1
1 186 3
1 187 1
1 188 7
1 189 1
1 190 2
1 191 1
1 192 1
1 193 1
1 194 2
1 195 5
2 3 2
2 10 3
2 12 1
2 14 5
2 15 6
2 26 1
2 30 3
2 34 1
2 38 4
2 43 3
2 48 2
2 53 1
2 54 14
2 55 1
2 56 1
2 57 1
2 58 2
2 59 1
2 60 3
2 61 1
2 62 2
2 71 1
2 77 4
2 82 5
2 89 1
2 90 1
2 96 3
2 97 1
2 102 1
2 112 1
2 118 1
2 119 1
2 132 1
2 133 1
2 136 1
2 142 1
2 152 9
2 162 3
2 164 2
2 172 2
2 177 1
2 178 2
2 179 1
2 181 1
2 183 2
2 187 3
2 188 3
2 196 1
2 197 1
2 198 2
2 199 1
2 200 1
2 201 1
2 202 1
2 203 1
2 204 4
2 205 10
2 206 2
2 207 3
2 208 4
2 209 3
2 210 1
2 211 1
2 212 1
2 213 1
2 214 1
2 215 1
2 216 2
2 217 2
2 218 1
2 219 1
2 220 1
2 221 2
2 222 1
2 223 1
2 224 2
2 225 1
2 226 2
2 227 1
2 228 1
2 229 1
2 230 1
2 231 2
2 232 1
2 233 1
2 234 2
2 235 1
2 236 1
2 237 2
2 238 1
2 239 1
2 240 2
2 241 1
2 242 1
2 243 1
2 244 2
2 245 1
2 246 1
2 247 1
2 248 1
2 249 1
2 250 1
2 251 1
2 252 1
2 253 1
2 254 1
2 255 2
2 256 1
2 257 1
2 258 1
2 259 1
2 260 1
2 261 1
2 262 1
2 263 1
2 264 1
2 265 1
2 266 1
2 267 1
2 268 1
2 269 1
2 270 1
2 271 1
2 272 1
2 273 1
2 274 1
2 275 1
2 276 1
2 277 1
2 278 2
2 279 1
2 280 1
2 281 1
2 282 2
2 283 1
2 284 16
2 285 1
2 286 1
2 287 3
2 288 1
2 289 1
3 1 1
3 2 1
3 3 2
3 10 4
3 14 7
3 25 1
3 26 1
3 28 3
3 30 3
3 34 2
3 38 3
3 43 5
3 44 1
3 49 1
3 53 1
3 55 2
3 56 6
3 57 1
3 58 4
3 59 2
3 63 1
3 68 2
3 69 1
3 71 1
3 77 4
3 81 3
3 82 3
3 90 6
3 96 4
3 102 1
3 107 1
3 111 1
3 112 1
3 114 1
3 117 1
3 118 1
3 129 1
3 133 3
3 138 1
3 139 1
3 146 1
3 148 1
3 149 1
3 151 1
3 152 7
3 154 2
3 158 1
3 162 4
3 164 5
3 170 1
3 172 3
3 177 5
3 178 10
3 179 2
3 181 1
3 184 1
3 186 1
3 187 1
3 188 4
3 194 1
3 195 4
3 197 1
3 198 1
3 199 1
3 200 2
3 202 4
3 203 2
3 204 15
3 205 7
3 206 3
3 207 7
3 208 7
3 209 2
3 210 2
3 213 5
3 215 2
3 224 2
3 225 3
3 226 2
3 230 1
3 234 5
3 235 1
3 238 1
3 239 1
3 240 1
3 241 1
3 243 1
3 244 2
3 247 2
3 255 8
3 256 1
3 258 1
3 260 3
3 261 1
3 262 3
3 263 1
3 266 1
3 271 1
3 272 2
3 273 1
3 274 1
3 279 1
3 281 1
3 284 1
3 285 1
3 287 1
3 289 1
3 290 1
3 291 1
3 292 16
3 293 1
3 294 1
3 295 1
3 296 1
3 297 3
3 298 1
3 299 1
3 300 1
3 301 1
3 302 1
3 303 2
3 304 1
3 305 1
3 306 1
3 307 1
3 308 1
3 309 2
3 310 1
3 311 1
3 312 1
3 313 4
3 314 1
3 315 1
3 316 2
3 317 1
3 318 1
3 319 2
3 320 1
3 321 1
3 322 1
3 323 1
3 324 1
3 325 1
3 326 1
3 327 1
3 328 1
3 329 1
3 330 1
3 331 1
3 332 1
3 333 1
3 334 1
3 335 1
3 336 1
3 337 1
3 338 2
3 339 1
3 340 2
3 341 1
3 342 1
3 343 1
3 344 2
3 345 1
3 346 2
3 347 1
3 348 1
3 349 2
3 350 1
3 351 1
3 352 4
3 353 1
3 354 1
3 355 3
3 356 1
3 357 1
3 358 1
3 359 1
3 360 1
3 361 1
3 362 1
3 363 1
3 364 1
3 365 2
3 366 1
3 367 2
3 368 1
3 369 1
3 370 2
3 371 1
3 372 1
3 373 3
3 374 1
3 375 1
3 376 2
3 377 1
3 378 1
3 379 1
3 380 1
3 381 1
3 382 1
3 383 1
3 384 1
3 385 1
3 386 1
3 387 1
3 388 1
3 389 1
3 390 1
3 391 1
4 2 1
4 3 2
4 10 3
4 14 3
4 15 8
4 22 1
4 24 1
4 26 1
4 28 1
4 30 2
4 37 1
4 42 2
4 43 3
4 51 1
4 52 1
4 53 2
4 55 7
4 56 2
4 59 3
4 62 1
4 65 3
4 69 1
4 77 2
4 79 3
4 81 1
4 82 2
4 89 1
4 90 4
4 96 1
4 98 1
4 99 5
4 110 1
4 111 2
4 112 1
4 114 3
4 117 1
4 118 3
4 122 1
4 125 1
4 129 2
4 130 1
4 146 2
4 147 2
4 149 1
4 151 1
4 152 4
4 155 1
4 158 1
4 162 1
4 166 3
4 167 1
4 169 1
4 172 2
4 178 1
4 179 2
4 180 4
4 181 4
4 183 1
4 184 2
4 186 3
4 188 4
4 192 1
4 195 11
4 197 2
4 199 1
4 208 3
4 209 4
4 215 1
4 217 1
4 220 5
4 222 3
4 226 2
4 228 1
4 232 1
4 234 3
4 235 5
4 238 1
4 239 1
4 241 1
4 246 1
4 248 1
4 256 1
4 257 3
4 261 1
4 262 1
4 263 2
4 266 1
4 275 2
4 276 2
4 288 1
4 297 1
4 317 1
4 322 9
4 344 1
4 345 2
4 346 3
4 357 1
4 373 21
4 392 1
4 393 1
4 394 1
4 395 2
4 396 1
4 397 1
4 398 1
4 399 1
4 400 1
4 401 1
4 402 2
4 403 1
4 404 1
4 405 1
4 406 1
4 407 3
4 408 1
4 409 1
4 410 1
4 411 10
4 412 2
4 413 1
4 414 1
4 415 1
4 416 1
4 417 1
4 418 2
4 419 1
4 420 10
4 421 1
4 422 2
4 423 2
4 424 1
4 425 2
4 426 1
4 427 3
4 428 1
4 429 5
4 430 14
4 431 1
4 432 1
4 433 1
4 434 1
4 435 1
4 436 1
4 437 3
4 438 2
4 439 1
4 440 1
4 441 1
4 442 1
4 443 1
4 444 1
4 445 1
4 446 1
4 447 2
4 448 1
4 449 1
4 450 1
4 451 1
4 452 1
4 453 1
4 454 1
4 455 1
4 456 1
4 457 1
4 458 1
4 459 2
4 460 1
4 461 1
4 462 1
4 463 1
4 464 1
4 465 1
4 466 1
4 467 1
4 468 9
4 469 1
4 470 1
4 471 3
4 472 1
4 473 1
4 474 1
4 475 1
4 476 1
4 477 1
4 478 2
4 479 1
4 480 1
4 481 1
5 1 1
5 3 4
5 6 1
5 10 4
5 11 1
5 14 3
5 15 11
5 26 1
5 27 8
5 29 1
5 30 1
5 34 1
5 40 1
5 42 1
5 43 4
5 56 1
5 57 2
5 58 2
5 59 1
5 63 1
5 65 1
5 71 1
5 77 2
5 81 1
5 82 4
5 84 1
5 89 2
5 96 1
5 102 1
5 104 1
5 112 1
5 114 1
5 115 3
5 127 1
5 133 2
5 143 1
5 147 1
5 152 6
5 162 1
5 163 1
5 167 1
5 172 3
5 175 1
5 177 7
5 178 10
5 180 1
5 181 4
5 182 5
5 187 12
5 188 2
5 190 1
5 191 1
5 199 1
5 212 1
5 217 2
5 219 1
5 228 2
5 231 1
5 232 4
5 236 2
5 244 2
5 248 2
5 253 2
5 261 1
5 262 1
5 281 1
5 319 3
5 329 1
5 330 2
5 340 1
5 346 1
5 371 2
5 373 7
5 384 1
5 385 1
5 410 1
5 415 1
5 437 1
5 440 2
5 446 1
5 462 1
5 468 2
5 482 3
5 483 1
5 484 1
5 485 1
5 486 2
5 487 1
5 488 1
5 489 2
5 490 1
5 491 3
5 492 3
5 493 2
5 494 5
5 495 1
5 496 1
5 497 2
5 498 3
5 499 1
5 500 1
5 501 2
5 502 1
5 503 1
5 504 1
5 505 1
5 506 2
5 507 1
5 508 1
5 509 1
5 510 2
5 511 2
5 512 5
5 513 1
5 514 3
5 515 1
5 516 2
5 517 1
5 518 1
5 519 1
5 520 1
5 521 6
5 522 1
5 523 1
5 524 2
5 525 1
5 526 2
5 527 1
5 528 1
5 529 1
5 530 1
5 531 1
5 532 28
5 533 2
5 534 4
5 535 2
5 536 1
5 537 1
5 538 1
5 539 1
5 540 22
5 541 3
5 542 1
5 543 1
5 544 1
5 545 1
5 546 1
5 547 4
5 548 1
5 549 1
5 550 15
5 551 1
5 552 1
5 553 2
5 554 1
6 1 1
6 3 1
6 6 9
6 10 1
6 14 4
6 16 3
6 25 3
6 26 1
6 30 1
6 34 8
6 43 3
6 49 1
6 50 2
6 53 1
6 55 3
6 56 1
6 57 1
6 58 2
6 65 1
6 69 2
6 71 1
6 77 2
6 82 4
6 96 2
6 99 2
6 104 1
6 112 1
6 117 1
6 133 1
6 139 1
6 149 1
6 152 6
6 155 1
6 161 10
6 162 1
6 170 1
6 172 3
6 177 10
6 178 9
6 179 1
6 180 9
6 183 1
6 184 1
6 186 2
6 187 4
6 188 3
6 193 1
6 195 2
6 197 1
6 212 1
6 213 1
6 215 7
6 217 2
6 245 1
6 248 10
6 249 1
6 253 1
6 256 1
6 257 12
6 258 1
6 259 2
6 261 2
6 268 1
6 276 2
6 279 1
6 280 1
6 281 1
6 292 11
6 302 1
6 316 1
6 343 1
6 345 1
6 346 1
6 362 1
6 388 2
6 391 1
6 401 1
6 410 1
6 414 1
6 420 1
6 422 1
6 428 1
6 432 1
6 439 1
6 446 1
6 463 2
6 464 1
6 474 2
6 479 1
6 482 2
6 483 1
6 492 1
6 493 1
6 496 1
6 506 2
6 510 3
6 518 3
6 519 5
6 521 2
6 532 3
6 536 1
6 537 1
6 539 4
6 541 3
6 550 30
6 555 1
6 556 1
6 557 3
6 558 5
6 559 1
6 560 2
6 561 2
6 562 4
6 563 1
6 564 1
6 565 6
6 566 8
6 567 1
6 568 1
6 569 8
6 570 1
6 571 3
6 572 10
6 573 3
6 574 1
6 575 1
6 576 1
6 577 1
6 578 2
6 579 1
6 580 1
6 581 1
6 582 1
6 583 1
6 584 3
6 585 1
6 586 3
6 587 1
6 588 1
6 589 2
6 590 2
6 591 2
6 592 3
6 593 1
6 594 2
6 595 3
6 596 1
6 597 1
6 598 3
6 599 1
6 600 1
6 601 6
6 602 1
6 603 1
6 604 1
6 605 1
6 606 1
6 607 1
6 608 5
6 609 1
6 610 1
6 611 3
6 612 1
6 613 1
6 614 3
6 615 1
6 616 1
6 617 1
6 618 1
6 619 1
6 620 1
6 621 1
6 622 2
6 623 1
6 624 1
6 625 2
6 626 1
6 627 2
6 628 3
6 629 1
6 630 4
6 631 1
6 632 1
6 633 2
6 634 1
6 635 1
6 636 1
6 637 1
6 638 1
6 639 1
6 640 1
6 641 3
6 642 4
6 643 1
6 644 1
6 645 7
6 646 1
6 647 1
6 648 1
6 649 1
6 650 2
6 651 1
7 1 2
7 2 1
7 3 5
7 4 1
7 10 1
7 14 7
7 15 8
7 26 1
7 28 1
7 30 3
7 34 7
7 38 3
7 43 3
7 46 1
7 49 1
7 55 8
7 56 1
7 57 1
7 58 3
7 59 1
7 62 6
7 63 1
7 69 11
7 71 1
7 73 1
7 77 4
7 81 1
7 82 4
7 83 1
7 90 3
7 93 1
7 96 3
7 107 2
7 109 1
7 112 1
7 114 4
7 117 1
7 118 1
7 133 1
7 136 1
7 138 1
7 139 8
7 149 1
7 151 4
7 152 8
7 154 2
7 158 1
7 161 1
7 162 1
7 170 3
7 172 2
7 177 9
7 178 3
7 180 4
7 184 2
7 187 7
7 188 6
7 194 2
7 195 6
7 197 2
7 199 3
7 206 1
7 208 6
7 209 2
7 212 2
7 213 3
7 215 3
7 217 2
7 226 2
7 228 1
7 232 2
7 234 2
7 235 2
7 238 1
7 239 1
7 244 3
7 245 1
7 246 10
7 248 1
7 249 1
7 253 1
7 257 8
7 258 1
7 259 5
7 261 1
7 266 1
7 269 1
7 280 5
7 282 3
7 285 1
7 287 1
7 289 1
7 302 2
7 305 1
7 312 1
7 315 1
7 322 1
7 339 1
7 340 1
7 342 3
7 343 1
7 344 1
7 346 1
7 356 1
7 362 1
7 371 1
7 391 1
7 400 1
7 410 2
7 416 1
7 432 1
7 439 2
7 440 1
7 462 5
7 463 6
7 484 3
7 495 3
7 502 2
7 506 1
7 520 3
7 525 2
7 550 5
7 561 1
7 565 6
7 575 1
7 582 1
7 601 1
7 619 1
7 652 1
7 653 1
7 654 1
7 655 2
7 656 1
7 657 1
7 658 1
7 659 1
7 660 2
7 661 1
7 662 1
7 663 1
7 664 1
7 665 1
7 666 1
7 667 1
7 668 1
7 669 1
7 670 1
7 671 1
7 672 1
7 673 1
7 674 1
7 675 1
7 676 1
7 677 1
7 678 1
7 679 2
7 680 1
7 681 1
7 682 1
7 683 1
7 684 4
7 685 1
7 686 1
7 687 1
7 688 1
7 689 2
7 690 1
7 691 1
7 692 1
7 693 1
7 694 7
7 695 1
7 696 1
7 697 1
7 698 1
7 699 2
7 700 2
7 701 1
7 702 2
7 703 3
7 704 1
7 705 1
7 706 2
7 707 1
7 708 1
7 709 3
7 710 1
7 711 1
7 712 1
7 713 1
7 714 1
7 715 1
7 716 6
7 717 1
7 718 31
8 3 1
8 10 3
8 14 5
8 15 4
8 19 1
8 30 3
8 34 1
8 38 1
8 43 2
8 52 1
8 53 1
8 54 3
8 58 2
8 59 1
8 60 1
8 71 1
8 72 1
8 77 1
8 79 21
8 80 1
8 82 4
8 90 1
8 96 1
8 107 1
8 111 1
8 112 1
8 118 1
8 132 1
8 133 1
8 144 1
8 147 31
8 152 8
8 154 1
8 158 1
8 162 1
8 164 1
8 167 1
8 178 4
8 179 1
8 180 5
8 181 1
8 184 2
8 187 2
8 188 1
8 191 1
8 195 9
8 197 4
8 198 2
8 199 2
8 206 3
8 208 1
8 209 2
8 212 1
8 213 2
8 217 1
8 220 2
8 222 1
8 226 2
8 236 1
8 237 1
8 238 1
8 239 1
8 243 2
8 248 5
8 250 1
8 253 1
8 261 1
8 262 1
8 266 1
8 286 1
8 305 1
8 342 1
8 346 2
8 360 2
8 371 1
8 373 7
8 384 1
8 388 3
8 391 4
8 393 1
8 403 3
8 404 1
8 406 1
8 427 9
8 430 2
8 434 3
8 435 1
8 439 2
8 449 8
8 454 5
8 456 2
8 462 1
8 464 1
8 475 2
8 496 1
8 507 1
8 525 1
8 532 1
8 541 2
8 565 2
8 581 1
8 668 1
8 684 1
8 686 1
8 692 1
8 715 1
8 717 4
8 719 1
8 720 1
8 721 2
8 722 1
8 723 1
8 724 1
8 725 2
8 726 4
8 727 2
8 728 2
8 729 1
8 730 1
8 731 1
8 732 1
8 733 1
8 734 3
8 735 1
8 736 1
8 737 1
8 738 1
8 739 1
8 740 1
8 741 1
8 742 1
8 743 1
8 744 1
8 745 2
8 746 1
8 747 1
8 748 1
8 749 1
8 750 3
8 751 2
8 752 10
8 753 1
8 754 1
8 755 1
8 756 1
8 757 1
8 758 1
8 759 1
8 760 1
8 761 1
9 14 1
9 132 1
9 235 1
9 318 1
9 329 1
9 345 1
9 420 1
9 463 1
9 762 1
9 763 1
9 764 3
9 765 1
9 766 1
9 767 1
9 768 2
9 769 1
9 770 1
9 771 1
10 1 1
10 3 3
10 7 1
10 10 1
10 14 3
10 26 1
10 28 1
10 30 1
10 34 4
10 36 1
10 40 1
10 43 5
10 44 1
10 45 4
10 53 1
10 55 4
10 57 1
10 58 6
10 59 1
10 62 1
10 71 1
10 77 1
10 79 20
10 81 1
10 82 3
10 89 4
10 96 1
10 99 1
10 107 2
10 112 1
10 114 1
10 117 1
10 120 1
10 130 1
10 138 1
10 144 2
10 147 16
10 149 1
10 152 5
10 154 1
10 155 2
10 158 1
10 161 4
10 162 1
10 172 2
10 177 9
10 178 4
10 179 1
10 180 2
10 184 1
10 187 5
10 188 1
10 194 5
10 195 15
10 199 1
10 212 2
10 215 1
10 217 2
10 218 7
10 220 3
10 244 4
10 248 11
10 253 1
10 256 1
10 261 1
10 276 1
10 287 1
10 292 16
10 299 2
10 305 2
10 322 7
10 370 1
10 373 16
10 391 2
10 409 2
10 410 3
10 425 3
10 427 3
10 435 1
10 439 2
10 462 15
10 463 1
10 464 2
10 479 1
10 480 1
10 483 1
10 492 2
10 493 1
10 494 1
10 502 1
10 513 1
10 516 1
10 519 2
10 525 1
10 532 6
10 535 2
10 543 2
10 550 16
10 565 4
10 571 1
10 575 1
10 582 3
10 618 1
10 668 1
10 691 1
10 692 4
10 697 1
10 706 1
10 708 2
10 717 1
10 719 4
10 743 1
10 758 1
10 761 1
10 766 2
10 771 5
10 772 1
10 773 1
10 774 1
10 775 3
10 776 1
10 777 1
10 778 1
10 779 2
10 780 11
10 781 2
10 782 1
10 783 2
10 784 1
10 785 2
10 786 1
10 787 3
10 788 1
10 789 2
10 790 3
10 791 5
10 792 3
10 793 1
10 794 1
10 795 1
10 796 3
10 797 1
10 798 1
10 799 1
10 800 2
10 801 1
10 802 1
10 803 8
10 804 23
10 805 2
11 3 1
11 10 4
11 14 4
11 15 7
11 26 1
11 30 3
11 34 1
11 38 12
11 43 4
11 45 1
11 48 1
11 55 5
11 56 7
11 58 3
11 59 1
11 68 1
11 69 3
11 71 1
11 77 2
11 82 5
11 90 1
11 96 1
11 102 1
11 107 1
11 110 1
11 112 1
11 117 1
11 118 2
11 133 2
11 142 2
11 145 2
11 149 1
11 152 9
11 162 1
11 170 1
11 172 2
11 177 1
11 184 1
11 187 6
11 197 1
11 206 1
11 208 2
11 209 9
11 213 1
11 216 2
11 217 4
11 226 2
11 232 1
11 234 8
11 235 10
11 238 1
11 239 1
11 244 4
11 248 3
11 253 1
11 261 1
11 263 1
11 266 1
11 279 1
11 280 2
11 281 1
11 283 3
11 289 1
11 297 3
11 312 1
11 322 1
11 339 1
11 340 1
11 343 1
11 346 1
11 347 1
11 379 4
11 384 1
11 392 2
11 407 1
11 411 4
11 418 1
11 434 1
11 440 1
11 450 1
11 465 2
11 509 2
11 582 1
11 598 1
11 619 1
11 626 1
11 702 1
11 715 1
11 717 2
11 745 1
11 747 1
11 755 1
11 791 1
11 792 1
11 799 1
11 806 7
11 807 1
11 808 3
11 809 4
11 810 10
11 811 1
11 812 1
11 813 1
11 814 1
11 815 1
11 816 2
11 817 1
11 818 1
11 819 3
11 820 1
11 821 1
11 822 1
11 823 1
11 824 1
11 825 1
11 826 1
11 827 1
11 828 1
11 829 1
11 830 1
11 831 1
11 832 11
11 833 1
11 834 1
11 835 1
11 836 1
11 837 1
11 838 1
12 3 14
12 10 8
12 13 1
12 14 3
12 15 7
12 26 1
12 30 3
12 34 3
12 38 6
12 43 3
12 45 1
12 55 4
12 56 1
12 58 2
12 59 2
12 61 1
12 62 2
12 66 12
12 71 1
12 72 1
12 75 1
12 77 1
12 82 5
12 90 2
12 96 1
12 102 1
12 107 2
12 112 1
12 114 1
12 117 1
12 118 1
12 125 1
12 130 1
12 133 2
12 136 1
12 142 3
12 145 8
12 149 1
12 151 1
12 152 9
12 154 2
12 162 1
12 172 3
12 180 4
12 181 5
12 183 2
12 184 2
12 187 14
12 188 4
12 194 7
12 198 2
12 199 1
12 201 2
12 208 7
12 209 3
12 212 2
12 213 1
12 215 1
12 217 13
12 219 1
12 220 3
12 222 2
12 226 2
12 234 3
12 235 10
12 237 1
12 238 1
12 239 1
12 244 3
12 253 3
12 258 1
12 261 1
12 263 1
12 266 1
12 271 1
12 274 1
12 281 1
12 308 1
12 340 1
12 346 1
12 362 3
12 391 5
12 407 1
12 439 1
12 440 8
12 469 1
12 490 1
12 502 2
12 508 11
12 509 1
12 513 1
12 525 4
12 532 2
12 539 1
12 595 9
12 618 1
12 625 1
12 631 1
12 668 2
12 691 2
12 697 1
12 706 3
12 732 1
12 758 1
12 760 1
12 788 1
12 789 1
12 799 1
12 802 1
12 804 1
12 810 5
12 817 1
12 820 1
12 822 1
12 824 3
12 828 1
12 832 12
12 839 1
12 840 1
12 841 1
12 842 1
12 843 1
12 844 6
12 845 1
12 846 1
12 847 1
12 848 1
12 849 2
12 850 1
12 851 3
12 852 1
12 853 3
12 854 1
12 855 1
12 856 2
12 857 1
12 858 6
12 859 2
12 860 4
12 861 1
12 862 1
12 863 1
12 864 1
12 865 2
12 866 1
12 867 1
12 868 1
12 869 1
12 870 1
12 871 1
12 872 1
12 873 2
12 874 1
12 875 1
12 876 2
12 877 1
13 2 2
13 3 4
13 6 3
13 10 6
13 12 1
13 14 4
13 15 16
13 26 1
13 28 1
13 30 1
13 34 4
13 38 2
13 43 4
13 45 2
13 55 4
13 57 2
13 58 2
13 59 2
13 62 1
13 69 1
13 71 1
13 77 1
13 79 3
13 81 2
13 82 2
13 89 4
13 90 4
13 95 2
13 96 2
13 102 1
13 110 4
13 112 1
13 117 1
13 125 1
13 126 1
13 143 1
13 144 1
13 147 5
13 148 1
13 149 1
13 152 4
13 162 2
13 164 1
13 166 2
13 170 1
13 172 3
13 175 1
13 177 1
13 178 3
13 180 10
13 181 2
13 184 14
13 187 4
13 188 2
13 195 18
13 201 1
13 206 2
13 208 1
13 213 2
13 215 3
13 217 2
13 219 1
13 220 2
13 248 3
13 250 3
13 253 2
13 257 1
13 258 1
13 261 1
13 268 1
13 271 1
13 273 2
13 285 1
13 287 1
13 302 2
13 344 1
13 346 3
13 347 1
13 352 1
13 357 1
13 360 4
13 370 1
13 373 29
13 380 1
13 386 1
13 389 2
13 403 1
13 404 3
13 412 1
13 413 1
13 414 1
13 420 30
13 424 1
13 430 1
13 437 1
13 439 2
13 440 1
13 464 2
13 468 1
13 484 2
13 490 2
13 494 1
13 495 1
13 531 1
13 536 2
13 581 2
13 694 4
13 702 1
13 706 1
13 717 1
13 747 2
13 753 6
13 758 1
13 785 2
13 791 2
13 823 1
13 878 1
13 879 3
13 880 1
13 881 1
13 882 1
13 883 1
13 884 1
13 885 1
13 886 2
13 887 1
13 888 1
13 889 1
13 890 2
13 891 1
13 892 2
13 893 1
13 894 1
13 895 1
13 896 1
13 897 10
13 898 2
13 899 4
13 900 1
13 901 1
13 902 1
13 903 1
13 904 1
13 905 1
13 906 5
13 907 2
13 908 2
13 909 3
13 910 1
13 911 4
13 912 1
13 913 1
13 914 1
13 915 2
13 916 1
13 917 1
13 918 1
13 919 1
13 920 1
13 921 1
13 922 1
13 923 1
13 924 1
13 925 1
13 926 1
13 927 1
13 928 1
13 929 1
13 930 2
13 931 1
14 2 1
14 3 2
14 10 2
14 14 5
14 15 17
14 19 1
14 24 1
14 26 1
14 30 3
14 34 3
14 38 1
14 43 3
14 45 1
14 55 3
14 56 2
14 57 1
14 58 2
14 59 3
14 61 1
14 71 1
14 77 3
14 81 2
14 82 5
14 89 1
14 90 2
14 96 3
14 102 1
14 107 3
14 111 1
14 112 1
14 114 3
14 117 1
14 118 1
14 120 1
14 125 1
14 129 17
14 130 1
14 132 1
14 133 3
14 139 1
14 142 4
14 145 8
14 149 1
14 151 1
14 152 9
14 160 1
14 162 2
14 166 1
14 172 2
14 177 8
14 178 1
14 180 2
14 184 1
14 187 5
14 188 2
14 192 1
14 194 1
14 195 1
14 198 1
14 201 3
14 206 1
14 208 1
14 209 2
14 215 1
14 217 2
14 226 2
14 228 1
14 234 5
14 235 8
14 238 1
14 239 1
14 244 2
14 248 1
14 253 5
14 261 1
14 263 1
14 266 1
14 281 1
14 283 3
14 285 1
14 287 2
14 288 1
14 312 1
14 319 1
14 322 3
14 340 1
14 351 1
14 352 1
14 388 1
14 391 2
14 403 1
14 404 2
14 413 1
14 418 1
14 425 1
14 430 1
14 437 2
14 439 1
14 440 1
14 449 1
14 457 1
14 460 1
14 464 2
14 468 1
14 477 1
14 492 1
14 494 2
14 502 2
14 506 1
14 508 1
14 518 1
14 525 1
14 541 1
14 614 4
14 626 1
14 628 3
14 681 1
14 690 1
14 694 1
14 702 1
14 706 1
14 717 1
14 726 1
14 735 1
14 758 1
14 759 1
14 770 5
14 792 1
14 798 2
14 799 1
14 808 1
14 810 9
14 817 1
14 819 1
14 832 14
14 835 2
14 836 1
14 873 2
14 881 2
14 883 1
14 885 1
14 895 1
14 902 1
14 932 1
14 933 1
14 934 3
14 935 1
14 936 1
14 937 1
14 938 2
14 939 2
14 940 1
14 941 1
14 942 1
14 943 1
14 944 1
14 945 1
14 946 1
14 947 1
14 948 1
14 949 8
14 950 1
14 951 1
14 952 1
14 953 1
14 954 2
14 955 1
14 956 1
14 957 1
14 958 1
14 959 1
14 960 2
14 961 1
14 962 1
14 963 1
14 964 1
14 965 2
14 966 4
14 967 16
14 968 1
14 969 1
14 970 3
14 971 1
14 972 1
15 1 1
15 3 9
15 14 4
15 15 26
15 16 1
15 26 1
15 27 2
15 34 3
15 38 4
15 43 3
15 49 1
15 54 2
15 55 4
15 57 1
15 58 3
15 59 2
15 62 1
15 68 1
15 69 1
15 75 1
15 76 1
15 77 1
15 82 1
15 89 4
15 91 1
15 96 1
15 99 2
15 100 1
15 107 4
15 109 2
15 112 1
15 114 4
15 117 1
15 120 1
15 125 2
15 132 1
15 136 1
15 138 3
15 141 1
15 142 1
15 143 2
15 147 15
15 149 1
15 150 1
15 152 1
15 154 1
15 155 3
15 158 2
15 161 4
15 162 1
15 170 2
15 171 2
15 172 3
15 177 13
15 178 10
15 180 4
15 183 1
15 184 1
15 186 5
15 187 10
15 188 2
15 194 1
15 195 1
15 197 1
15 198 1
15 208 9
15 212 9
15 213 9
15 215 3
15 228 1
15 237 1
15 244 2
15 245 1
15 246 1
15 248 16
15 253 1
15 257 3
15 261 3
15 263 2
15 273 2
15 284 2
15 287 5
15 290 3
15 308 1
15 312 1
15 317 1
15 320 1
15 322 1
15 339 1
15 340 1
15 345 2
15 346 3
15 356 1
15 362 2
15 364 1
15 370 4
15 373 17
15 376 1
15 386 2
15 391 1
15 392 1
15 409 3
15 410 1
15 418 1
15 425 8
15 430 2
15 435 1
15 439 1
15 462 8
15 464 2
15 468 3
15 469 3
15 479 2
15 480 6
15 482 2
15 484 1
15 485 1
15 486 1
15 492 7
15 502 3
15 506 1
15 510 1
15 511 2
15 521 2
15 525 1
15 532 4
15 535 2
15 536 2
15 538 1
15 541 1
15 543 4
15 550 13
15 565 4
15 569 1
15 575 2
15 577 1
15 581 2
15 594 12
15 597 1
15 601 2
15 623 1
15 628 2
15 655 2
15 661 1
15 666 1
15 668 1
15 679 1
15 691 10
15 727 1
15 732 1
15 736 1
15 758 3
15 759 1
15 765 2
15 772 1
15 774 1
15 776 2
15 780 1
15 782 6
15 790 4
15 792 1
15 794 1
15 795 2
15 798 2
15 800 1
15 803 5
15 807 1
15 822 2
15 850 1
15 862 1
15 907 2
15 916 1
15 925 1
15 928 9
15 936 1
15 947 2
15 952 1
15 961 1
15 968 1
15 973 1
15 974 1
15 975 2
15 976 1
15 977 1
15 978 2
15 979 2
15 980 2
15 981 1
15 982 1
15 983 1
15 984 1
15 985 2
15 986 1
15 987 1
15 988 1
15 989 1
15 990 1
15 991 2
15 992 5
15 993 1
15 994 2
15 995 1
15 996 1
15 997 9
15 998 9
15 999 1
15 1000 1
15 1001 2
15 1002 1
15 1003 3
15 1004 2
15 1005 1
15 1006 1
15 1007 1
15 1008 1
15 1009 1
15 1010 1
15 1011 1
15 1012 1
15 1013 3
15 1014 1
15 1015 1
15 1016 1
15 1017 1
15 1018 1
15 1019 1
15 1020 1
16 1 2
16 2 4
16 3 3
16 11 1
16 13 1
16 14 18
16 15 18
16 19 2
16 21 8
16 27 1
16 30 1
16 34 1
16 37 1
16 38 1
16 43 4
16 45 1
16 46 4
16 49 1
16 52 1
16 53 1
16 55 1
16 58 1
16 59 6
16 62 3
16 68 3
16 69 1
16 71 1
16 75 5
16 77 1
16 82 2
16 89 4
16 96 1
16 98 1
16 102 1
16 114 7
16 117 1
16 119 3
16 132 6
16 133 2
16 136 1
16 143 3
16 145 1
16 148 7
16 149 1
16 152 4
16 158 1
16 160 1
16 162 1
16 167 1
16 172 3
16 178 2
16 179 2
16 180 7
16 184 3
16 187 6
16 188 1
16 199 3
16 207 3
16 212 1
16 213 1
16 217 1
16 220 13
16 222 1
16 223 1
16 224 6
16 228 1
16 229 2
16 242 5
16 243 1
16 250 1
16 251 1
16 256 1
16 261 2
16 262 1
16 263 3
16 271 2
16 272 5
16 273 1
16 288 1
16 291 1
16 300 1
16 304 1
16 308 2
16 328 1
16 343 3
16 346 4
16 347 1
16 356 1
16 357 1
16 362 2
16 364 1
16 368 1
16 383 1
16 384 1
16 387 2
16 391 6
16 404 2
16 409 1
16 414 1
16 417 1
16 420 4
16 430 2
16 432 2
16 435 5
16 437 1
16 440 2
16 442 2
16 451 5
16 463 1
16 477 2
16 482 1
16 485 1
16 488 1
16 490 1
16 499 1
16 501 1
16 509 1
16 525 8
16 536 1
16 539 4
16 543 1
16 560 1
16 561 2
16 563 1
16 568 1
16 577 1
16 599 1
16 604 1
16 609 1
16 617 2
16 636 1
16 644 2
16 652 2
16 681 1
16 682 1
16 702 10
16 727 1
16 742 2
16 753 1
16 785 1
16 810 1
16 814 1
16 817 2
16 833 1
16 842 1
16 853 1
16 871 1
16 904 3
16 920 1
16 925 21
16 934 2
16 939 1
16 962 1
16 1001 2
16 1021 1
16 1022 2
16 1023 1
16 1024 1
16 1025 3
16 1026 1
16 1027 1
16 1028 1
16 1029 1
16 1030 1
16 1031 1
16 1032 1
16 1033 3
16 1034 3
16 1035 1
16 1036 1
16 1037 2
16 1038 1
16 1039 1
16 1040 2
16 1041 1
16 1042 3
16 1043 1
16 1044 1
16 1045 1
16 1046 1
16 1047 1
16 1048 2
16 1049 1
16 1050 1
16 1051 2
16 1052 1
16 1053 1
16 1054 3
16 1055 1
16 1056 1
16 1057 1
16 1058 1
16 1059 1
16 1060 1
16 1061 1
16 1062 2
16 1063 1
16 1064 1
16 1065 6
16 1066 1
16 1067 1
16 1068 2
16 1069 1
16 1070 1
16 1071 1
16 1072 2
16 1073 1
16 1074 1
16 1075 1
16 1076 1
16 1077 1
16 1078 2
16 1079 2
16 1080 1
16 1081 1
16 1082 1
16 1083 2
16 1084 1
16 1085 1
16 1086 2
16 1087 2
16 1088 2
16 1089 1
16 1090 3
16 1091 2
16 1092 1
16 1093 1
16 1094 1
16 1095 1
16 1096 1
16 1097 1
16 1098 1
16 1099 1
16 1100 1
16 1101 1
16 1102 2
16 1103 1
16 1104 1
16 1105 1
16 1106 1
16 1107 1
16 1108 1
16 1109 1
16 1110 1
16 1111 1
16 1112 1
16 1113 2
16 1114 1
16 1115 1
16 1116 1
16 1117 3
16 1118 1
16 1119 1
16 1120 2
16 1121 1
16 1122 1
16 1123 11
16 1124 3
16 1125 3
16 1126 47
16 1127 1
16 1128 3
16 1129 5
16 1130 1
16 1131 4
16 1132 1
16 1133 2
16 1134 3
16 1135 1
16 1136 1
16 1137 1
16 1138 3
16 1139 1
16 1140 1
16 1141 1
16 1142 4
16 1143 1
16 1144 3
16 1145 2
16 1146 1
16 1147 1
16 1148 1
16 1149 1
16 1150 1
16 1151 1
16 1152 13
16 1153 3
16 1154 1
16 1155 1
16 1156 1
16 1157 1
16 1158 1
17 3 1
17 8 3
17 10 3
17 14 1
17 29 1
17 34 1
17 38 1
17 46 1
17 49 1
17 54 2
17 55 2
17 56 1
17 60 2
17 65 1
17 69 3
17 79 1
17 82 1
17 83 1
17 90 1
17 91 2
17 104 1
17 111 1
17 119 2
17 138 1
17 140 3
17 147 1
17 154 1
17 155 1
17 170 1
17 177 4
17 178 1
17 195 1
17 197 2
17 209 1
17 212 1
17 217 1
17 224 1
17 235 2
17 241 1
17 244 2
17 250 3
17 251 2
17 261 1
17 262 2
17 263 3
17 283 1
17 292 6
17 305 1
17 314 1
17 316 1
17 346 1
17 360 1
17 373 1
17 389 1
17 391 1
17 393 1
17 405 1
17 422 1
17 430 2
17 435 1
17 439 2
17 440 1
17 462 1
17 463 1
17 477 1
17 492 1
17 536 1
17 565 1
17 582 1
17 595 1
17 706 1
17 725 2
17 728 1
17 785 1
17 832 1
17 903 1
17 916 1
17 919 1
17 930 1
17 1055 1
17 1096 1
17 1101 1
17 1145 1
17 1159 1
17 1160 1
17 1161 1
17 1162 1
17 1163 1
17 1164 1
17 1165 1
17 1166 1
17 1167 1
17 1168 1
17 1169 1
17 1170 1
17 1171 11
17 1172 1
17 1173 1
17 1174 2
17 1175 1
17 1176 1
17 1177 1
17 1178 2
17 1179 1
18 3 4
18 10 2
18 14 7
18 15 3
18 16 2
18 34 2
18 36 1
18 37 1
18 49 1
18 52 1
18 53 1
18 58 2
18 65 1
18 68 1
18 73 1
18 80 1
18 83 1
18 107 6
18 121 1
18 132 1
18 143 1
18 148 1
18 154 1
18 178 1
18 179 1
18 188 4
18 190 1
18 194 1
18 197 2
18 206 1
18 241 1
18 280 2
18 284 1
18 299 12
18 305 2
18 327 1
18 330 1
18 340 1
18 346 1
18 391 1
18 439 1
18 451 1
18 463 1
18 492 1
18 519 1
18 531 1
18 532 2
18 545 1
18 628 1
18 667 1
18 669 1
18 725 1
18 745 1
18 769 1
18 809 1
18 813 1
18 849 1
18 882 1
18 903 1
18 920 2
18 1001 1
18 1095 1
18 1096 1
18 1117 1
18 1126 1
18 1143 1
18 1152 1
18 1166 1
18 1180 3
18 1181 3
18 1182 1
18 1183 1
18 1184 1
18 1185 2
18 1186 1
18 1187 1
18 1188 1
18 1189 1
18 1190 1
18 1191 2
18 1192 1
18 1193 1
19 2 2
19 3 4
19 10 2
19 13 1
19 14 4
19 15 5
19 16 2
19 34 1
19 36 1
19 37 1
19 38 1
19 49 1
19 52 1
19 53 1
19 58 1
19 65 1
19 80 1
19 83 1
19 99 3
19 107 3
19 122 1
19 125 1
19 132 2
19 136 1
19 139 1
19 143 1
19 154 1
19 161 1
19 178 1
19 179 1
19 187 1
19 188 4
19 195 3
19 207 1
19 213 2
19 224 1
19 228 2
19 241 1
19 259 1
19 263 1
19 271 1
19 299 12
19 305 1
19 324 1
19 371 2
19 387 1
19 425 1
19 439 1
19 451 1
19 457 2
19 462 1
19 492 1
19 509 1
19 513 1
19 519 1
19 535 1
19 536 1
19 537 1
19 565 1
19 569 3
19 619 1
19 628 1
19 667 1
19 669 1
19 725 1
19 767 2
19 768 1
19 779 1
19 813 2
19 847 2
19 896 1
19 907 1
19 930 1
19 1056 1
19 1095 1
19 1096 1
19 1117 2
19 1166 1
19 1180 1
19 1182 1
19 1184 1
19 1186 1
19 1193 1
19 1194 1
19 1195 2
19 1196 1
19 1197 1
19 1198 1
19 1199 1
19 1200 1
19 1201 1
20 2 1
20 10 1
20 14 4
20 15 2
20 19 1
20 24 1
20 26 1
20 34 1
20 38 5
20 59 1
20 62 1
20 69 1
20 77 1
20 82 1
20 89 8
20 90 1
20 104 1
20 111 1
20 118 2
20 121 1
20 145 3
20 148 2
20 152 1
20 154 1
20 155 1
20 170 1
20 177 6
20 178 11
20 181 2
20 183 1
20 184 3
20 187 2
20 198 1
20 199 1
20 212 1
20 217 2
20 222 2
20 234 1
20 241 1
20 242 1
20 244 1
20 248 1
20 251 1
20 254 1
20 258 1
20 261 1
20 262 3
20 263 1
20 271 1
20 274 1
20 275 1
20 279 1
20 292 6
20 296 1
20 317 2
20 319 1
20 322 1
20 346 1
20 357 1
20 363 1
20 370 1
20 373 1
20 391 1
20 392 1
20 430 1
20 439 1
20 442 2
20 457 1
20 464 1
20 495 1
20 508 1
20 519 1
20 579 1
20 593 2
20 619 1
20 667 1
20 693 1
20 717 1
20 799 1
20 803 2
20 804 1
20 810 1
20 832 1
20 834 1
20 868 2
20 949 1
20 1012 1
20 1042 1
20 1074 1
20 1082 1
20 1096 1
20 1101 1
20 1118 2
20 1152 1
20 1165 1
20 1182 1
20 1199 2
20 1202 2
20 1203 1
20 1204 1
20 1205 1
20 1206 1
20 1207 1
20 1208 1
20 1209 1
20 1210 1
20 1211 1
20 1212 1
20 1213 1
20 1214 1
20 1215 1
20 1216 1
20 1217 1
20 1218 1
20 1219 2
20 1220 1
20 1221 1
20 1222 1
20 1223 2
20 1224 1
20 1225 1
20 1226 1
20 1227 1
20 1228 1
20 1229 1
20 1230 1
21 4 2
21 14 6
21 25 1
21 38 7
21 82 1
21 89 4
21 91 2
21 102 1
21 115 3
21 120 2
21 132 1
21 151 1
21 152 1
21 155 1
21 178 5
21 182 2
21 184 1
21 199 1
21 213 2
21 217 3
21 229 2
21 240 1
21 244 1
21 261 2
21 276 1
21 292 7
21 316 1
21 346 1
21 375 1
21 416 1
21 439 2
21 442 1
21 475 1
21 477 1
21 491 1
21 494 2
21 513 1
21 518 1
21 522 1
21 534 1
21 542 1
21 543 1
21 667 1
21 766 1
21 790 1
21 883 1
21 952 1
21 1001 1
21 1011 2
21 1054 1
21 1096 1
21 1112 1
21 1175 1
21 1202 1
21 1215 1
21 1218 1
21 1223 1
21 1225 1
21 1228 1
21 1231 1
21 1232 1
21 1233 1
21 1234 1
21 1235 1
21 1236 1
21 1237 1
21 1238 1
21 1239 1
21 1240 1
21 1241 1
21 1242 1
21 1243 3
21 1244 1
21 1245 1
21 1246 1
21 1247 1
21 1248 1
21 1249 1
22 1 1
22 3 4
22 10 2
22 12 2
22 14 7
22 15 6
22 16 2
22 18 2
22 19 2
22 26 1
22 30 1
22 34 3
22 38 3
22 43 4
22 46 1
22 49 1
22 57 3
22 59 1
22 65 1
22 71 1
22 77 2
22 80 1
22 82 2
22 89 4
22 90 2
22 91 1
22 96 1
22 102 1
22 104 1
22 107 1
22 111 2
22 114 2
22 118 1
22 126 1
22 129 1
22 130 4
22 131 1
22 132 1
22 138 1
22 139 1
22 143 2
22 152 4
22 155 1
22 160 1
22 162 1
22 167 1
22 170 1
22 172 1
22 177 3
22 187 4
22 188 2
22 193 1
22 197 1
22 208 4
22 209 1
22 217 1
22 218 2
22 220 2
22 228 1
22 242 1
22 244 1
22 250 1
22 258 1
22 259 3
22 261 2
22 262 1
22 268 2
22 271 4
22 273 1
22 288 1
22 292 2
22 299 2
22 302 1
22 308 2
22 362 2
22 379 1
22 391 1
22 403 1
22 450 3
22 457 1
22 491 18
22 492 8
22 495 1
22 497 1
22 500 1
22 501 1
22 526 2
22 540 2
22 579 1
22 619 1
22 655 1
22 676 2
22 693 3
22 722 1
22 798 1
22 843 1
22 864 1
22 883 2
22 889 1
22 949 18
22 952 1
22 953 2
22 1001 6
22 1016 2
22 1128 2
22 1129 2
22 1132 1
22 1152 1
22 1167 5
22 1171 1
22 1194 1
22 1223 1
22 1250 1
22 1251 1
22 1252 1
22 1253 2
22 1254 1
22 1255 1
22 1256 1
22 1257 2
22 1258 7
22 1259 1
22 1260 1
22 1261 1
22 1262 3
22 1263 1
22 1264 1
22 1265 2
22 1266 1
22 1267 1
22 1268 1
22 1269 6
22 1270 1
22 1271 1
22 1272 1
22 1273 1
22 1274 1
22 1275 1
22 1276 1
