%%MatrixMarket matrix coordinate real general
72 2017 9166                                      
1 1 1
1 2 1
1 3 20
1 4 2
1 5 5
1 6 3
1 7 4
1 8 3
1 9 1
1 10 8
1 11 1
1 12 4
1 13 1
1 14 3
1 15 8
1 16 2
1 17 1
1 18 1
1 19 2
1 20 1
1 21 3
1 22 1
1 23 1
1 24 1
1 25 1
1 26 1
1 27 1
1 28 1
1 29 3
1 30 1
1 31 1
1 32 2
1 33 3
1 34 1
1 35 2
1 36 1
1 37 1
1 38 1
1 39 1
1 40 2
1 41 1
1 42 2
1 43 1
1 44 1
1 45 1
1 46 3
1 47 1
1 48 1
1 49 3
1 50 2
1 51 1
1 52 1
1 53 1
1 54 2
1 55 1
1 56 1
1 57 1
1 58 1
1 59 1
1 60 1
1 61 2
1 62 2
1 63 2
1 64 6
1 65 1
1 66 1
1 67 1
1 68 2
1 69 1
1 70 3
1 71 1
1 72 3
1 73 1
1 74 1
1 75 1
1 76 1
1 77 1
1 78 1
1 79 1
1 80 2
1 81 1
1 82 1
1 83 1
1 84 1
1 85 2
1 86 1
1 87 1
1 88 2
1 89 1
1 90 1
1 91 1
1 92 1
1 93 1
1 94 1
1 95 1
1 96 1
1 97 1
1 98 1
1 99 1
1 100 1
1 101 1
1 102 4
1 103 1
1 104 1
1 105 4
1 106 1
1 107 2
1 108 1
1 109 1
1 110 1
1 111 1
1 112 2
1 113 1
1 114 1
1 115 1
1 116 1
1 117 1
1 118 1
1 119 3
1 120 1
1 121 1
1 122 1
1 123 4
1 124 2
1 125 2
1 126 1
1 127 3
1 128 1
1 129 1
1 130 1
1 131 1
1 132 3
1 133 1
1 134 2
1 135 1
1 136 2
1 137 1
1 138 1
1 139 1
1 140 2
1 141 1
1 142 1
1 143 10
1 144 2
1 145 1
1 146 3
1 147 1
1 148 2
1 149 1
1 150 1
1 151 5
1 152 2
1 153 1
1 154 1
1 155 1
1 156 2
1 157 1
1 158 1
1 159 1
1 160 1
1 161 1
1 162 1
1 163 1
1 164 1
1 165 1
1 166 1
1 167 1
1 168 1
1 169 2
1 170 2
1 171 1
1 172 1
1 173 1
1 174 6
1 175 1
1 176 1
1 177 2
1 178 1
1 179 1
1 180 3
1 181 1
1 182 7
1 183 1
1 184 2
1 185 1
1 186 1
1 187 1
1 188 2
1 189 5
2 3 2
2 10 3
2 12 1
2 14 5
2 15 6
2 28 3
2 32 1
2 35 5
2 40 2
2 45 2
2 48 1
2 49 1
2 50 1
2 52 1
2 53 2
2 54 1
2 55 3
2 56 1
2 57 2
2 66 1
2 72 4
2 77 5
2 84 1
2 85 1
2 91 2
2 93 1
2 105 1
2 106 1
2 112 1
2 113 1
2 126 1
2 127 1
2 130 1
2 136 1
2 142 1
2 146 9
2 156 3
2 158 2
2 166 3
2 171 1
2 172 2
2 173 1
2 175 1
2 177 2
2 181 3
2 182 3
2 190 1
2 191 1
2 192 1
2 193 1
2 194 1
2 195 1
2 196 1
2 197 1
2 198 4
2 199 10
2 200 1
2 201 2
2 202 2
2 203 3
2 204 2
2 205 1
2 206 1
2 207 1
2 208 1
2 209 1
2 210 1
2 211 1
2 212 2
2 213 1
2 214 1
2 215 1
2 216 15
2 217 2
2 218 1
2 219 1
2 220 2
2 221 1
2 222 2
2 223 1
2 224 1
2 225 1
2 226 1
2 227 2
2 228 1
2 229 1
2 230 2
2 231 1
2 232 1
2 233 2
2 234 1
2 235 1
2 236 2
2 237 1
2 238 1
2 239 1
2 240 2
2 241 1
2 242 1
2 243 1
2 244 1
2 245 1
2 246 1
2 247 1
2 248 1
2 249 2
2 250 1
2 251 2
2 252 1
2 253 1
2 254 1
2 255 1
2 256 1
2 257 1
2 258 1
2 259 1
2 260 1
2 261 1
2 262 1
2 263 1
2 264 1
2 265 2
2 266 1
2 267 1
2 268 1
2 269 1
2 270 1
2 271 1
2 272 1
2 273 2
2 274 1
2 275 1
2 276 1
2 277 2
2 278 1
2 279 2
2 280 1
2 281 1
2 282 3
2 283 1
2 284 1
3 1 1
3 2 1
3 3 2
3 10 4
3 14 7
3 24 1
3 26 3
3 28 3
3 32 2
3 35 3
3 40 4
3 41 1
3 48 1
3 50 2
3 51 5
3 52 1
3 53 4
3 54 2
3 58 1
3 63 2
3 64 1
3 66 1
3 72 4
3 76 3
3 77 3
3 85 6
3 91 3
3 102 1
3 105 2
3 106 1
3 108 1
3 111 1
3 112 1
3 123 1
3 127 3
3 132 1
3 133 1
3 140 1
3 142 4
3 143 2
3 145 1
3 146 7
3 148 2
3 152 1
3 156 4
3 158 5
3 164 1
3 166 3
3 171 5
3 172 10
3 173 2
3 175 1
3 178 1
3 180 1
3 181 1
3 182 4
3 188 1
3 189 4
3 191 1
3 192 4
3 193 1
3 194 2
3 196 2
3 197 4
3 198 15
3 199 7
3 200 1
3 201 3
3 202 3
3 203 3
3 204 1
3 205 1
3 206 2
3 209 6
3 211 2
3 220 2
3 221 3
3 222 2
3 226 1
3 230 5
3 231 1
3 234 1
3 235 1
3 236 1
3 237 1
3 239 1
3 240 2
3 243 2
3 251 8
3 252 1
3 253 1
3 255 1
3 257 3
3 258 1
3 260 1
3 266 1
3 267 2
3 268 1
3 269 1
3 274 1
3 276 1
3 279 1
3 280 1
3 282 1
3 284 1
3 285 1
3 286 1
3 287 16
3 288 1
3 289 1
3 290 1
3 291 1
3 292 1
3 293 1
3 294 1
3 295 1
3 296 1
3 297 1
3 298 2
3 299 1
3 300 1
3 301 1
3 302 2
3 303 1
3 304 2
3 305 1
3 306 1
3 307 1
3 308 4
3 309 1
3 310 1
3 311 2
3 312 1
3 313 1
3 314 2
3 315 1
3 316 1
3 317 1
3 318 1
3 319 1
3 320 1
3 321 1
3 322 1
3 323 1
3 324 1
3 325 1
3 326 1
3 327 1
3 328 1
3 329 1
3 330 1
3 331 1
3 332 1
3 333 2
3 334 1
3 335 2
3 336 1
3 337 1
3 338 1
3 339 2
3 340 1
3 341 1
3 342 1
3 343 1
3 344 1
3 345 2
3 346 1
3 347 1
3 348 1
3 349 4
3 350 1
3 351 3
3 352 1
3 353 1
3 354 1
3 355 1
3 356 1
3 357 1
3 358 1
3 359 1
3 360 1
3 361 2
3 362 1
3 363 2
3 364 1
3 365 1
3 366 2
3 367 1
3 368 1
3 369 3
3 370 1
3 371 1
3 372 2
3 373 1
3 374 1
3 375 1
3 376 1
3 377 1
3 378 1
3 379 1
3 380 1
3 381 1
3 382 1
3 383 1
3 384 1
3 385 1
3 386 1
3 387 1
4 2 1
4 3 2
4 10 3
4 14 3
4 15 8
4 22 1
4 26 1
4 28 2
4 39 2
4 40 3
4 47 1
4 48 1
4 50 7
4 51 2
4 54 3
4 57 1
4 60 3
4 64 1
4 72 2
4 74 3
4 76 1
4 77 2
4 84 1
4 85 4
4 91 1
4 94 1
4 95 5
4 105 3
4 106 1
4 108 3
4 111 1
4 112 3
4 116 1
4 119 1
4 123 2
4 124 1
4 140 2
4 141 2
4 142 2
4 143 1
4 145 1
4 146 4
4 149 1
4 152 1
4 156 1
4 160 3
4 161 1
4 163 1
4 166 2
4 172 1
4 173 2
4 174 4
4 175 4
4 177 1
4 178 2
4 180 3
4 182 4
4 186 1
4 189 11
4 191 2
4 192 1
4 193 1
4 203 1
4 204 3
4 205 1
4 211 1
4 212 1
4 215 5
4 218 3
4 222 2
4 224 1
4 228 1
4 230 3
4 231 5
4 234 1
4 235 1
4 237 1
4 242 1
4 244 1
4 253 1
4 254 3
4 258 1
4 260 2
4 270 2
4 271 2
4 283 1
4 312 1
4 317 9
4 339 1
4 340 2
4 341 3
4 347 1
4 353 1
4 369 21
4 386 1
4 388 1
4 389 1
4 390 1
4 391 2
4 392 1
4 393 1
4 394 1
4 395 1
4 396 1
4 397 1
4 398 2
4 399 1
4 400 1
4 401 1
4 402 1
4 403 3
4 404 1
4 405 1
4 406 1
4 407 10
4 408 2
4 409 1
4 410 1
4 411 1
4 412 1
4 413 1
4 414 2
4 415 1
4 416 10
4 417 1
4 418 2
4 419 2
4 420 1
4 421 2
4 422 1
4 423 3
4 424 1
4 425 5
4 426 14
4 427 1
4 428 1
4 429 1
4 430 1
4 431 1
4 432 1
4 433 3
4 434 2
4 435 1
4 436 1
4 437 1
4 438 1
4 439 1
4 440 1
4 441 1
4 442 1
4 443 2
4 444 1
4 445 1
4 446 1
4 447 1
4 448 1
4 449 1
4 450 1
4 451 1
4 452 1
4 453 1
4 454 1
4 455 2
4 456 1
4 457 1
4 458 1
4 459 1
4 460 1
4 461 1
4 462 1
4 463 1
4 464 9
4 465 1
4 466 1
4 467 3
4 468 1
4 469 1
4 470 1
4 471 1
4 472 1
4 473 1
4 474 2
4 475 1
4 476 1
4 477 1
5 1 1
5 3 4
5 6 1
5 10 4
5 11 1
5 14 3
5 15 11
5 25 8
5 27 1
5 28 1
5 32 1
5 37 1
5 39 1
5 40 2
5 52 2
5 53 2
5 54 1
5 58 1
5 60 1
5 66 1
5 72 2
5 76 1
5 77 4
5 79 1
5 84 2
5 99 1
5 106 1
5 108 1
5 109 3
5 121 1
5 127 2
5 137 1
5 141 1
5 142 1
5 146 6
5 156 1
5 157 1
5 161 1
5 166 3
5 169 1
5 171 7
5 172 10
5 174 1
5 175 4
5 176 5
5 181 12
5 182 2
5 184 1
5 185 1
5 193 1
5 200 1
5 208 1
5 212 2
5 214 1
5 224 2
5 227 1
5 228 4
5 232 2
5 240 2
5 244 2
5 249 2
5 258 1
5 276 1
5 314 3
5 324 1
5 325 2
5 335 1
5 342 1
5 367 2
5 369 7
5 380 1
5 406 1
5 411 1
5 433 1
5 436 2
5 442 1
5 458 1
5 464 2
5 478 3
5 479 1
5 480 1
5 481 1
5 482 2
5 483 1
5 484 1
5 485 2
5 486 1
5 487 3
5 488 3
5 489 2
5 490 5
5 491 1
5 492 1
5 493 2
5 494 3
5 495 1
5 496 1
5 497 2
5 498 1
5 499 1
5 500 1
5 501 1
5 502 2
5 503 1
5 504 1
5 505 1
5 506 2
5 507 2
5 508 5
5 509 1
5 510 3
5 511 1
5 512 2
5 513 1
5 514 1
5 515 1
5 516 1
5 517 6
5 518 1
5 519 1
5 520 2
5 521 1
5 522 2
5 523 1
5 524 1
5 525 1
5 526 1
5 527 1
5 528 12
5 529 15
5 530 2
5 531 4
5 532 2
5 533 1
5 534 1
5 535 1
5 536 1
5 537 6
5 538 3
5 539 1
5 540 1
5 541 1
5 542 1
5 543 1
5 544 4
5 545 1
5 546 1
5 547 15
5 548 1
5 549 1
5 550 2
5 551 1
6 1 1
6 3 1
6 6 9
6 10 1
6 14 4
6 16 3
6 24 3
6 28 1
6 32 8
6 40 2
6 46 2
6 48 1
6 50 3
6 52 1
6 53 2
6 60 1
6 64 2
6 66 1
6 72 2
6 77 4
6 91 2
6 95 2
6 99 1
6 105 1
6 106 1
6 111 1
6 127 1
6 133 1
6 142 1
6 143 1
6 146 6
6 149 1
6 155 10
6 156 1
6 164 1
6 166 2
6 171 10
6 172 9
6 173 1
6 174 9
6 177 1
6 178 1
6 180 2
6 181 4
6 182 3
6 187 1
6 189 2
6 191 1
6 200 1
6 208 1
6 209 1
6 211 7
6 212 2
6 240 1
6 241 1
6 244 10
6 245 1
6 249 1
6 253 1
6 254 4
6 255 1
6 256 2
6 258 2
6 271 2
6 274 1
6 275 1
6 276 1
6 287 11
6 297 1
6 311 1
6 338 1
6 340 1
6 341 1
6 358 1
6 383 2
6 387 1
6 397 1
6 406 1
6 410 1
6 416 1
6 418 1
6 424 1
6 428 1
6 435 1
6 442 1
6 459 2
6 460 1
6 470 2
6 475 1
6 478 2
6 479 1
6 488 1
6 489 1
6 492 1
6 502 2
6 506 3
6 514 3
6 515 5
6 517 2
6 528 3
6 533 1
6 534 1
6 536 4
6 538 3
6 547 30
6 552 1
6 553 1
6 554 3
6 555 5
6 556 1
6 557 2
6 558 2
6 559 4
6 560 1
6 561 1
6 562 6
6 563 8
6 564 1
6 565 1
6 566 8
6 567 1
6 568 3
6 569 5
6 570 8
6 571 1
6 572 1
6 573 1
6 574 1
6 575 2
6 576 1
6 577 1
6 578 1
6 579 1
6 580 1
6 581 3
6 582 1
6 583 3
6 584 1
6 585 1
6 586 2
6 587 2
6 588 2
6 589 3
6 590 1
6 591 2
6 592 3
6 593 1
6 594 1
6 595 3
6 596 1
6 597 1
6 598 6
6 599 1
6 600 1
6 601 1
6 602 1
6 603 1
6 604 1
6 605 5
6 606 1
6 607 1
6 608 1
6 609 3
6 610 1
6 611 1
6 612 3
6 613 1
6 614 1
6 615 1
6 616 1
6 617 1
6 618 1
6 619 1
6 620 2
6 621 1
6 622 1
6 623 2
6 624 1
6 625 1
6 626 2
6 627 3
6 628 1
6 629 4
6 630 1
6 631 1
6 632 2
6 633 1
6 634 1
6 635 1
6 636 1
6 637 1
6 638 1
6 639 1
6 640 3
6 641 4
6 642 1
6 643 1
6 644 7
6 645 1
6 646 1
6 647 1
6 648 1
6 649 2
6 650 1
7 1 2
7 2 1
7 3 5
7 4 1
7 10 1
7 14 7
7 15 8
7 26 1
7 28 3
7 32 7
7 35 3
7 40 2
7 43 1
7 50 8
7 51 1
7 52 1
7 53 3
7 54 1
7 57 6
7 58 1
7 64 11
7 66 1
7 68 1
7 72 4
7 76 1
7 77 4
7 78 1
7 85 3
7 88 1
7 91 3
7 102 2
7 104 1
7 106 1
7 108 4
7 111 1
7 112 1
7 127 1
7 130 1
7 132 1
7 133 8
7 142 1
7 143 1
7 145 4
7 146 8
7 148 2
7 152 1
7 155 1
7 156 1
7 164 1
7 166 1
7 171 9
7 172 3
7 174 4
7 178 2
7 181 7
7 182 6
7 188 2
7 189 6
7 191 2
7 192 1
7 193 3
7 200 1
7 201 1
7 203 5
7 204 1
7 205 1
7 208 2
7 209 3
7 211 3
7 212 2
7 222 2
7 224 1
7 228 2
7 230 2
7 231 2
7 234 1
7 235 1
7 240 3
7 241 1
7 242 10
7 244 1
7 245 1
7 249 1
7 254 8
7 255 1
7 256 5
7 258 1
7 264 1
7 275 5
7 277 3
7 280 1
7 282 1
7 284 1
7 297 2
7 300 1
7 307 1
7 310 1
7 317 1
7 334 1
7 335 1
7 337 3
7 338 1
7 339 1
7 341 1
7 352 1
7 358 1
7 367 1
7 387 1
7 396 1
7 406 2
7 412 1
7 428 1
7 435 2
7 436 1
7 458 5
7 459 7
7 480 3
7 491 3
7 498 2
7 502 1
7 516 3
7 521 2
7 547 5
7 558 1
7 562 6
7 572 1
7 579 1
7 598 1
7 617 1
7 651 1
7 652 1
7 653 1
7 654 2
7 655 1
7 656 1
7 657 1
7 658 1
7 659 2
7 660 1
7 661 1
7 662 1
7 663 1
7 664 1
7 665 1
7 666 1
7 667 1
7 668 1
7 669 1
7 670 1
7 671 1
7 672 1
7 673 1
7 674 1
7 675 1
7 676 1
7 677 1
7 678 2
7 679 1
7 680 1
7 681 1
7 682 1
7 683 4
7 684 1
7 685 1
7 686 1
7 687 1
7 688 2
7 689 1
7 690 1
7 691 1
7 692 1
7 693 7
7 694 1
7 695 1
7 696 1
7 697 1
7 698 2
7 699 2
7 700 1
7 701 2
7 702 3
7 703 2
7 704 1
7 705 1
7 706 2
7 707 1
7 708 1
7 709 3
7 710 1
7 711 1
7 712 1
7 713 1
7 714 1
7 715 1
7 716 6
7 717 1
7 718 32
8 3 1
8 10 3
8 14 5
8 15 4
8 19 1
8 28 3
8 32 1
8 35 1
8 40 2
8 49 3
8 53 2
8 54 1
8 55 1
8 66 1
8 67 1
8 72 1
8 74 21
8 77 4
8 85 1
8 91 1
8 102 1
8 105 1
8 106 1
8 112 1
8 126 1
8 127 1
8 138 1
8 141 31
8 142 1
8 146 8
8 148 1
8 152 1
8 156 1
8 158 1
8 161 1
8 172 4
8 173 1
8 174 5
8 175 1
8 178 2
8 181 2
8 182 1
8 185 1
8 189 9
8 191 4
8 192 1
8 193 2
8 201 3
8 204 1
8 205 1
8 208 1
8 209 2
8 212 1
8 215 2
8 218 1
8 222 2
8 232 1
8 233 1
8 234 1
8 235 1
8 239 2
8 244 5
8 246 1
8 249 1
8 258 1
8 281 1
8 291 2
8 300 1
8 337 1
8 341 1
8 342 1
8 347 1
8 356 2
8 367 1
8 369 7
8 383 3
8 386 1
8 387 4
8 389 1
8 399 3
8 400 1
8 402 1
8 423 9
8 426 2
8 430 3
8 431 1
8 435 2
8 445 8
8 450 5
8 452 2
8 458 1
8 460 1
8 471 2
8 492 1
8 503 1
8 521 1
8 528 1
8 538 2
8 562 2
8 578 1
8 667 1
8 683 1
8 685 1
8 691 1
8 715 1
8 717 4
8 719 1
8 720 1
8 721 2
8 722 1
8 723 1
8 724 1
8 725 2
8 726 4
8 727 2
8 728 2
8 729 1
8 730 1
8 731 1
8 732 1
8 733 1
8 734 3
8 735 1
8 736 1
8 737 1
8 738 1
8 739 1
8 740 1
8 741 1
8 742 1
8 743 1
8 744 1
8 745 2
8 746 1
8 747 1
8 748 1
8 749 1
8 750 3
8 751 2
8 752 10
8 753 1
8 754 1
8 755 1
8 756 1
8 757 1
8 758 1
8 759 1
8 760 1
8 761 1
9 14 1
9 126 1
9 231 1
9 313 1
9 324 1
9 340 1
9 416 1
9 459 1
9 762 1
9 763 1
9 764 3
9 765 1
9 766 1
9 767 1
9 768 2
9 769 1
9 770 1
9 771 1
10 1 1
10 3 3
10 7 1
10 10 1
10 14 3
10 26 1
10 28 1
10 32 4
10 34 1
10 37 1
10 40 4
10 41 1
10 42 4
10 48 1
10 50 4
10 52 1
10 53 6
10 54 1
10 57 1
10 66 1
10 72 1
10 74 6
10 76 1
10 77 3
10 84 4
10 91 1
10 95 1
10 102 1
10 105 1
10 106 1
10 108 1
10 111 1
10 114 1
10 124 1
10 132 1
10 138 2
10 141 16
10 142 1
10 143 1
10 146 5
10 148 1
10 149 2
10 152 1
10 155 4
10 156 1
10 166 2
10 171 9
10 172 4
10 173 1
10 174 2
10 178 1
10 181 5
10 182 1
10 188 5
10 189 15
10 200 1
10 208 2
10 211 1
10 212 2
10 213 7
10 215 3
10 240 4
10 244 11
10 249 1
10 253 1
10 258 1
10 271 1
10 282 1
10 287 19
10 294 2
10 300 2
10 317 7
10 366 1
10 369 16
10 387 2
10 405 2
10 406 3
10 421 3
10 423 2
10 431 1
10 435 2
10 458 15
10 459 1
10 460 2
10 475 1
10 476 1
10 479 1
10 488 2
10 489 1
10 490 1
10 498 1
10 507 1
10 509 1
10 512 1
10 515 2
10 521 1
10 532 3
10 540 2
10 547 17
10 562 7
10 568 1
10 572 1
10 579 3
10 616 1
10 667 1
10 690 1
10 691 4
10 696 1
10 706 1
10 708 2
10 717 1
10 719 4
10 743 1
10 758 1
10 761 1
10 766 2
10 771 5
10 772 1
10 773 1
10 774 1
10 775 3
10 776 1
10 777 1
10 778 1
10 779 2
10 780 6
10 781 2
10 782 1
10 783 2
10 784 1
10 785 2
10 786 1
10 787 16
10 788 3
10 789 1
10 790 2
10 791 3
10 792 7
10 793 3
10 794 1
10 795 1
10 796 1
10 797 3
10 798 1
10 799 1
10 800 1
10 801 1
10 802 1
10 803 1
10 804 1
10 805 10
10 806 5
10 807 4
10 808 2
11 3 1
11 10 4
11 14 4
11 15 7
11 28 3
11 32 1
11 35 12
11 40 4
11 42 1
11 45 1
11 50 5
11 51 6
11 53 3
11 54 1
11 63 1
11 64 3
11 66 1
11 72 2
11 77 5
11 85 1
11 91 1
11 102 1
11 105 1
11 106 1
11 111 1
11 112 2
11 127 2
11 136 2
11 139 2
11 142 1
11 143 1
11 146 9
11 156 1
11 166 2
11 171 1
11 178 1
11 181 6
11 191 1
11 192 1
11 200 1
11 201 1
11 203 1
11 204 8
11 205 1
11 209 1
11 212 4
11 222 2
11 228 1
11 230 8
11 231 10
11 234 1
11 235 1
11 240 4
11 244 3
11 249 1
11 258 1
11 260 1
11 274 1
11 275 2
11 276 1
11 278 3
11 284 1
11 307 1
11 317 1
11 334 1
11 335 1
11 338 1
11 342 1
11 343 1
11 375 4
11 388 2
11 403 1
11 407 4
11 414 1
11 430 1
11 436 1
11 446 1
11 461 2
11 505 2
11 579 1
11 595 1
11 617 1
11 624 1
11 701 1
11 703 1
11 715 1
11 717 2
11 745 1
11 747 1
11 755 1
11 792 1
11 793 1
11 800 1
11 809 3
11 810 7
11 811 1
11 812 3
11 813 4
11 814 2
11 815 10
11 816 1
11 817 1
11 818 1
11 819 1
11 820 1
11 821 2
11 822 1
11 823 1
11 824 3
11 825 1
11 826 1
11 827 1
11 828 1
11 829 1
11 830 1
11 831 1
11 832 1
11 833 1
11 834 1
11 835 1
11 836 1
11 837 1
11 838 11
11 839 1
11 840 1
11 841 1
11 842 1
11 843 1
11 844 1
12 3 14
12 10 8
12 13 1
12 14 3
12 15 7
12 28 3
12 32 3
12 35 6
12 40 3
12 42 1
12 50 4
12 53 2
12 54 2
12 56 1
12 57 2
12 61 12
12 66 1
12 67 1
12 70 1
12 72 1
12 77 5
12 85 2
12 91 1
12 102 2
12 106 1
12 108 1
12 111 1
12 112 1
12 119 1
12 124 1
12 127 2
12 130 1
12 136 3
12 139 8
12 142 1
12 143 1
12 145 1
12 146 9
12 148 2
12 156 1
12 166 3
12 174 4
12 175 5
12 177 2
12 178 2
12 181 14
12 182 4
12 188 7
12 192 1
12 193 1
12 195 2
12 200 1
12 203 6
12 204 2
12 205 1
12 208 2
12 209 1
12 211 1
12 212 13
12 214 1
12 215 3
12 218 2
12 222 2
12 230 3
12 231 10
12 233 1
12 234 1
12 235 1
12 240 3
12 249 3
12 255 1
12 258 1
12 260 1
12 266 1
12 269 1
12 276 1
12 291 2
12 303 1
12 335 1
12 341 1
12 358 3
12 387 5
12 403 1
12 435 1
12 436 8
12 465 1
12 486 1
12 498 2
12 504 11
12 505 1
12 509 1
12 521 4
12 528 2
12 536 1
12 592 9
12 616 1
12 623 1
12 630 1
12 667 2
12 690 2
12 696 1
12 706 3
12 732 1
12 758 1
12 760 1
12 789 1
12 790 1
12 800 1
12 804 1
12 807 1
12 815 5
12 822 1
12 825 1
12 826 1
12 828 1
12 830 3
12 834 1
12 838 12
12 845 1
12 846 1
12 847 1
12 848 1
12 849 1
12 850 6
12 851 1
12 852 1
12 853 1
12 854 1
12 855 2
12 856 1
12 857 3
12 858 1
12 859 3
12 860 1
12 861 1
12 862 2
12 863 1
12 864 6
12 865 2
12 866 4
12 867 1
12 868 1
12 869 1
12 870 1
12 871 2
12 872 1
12 873 1
12 874 1
12 875 1
12 876 1
12 877 1
12 878 2
12 879 1
12 880 1
12 881 2
12 882 1
13 2 2
13 3 4
13 6 3
13 10 6
13 12 1
13 14 4
13 15 16
13 26 1
13 28 1
13 32 4
13 35 2
13 40 2
13 42 2
13 50 4
13 52 2
13 53 2
13 54 2
13 57 1
13 64 1
13 66 1
13 72 1
13 74 3
13 76 2
13 77 2
13 84 4
13 85 4
13 90 2
13 91 1
13 105 4
13 106 1
13 111 1
13 119 1
13 120 1
13 137 1
13 138 1
13 141 5
13 142 1
13 143 2
13 146 4
13 156 2
13 158 1
13 160 2
13 166 3
13 169 1
13 171 1
13 172 3
13 174 10
13 175 2
13 178 14
13 181 4
13 182 2
13 189 18
13 195 1
13 200 1
13 201 2
13 203 1
13 209 2
13 211 3
13 212 2
13 214 1
13 215 2
13 244 3
13 246 3
13 249 2
13 254 1
13 255 1
13 258 1
13 259 1
13 266 1
13 268 2
13 280 1
13 282 1
13 297 2
13 339 1
13 341 3
13 343 1
13 349 1
13 353 1
13 356 4
13 366 1
13 369 29
13 376 1
13 381 1
13 384 2
13 399 1
13 400 3
13 408 1
13 409 1
13 410 1
13 416 30
13 420 1
13 426 1
13 433 1
13 435 2
13 436 1
13 460 2
13 464 1
13 480 2
13 486 2
13 490 1
13 491 1
13 527 1
13 533 2
13 578 2
13 625 1
13 693 4
13 701 1
13 703 1
13 706 1
13 717 1
13 747 2
13 753 6
13 758 1
13 785 2
13 792 2
13 829 1
13 883 1
13 884 3
13 885 1
13 886 1
13 887 1
13 888 1
13 889 1
13 890 1
13 891 2
13 892 1
13 893 1
13 894 1
13 895 2
13 896 1
13 897 2
13 898 1
13 899 1
13 900 1
13 901 1
13 902 10
13 903 2
13 904 4
13 905 1
13 906 1
13 907 1
13 908 1
13 909 1
13 910 1
13 911 5
13 912 2
13 913 2
13 914 3
13 915 1
13 916 4
13 917 1
13 918 1
13 919 1
13 920 2
13 921 1
13 922 1
13 923 1
13 924 1
13 925 1
13 926 1
13 927 1
13 928 1
13 929 1
13 930 1
13 931 1
13 932 1
13 933 1
13 934 2
13 935 1
14 2 1
14 3 2
14 10 2
14 14 5
14 15 17
14 19 1
14 28 3
14 32 3
14 35 1
14 40 2
14 42 1
14 50 3
14 51 1
14 52 1
14 53 2
14 54 3
14 56 1
14 66 1
14 72 3
14 76 2
14 77 5
14 84 1
14 85 2
14 91 3
14 102 3
14 106 1
14 108 3
14 111 1
14 112 1
14 114 1
14 119 1
14 123 17
14 124 1
14 126 1
14 127 3
14 133 1
14 136 4
14 139 8
14 142 1
14 143 1
14 145 1
14 146 9
14 154 1
14 156 2
14 160 1
14 166 1
14 171 8
14 172 1
14 174 2
14 178 1
14 181 5
14 182 2
14 186 1
14 188 1
14 189 1
14 192 1
14 195 3
14 201 1
14 204 1
14 205 1
14 211 1
14 212 2
14 222 2
14 224 1
14 230 5
14 231 8
14 234 1
14 235 1
14 240 2
14 244 1
14 249 5
14 258 1
14 260 1
14 276 1
14 278 3
14 280 1
14 282 2
14 283 1
14 291 1
14 307 1
14 314 1
14 317 3
14 335 1
14 348 1
14 349 1
14 383 1
14 387 2
14 399 1
14 400 2
14 409 1
14 414 1
14 421 1
14 426 1
14 433 2
14 435 1
14 436 1
14 445 1
14 453 1
14 456 1
14 460 2
14 464 1
14 473 1
14 488 1
14 490 2
14 498 2
14 502 1
14 504 1
14 514 1
14 521 1
14 538 1
14 612 4
14 624 1
14 627 10
14 680 1
14 689 1
14 693 1
14 701 1
14 706 1
14 717 1
14 726 1
14 735 1
14 758 1
14 759 1
14 770 5
14 793 1
14 799 2
14 800 1
14 812 1
14 815 9
14 822 1
14 824 1
14 825 1
14 838 14
14 841 2
14 842 1
14 878 2
14 886 2
14 888 1
14 890 1
14 900 1
14 907 1
14 936 1
14 937 1
14 938 3
14 939 1
14 940 1
14 941 1
14 942 2
14 943 2
14 944 1
14 945 1
14 946 1
14 947 1
14 948 1
14 949 1
14 950 1
14 951 1
14 952 1
14 953 8
14 954 1
14 955 1
14 956 1
14 957 1
14 958 2
14 959 1
14 960 1
14 961 1
14 962 1
14 963 7
14 964 1
14 965 2
14 966 1
14 967 1
14 968 1
14 969 1
14 970 16
14 971 1
14 972 1
14 973 3
14 974 1
14 975 1
15 1 1
15 3 9
15 14 4
15 15 26
15 16 1
15 25 2
15 32 3
15 35 4
15 40 2
15 49 2
15 50 4
15 52 1
15 53 3
15 54 2
15 57 1
15 63 1
15 64 1
15 70 1
15 71 1
15 72 1
15 77 1
15 84 4
15 86 1
15 91 1
15 95 2
15 96 1
15 102 4
15 104 2
15 106 1
15 108 4
15 111 1
15 114 1
15 119 2
15 126 1
15 130 1
15 132 3
15 135 1
15 136 1
15 137 2
15 141 15
15 142 1
15 143 1
15 144 1
15 146 1
15 148 1
15 149 3
15 152 2
15 155 4
15 156 1
15 164 1
15 165 2
15 166 2
15 171 13
15 172 10
15 174 4
15 177 1
15 178 1
15 180 5
15 181 10
15 182 2
15 188 1
15 189 1
15 191 1
15 200 1
15 203 9
15 208 9
15 209 9
15 211 3
15 224 1
15 233 1
15 240 2
15 241 1
15 242 1
15 244 16
15 249 1
15 254 3
15 258 3
15 260 2
15 268 2
15 279 2
15 282 5
15 285 3
15 291 1
15 303 1
15 307 1
15 312 1
15 315 1
15 317 1
15 334 1
15 335 1
15 340 2
15 341 3
15 352 1
15 358 2
15 360 1
15 366 4
15 369 17
15 372 1
15 381 2
15 387 1
15 388 1
15 405 3
15 406 1
15 414 1
15 421 8
15 426 2
15 431 1
15 435 1
15 458 1
15 460 2
15 464 3
15 465 3
15 475 2
15 476 6
15 478 2
15 480 1
15 481 1
15 482 1
15 488 7
15 498 3
15 502 1
15 506 1
15 507 2
15 517 2
15 521 1
15 528 2
15 532 2
15 533 2
15 535 1
15 538 1
15 540 4
15 547 13
15 562 4
15 566 1
15 572 2
15 574 1
15 578 2
15 591 12
15 594 1
15 598 2
15 621 1
15 627 2
15 654 2
15 660 1
15 665 1
15 667 1
15 678 1
15 690 10
15 703 1
15 727 1
15 732 1
15 736 1
15 758 3
15 759 1
15 765 2
15 772 1
15 774 1
15 776 2
15 782 6
15 791 4
15 793 1
15 795 1
15 796 2
15 799 2
15 801 1
15 805 5
15 806 2
15 811 1
15 828 2
15 856 1
15 868 1
15 912 2
15 921 1
15 929 1
15 932 2
15 940 1
15 951 2
15 956 1
15 966 1
15 971 1
15 976 1
15 977 1
15 978 2
15 979 1
15 980 1
15 981 2
15 982 2
15 983 2
15 984 1
15 985 1
15 986 1
15 987 1
15 988 2
15 989 1
15 990 1
15 991 1
15 992 1
15 993 1
15 994 2
15 995 5
15 996 1
15 997 2
15 998 1
15 999 1
15 1000 9
15 1001 9
15 1002 1
15 1003 1
15 1004 2
15 1005 1
15 1006 3
15 1007 2
15 1008 1
15 1009 1
15 1010 1
15 1011 1
15 1012 1
15 1013 1
15 1014 1
15 1015 1
15 1016 3
15 1017 1
15 1018 6
15 1019 1
15 1020 1
15 1021 1
15 1022 1
15 1023 1
15 1024 1
16 1 2
16 2 4
16 3 3
16 11 1
16 13 1
16 14 18
16 15 18
16 19 2
16 21 8
16 25 1
16 28 1
16 32 1
16 35 1
16 40 4
16 42 1
16 43 4
16 48 1
16 50 1
16 53 1
16 54 6
16 57 3
16 63 3
16 64 1
16 66 1
16 70 5
16 72 1
16 77 2
16 84 4
16 94 1
16 105 2
16 108 7
16 111 1
16 113 3
16 126 6
16 127 2
16 130 1
16 137 3
16 139 1
16 142 2
16 143 8
16 146 4
16 152 1
16 154 1
16 156 1
16 161 1
16 166 3
16 172 2
16 173 2
16 174 7
16 178 3
16 181 6
16 182 1
16 193 3
16 202 3
16 208 1
16 209 1
16 212 1
16 215 13
16 218 1
16 219 1
16 220 6
16 224 1
16 225 2
16 238 5
16 239 1
16 246 1
16 247 1
16 253 1
16 258 2
16 260 3
16 266 2
16 267 5
16 268 1
16 283 1
16 286 1
16 295 1
16 299 1
16 303 2
16 323 1
16 338 3
16 341 4
16 343 1
16 352 1
16 353 1
16 358 2
16 360 1
16 364 1
16 379 1
16 382 2
16 386 1
16 387 6
16 400 2
16 405 1
16 410 1
16 413 1
16 416 4
16 426 2
16 428 2
16 431 5
16 433 1
16 436 2
16 438 2
16 447 5
16 459 1
16 473 2
16 478 1
16 481 1
16 484 1
16 486 1
16 495 1
16 497 1
16 505 1
16 521 8
16 533 1
16 536 4
16 540 1
16 557 1
16 558 2
16 560 1
16 565 1
16 574 1
16 596 1
16 601 1
16 607 1
16 615 2
16 635 1
16 643 2
16 651 2
16 680 1
16 681 1
16 701 10
16 727 1
16 742 2
16 753 1
16 785 1
16 815 1
16 819 1
16 822 2
16 839 1
16 848 1
16 859 1
16 876 1
16 909 3
16 924 1
16 929 21
16 938 2
16 943 1
16 967 1
16 1004 2
16 1025 1
16 1026 2
16 1027 1
16 1028 1
16 1029 3
16 1030 1
16 1031 1
16 1032 1
16 1033 1
16 1034 1
16 1035 1
16 1036 1
16 1037 3
16 1038 3
16 1039 1
16 1040 1
16 1041 2
16 1042 1
16 1043 1
16 1044 2
16 1045 1
16 1046 3
16 1047 1
16 1048 1
16 1049 1
16 1050 1
16 1051 1
16 1052 2
16 1053 1
16 1054 1
16 1055 1
16 1056 2
16 1057 1
16 1058 1
16 1059 3
16 1060 1
16 1061 1
16 1062 1
16 1063 1
16 1064 1
16 1065 1
16 1066 1
16 1067 2
16 1068 1
16 1069 1
16 1070 6
16 1071 1
16 1072 1
16 1073 2
16 1074 1
16 1075 1
16 1076 1
16 1077 2
16 1078 1
16 1079 1
16 1080 1
16 1081 1
16 1082 1
16 1083 2
16 1084 2
16 1085 1
16 1086 1
16 1087 1
16 1088 2
16 1089 1
16 1090 1
16 1091 2
16 1092 2
16 1093 2
16 1094 1
16 1095 3
16 1096 2
16 1097 1
16 1098 1
16 1099 1
16 1100 1
16 1101 1
16 1102 1
16 1103 1
16 1104 1
16 1105 1
16 1106 1
16 1107 2
16 1108 1
16 1109 1
16 1110 1
16 1111 1
16 1112 1
16 1113 1
16 1114 1
16 1115 1
16 1116 1
16 1117 1
16 1118 2
16 1119 1
16 1120 1
16 1121 1
16 1122 3
16 1123 1
16 1124 1
16 1125 2
16 1126 1
16 1127 1
16 1128 11
16 1129 3
16 1130 3
16 1131 47
16 1132 1
16 1133 3
16 1134 5
16 1135 1
16 1136 4
16 1137 1
16 1138 2
16 1139 3
16 1140 1
16 1141 1
16 1142 1
16 1143 3
16 1144 1
16 1145 1
16 1146 1
16 1147 4
16 1148 1
16 1149 1
16 1150 3
16 1151 2
16 1152 1
16 1153 1
16 1154 1
16 1155 1
16 1156 1
16 1157 1
16 1158 13
16 1159 3
16 1160 1
16 1161 1
16 1162 1
16 1163 1
16 1164 1
17 3 1
17 8 3
17 10 3
17 14 1
17 27 1
17 32 1
17 35 1
17 43 1
17 49 2
17 50 2
17 51 1
17 55 2
17 60 1
17 64 3
17 74 1
17 77 1
17 78 1
17 85 1
17 86 2
17 99 1
17 113 2
17 132 1
17 134 3
17 141 1
17 142 2
17 148 1
17 149 1
17 171 4
17 172 1
17 189 1
17 191 2
17 204 1
17 208 1
17 212 1
17 220 1
17 231 2
17 237 1
17 240 2
17 246 3
17 247 2
17 258 1
17 260 3
17 278 1
17 287 6
17 300 1
17 309 1
17 311 1
17 341 1
17 347 1
17 356 1
17 369 1
17 384 1
17 387 1
17 389 1
17 401 1
17 418 1
17 426 2
17 431 1
17 435 2
17 436 1
17 458 1
17 459 1
17 473 1
17 488 1
17 533 1
17 562 1
17 579 1
17 592 1
17 703 1
17 706 1
17 725 2
17 728 1
17 785 1
17 838 1
17 908 1
17 921 1
17 923 1
17 934 1
17 1054 1
17 1101 1
17 1106 1
17 1151 1
17 1165 1
17 1166 1
17 1167 1
17 1168 1
17 1169 1
17 1170 1
17 1171 1
17 1172 1
17 1173 1
17 1174 1
17 1175 1
17 1176 1
17 1177 11
17 1178 1
17 1179 1
17 1180 2
17 1181 1
17 1182 1
17 1183 1
17 1184 2
17 1185 1
18 3 4
18 10 2
18 14 7
18 15 3
18 16 2
18 32 2
18 34 1
18 48 2
18 53 2
18 60 1
18 63 1
18 68 1
18 75 1
18 78 1
18 102 6
18 105 1
18 115 1
18 126 1
18 137 1
18 143 1
18 148 1
18 172 1
18 173 1
18 182 4
18 184 1
18 188 1
18 191 2
18 201 1
18 237 1
18 275 2
18 279 1
18 294 12
18 300 2
18 322 1
18 325 1
18 335 1
18 341 1
18 387 1
18 435 1
18 447 1
18 459 1
18 488 1
18 515 1
18 527 1
18 528 2
18 542 1
18 627 1
18 666 1
18 668 1
18 725 1
18 745 1
18 769 1
18 813 1
18 818 1
18 855 1
18 887 1
18 908 1
18 924 2
18 1004 1
18 1054 1
18 1100 1
18 1101 1
18 1122 1
18 1131 1
18 1148 1
18 1158 1
18 1172 1
18 1186 3
18 1187 3
18 1188 1
18 1189 1
18 1190 1
18 1191 2
18 1192 1
18 1193 1
18 1194 1
18 1195 1
18 1196 1
18 1197 2
18 1198 1
18 1199 1
19 2 2
19 3 4
19 10 2
19 13 1
19 14 4
19 15 5
19 16 2
19 32 1
19 34 1
19 35 1
19 48 2
19 53 1
19 60 1
19 75 1
19 78 1
19 95 3
19 102 3
19 105 1
19 116 1
19 119 1
19 126 2
19 130 1
19 133 1
19 137 1
19 148 1
19 155 1
19 172 1
19 173 1
19 181 1
19 182 4
19 189 3
19 202 1
19 209 2
19 220 1
19 224 2
19 237 1
19 256 1
19 260 1
19 266 1
19 294 12
19 300 1
19 319 1
19 367 2
19 382 1
19 421 1
19 435 1
19 447 1
19 453 2
19 458 1
19 488 1
19 505 1
19 509 1
19 515 1
19 532 1
19 533 1
19 534 1
19 562 1
19 566 3
19 617 1
19 627 1
19 666 1
19 668 1
19 725 1
19 767 2
19 768 1
19 779 1
19 818 2
19 853 2
19 901 1
19 912 1
19 934 1
19 1054 1
19 1061 1
19 1100 1
19 1101 1
19 1122 2
19 1172 1
19 1186 1
19 1188 1
19 1190 1
19 1192 1
19 1199 1
19 1200 1
19 1201 2
19 1202 1
19 1203 1
19 1204 1
19 1205 1
19 1206 1
19 1207 1
20 2 1
20 10 1
20 14 4
20 15 2
20 19 1
20 32 1
20 35 5
20 54 1
20 57 1
20 64 1
20 72 1
20 77 1
20 84 8
20 85 1
20 99 1
20 112 2
20 115 1
20 139 3
20 142 3
20 143 2
20 146 1
20 148 1
20 149 1
20 171 6
20 172 11
20 175 2
20 177 1
20 178 3
20 181 2
20 193 1
20 200 1
20 208 1
20 212 2
20 218 2
20 230 1
20 237 1
20 238 1
20 240 1
20 244 1
20 247 1
20 250 1
20 255 1
20 258 1
20 260 1
20 266 1
20 269 1
20 270 1
20 274 1
20 287 6
20 291 1
20 292 1
20 312 2
20 314 1
20 317 1
20 341 1
20 353 1
20 359 1
20 366 1
20 369 1
20 387 1
20 388 1
20 426 1
20 435 1
20 438 2
20 453 1
20 460 1
20 491 1
20 504 1
20 515 1
20 576 1
20 590 2
20 617 1
20 666 1
20 692 1
20 703 1
20 717 1
20 800 1
20 805 2
20 807 1
20 815 1
20 838 1
20 840 1
20 873 2
20 953 1
20 1015 1
20 1046 1
20 1079 1
20 1087 1
20 1106 1
20 1123 2
20 1158 1
20 1171 1
20 1188 1
20 1205 2
20 1208 2
20 1209 1
20 1210 1
20 1211 1
20 1212 1
20 1213 1
20 1214 1
20 1215 1
20 1216 1
20 1217 1
20 1218 1
20 1219 1
20 1220 1
20 1221 1
20 1222 1
20 1223 1
20 1224 1
20 1225 2
20 1226 1
20 1227 1
20 1228 1
20 1229 1
20 1230 2
20 1231 1
20 1232 1
20 1233 1
20 1234 1
20 1235 1
20 1236 1
21 4 2
21 14 6
21 24 1
21 35 6
21 77 1
21 84 4
21 86 2
21 109 3
21 114 2
21 126 1
21 145 1
21 146 1
21 149 1
21 172 5
21 176 2
21 178 1
21 193 1
21 209 2
21 212 4
21 225 2
21 236 1
21 240 1
21 258 2
21 271 1
21 287 7
21 311 1
21 341 1
21 371 1
21 412 1
21 435 2
21 438 1
21 471 1
21 473 1
21 487 1
21 490 2
21 509 1
21 514 1
21 518 1
21 531 1
21 539 1
21 540 1
21 666 1
21 766 1
21 791 1
21 825 1
21 888 1
21 956 1
21 1004 1
21 1014 2
21 1059 1
21 1117 1
21 1181 1
21 1208 1
21 1221 1
21 1224 1
21 1226 1
21 1230 1
21 1234 1
21 1237 1
21 1238 1
21 1239 1
21 1240 1
21 1241 1
21 1242 1
21 1243 1
21 1244 1
21 1245 1
21 1246 1
21 1247 1
21 1248 1
21 1249 3
21 1250 1
21 1251 1
21 1252 1
21 1253 1
21 1254 1
21 1255 1
22 1 1
22 3 4
22 10 2
22 12 2
22 14 7
22 15 6
22 16 2
22 18 2
22 19 2
22 28 1
22 32 3
22 35 3
22 40 1
22 43 1
22 52 3
22 54 1
22 60 1
22 66 1
22 72 2
22 75 1
22 77 2
22 84 4
22 85 2
22 86 1
22 92 1
22 99 1
22 102 1
22 108 2
22 112 1
22 120 1
22 123 1
22 124 4
22 125 1
22 126 1
22 132 1
22 133 1
22 137 2
22 142 1
22 146 4
22 149 1
22 154 1
22 156 1
22 161 1
22 164 1
22 166 2
22 171 3
22 181 4
22 182 2
22 187 1
22 191 1
22 200 1
22 203 4
22 204 1
22 212 1
22 213 2
22 215 2
22 224 1
22 238 1
22 240 1
22 246 1
22 255 1
22 256 3
22 258 2
22 266 4
22 268 1
22 283 1
22 287 2
22 294 2
22 297 1
22 303 2
22 347 2
22 358 2
22 375 1
22 387 1
22 399 1
22 446 3
22 453 1
22 487 18
22 488 8
22 491 1
22 493 1
22 496 1
22 497 1
22 522 2
22 537 2
22 576 1
22 617 1
22 625 2
22 654 1
22 675 2
22 692 3
22 722 1
22 799 1
22 849 1
22 870 1
22 888 2
22 894 1
22 953 18
22 956 1
22 957 2
22 1004 6
22 1020 2
22 1133 2
22 1134 2
22 1137 1
22 1158 1
22 1173 6
22 1177 1
22 1200 1
22 1230 1
22 1256 1
22 1257 1
22 1258 1
22 1259 2
22 1260 1
22 1261 1
22 1262 1
22 1263 2
22 1264 7
22 1265 1
22 1266 1
22 1267 1
22 1268 2
22 1269 1
22 1270 1
22 1271 2
22 1272 1
22 1273 1
22 1274 1
22 1275 6
22 1276 1
22 1277 1
22 1278 1
22 1279 1
22 1280 1
22 1281 1
22 1282 1
23 2 2
23 3 1
23 10 7
23 13 1
23 14 8
23 15 1
23 18 1
23 19 1
23 25 1
23 35 6
23 40 1
23 48 5
23 50 2
23 52 1
23 54 2
23 56 2
23 57 2
23 60 2
23 74 2
23 85 8
23 86 1
23 95 2
23 106 1
23 112 1
23 116 1
23 119 1
23 123 1
23 124 1
23 126 2
23 127 2
23 137 1
23 140 3
23 141 5
23 142 1
23 143 1
23 148 2
23 152 1
23 158 1
23 160 1
23 166 1
23 168 1
23 170 1
23 171 2
23 172 2
23 174 6
23 175 6
23 177 4
23 180 11
23 181 7
23 182 2
23 184 3
23 189 5
23 191 3
23 193 2
23 200 1
23 201 1
23 202 1
23 203 1
23 204 1
23 212 1
23 220 1
23 231 4
23 233 1
23 244 3
23 246 1
23 250 4
23 254 2
23 260 1
23 270 5
23 278 1
23 287 6
23 291 1
23 292 1
23 295 1
23 297 2
23 300 4
23 314 2
23 319 1
23 327 9
23 341 1
23 343 2
23 350 1
23 351 1
23 352 5
23 356 5
23 369 2
23 383 1
23 396 1
23 399 1
23 400 10
23 403 1
23 405 1
23 412 14
23 418 1
23 421 3
23 426 1
23 430 2
23 434 1
23 435 1
23 436 4
23 446 1
23 448 1
23 450 1
23 452 1
23 458 1
23 466 1
23 473 1
23 474 2
23 475 1
23 476 1
23 477 1
23 486 3
23 488 1
23 504 1
23 509 2
23 521 1
23 561 2
23 562 3
23 596 1
23 627 1
23 630 3
23 699 1
23 710 1
23 715 2
23 717 1
23 726 7
23 728 7
23 733 1
23 753 1
23 768 1
23 771 4
23 778 3
23 785 1
23 790 1
23 799 1
23 800 1
23 825 1
23 834 1
23 838 1
23 849 1
23 884 1
23 890 1
23 914 2
23 925 1
23 1041 1
23 1045 6
23 1050 1
23 1056 1
23 1097 1
23 1130 2
23 1150 1
23 1175 1
23 1181 1
23 1201 1
23 1207 1
23 1211 1
23 1212 2
23 1266 1
23 1282 1
23 1283 1
23 1284 2
23 1285 1
23 1286 1
23 1287 1
23 1288 1
23 1289 1
23 1290 1
23 1291 1
23 1292 1
23 1293 3
23 1294 3
23 1295 1
23 1296 1
23 1297 1
23 1298 2
23 1299 1
23 1300 1
23 1301 2
23 1302 2
23 1303 1
23 1304 1
23 1305 2
23 1306 1
23 1307 1
23 1308 1
23 1309 2
23 1310 1
23 1311 1
23 1312 1
23 1313 1
23 1314 1
23 1315 1
23 1316 1
23 1317 1
23 1318 1
23 1319 1
23 1320 2
23 1321 1
23 1322 1
24 2 1
24 3 4
24 7 2
24 10 3
24 14 6
24 15 2
24 16 1
24 26 1
24 28 2
24 32 4
24 35 2
24 37 1
24 40 2
24 43 1
24 49 6
24 50 2
24 51 1
24 53 5
24 54 3
24 55 1
24 56 1
24 64 4
24 66 1
24 72 2
24 77 6
24 84 3
24 86 2
24 91 1
24 97 1
24 102 1
24 106 1
24 108 3
24 109 1
24 120 1
24 134 10
24 136 1
24 142 1
24 146 8
24 148 1
24 149 1
24 156 2
24 158 1
24 161 1
24 166 1
24 171 11
24 172 4
24 174 2
24 175 1
24 178 1
24 181 2
24 182 1
24 185 1
24 189 1
24 191 3
24 200 1
24 204 1
24 208 2
24 215 2
24 218 2
24 222 1
24 223 1
24 240 5
24 247 1
24 249 1
24 258 1
24 282 2
24 287 9
24 299 1
24 317 4
24 319 1
24 324 1
24 335 1
24 343 3
24 353 1
24 367 1
24 381 2
24 383 1
24 426 1
24 431 1
24 458 1
24 488 1
24 491 2
24 498 1
24 509 1
24 553 1
24 562 1
24 579 1
24 648 1
24 667 2
24 703 1
24 706 1
24 717 1
24 722 2
24 749 1
24 763 1
24 771 1
24 782 1
24 789 1
24 825 1
24 873 1
24 886 1
24 892 1
24 897 1
24 959 1
24 976 1
24 999 1
24 1015 1
24 1083 1
24 1084 1
24 1097 3
24 1135 1
24 1137 1
24 1150 5
24 1151 2
24 1156 1
24 1168 1
24 1172 1
24 1177 23
24 1180 1
24 1230 1
24 1237 1
24 1258 1
24 1323 2
24 1324 1
24 1325 1
24 1326 1
24 1327 1
24 1328 1
24 1329 1
24 1330 1
24 1331 1
24 1332 2
24 1333 1
24 1334 1
24 1335 1
24 1336 1
24 1337 4
24 1338 2
24 1339 2
24 1340 1
24 1341 10
24 1342 1
24 1343 2
24 1344 1
24 1345 2
24 1346 1
24 1347 1
24 1348 3
24 1349 1
24 1350 1
24 1351 1
24 1352 3
24 1353 1
24 1354 1
24 1355 2
24 1356 1
24 1357 1
25 1 1
25 2 5
25 3 12
25 4 2
25 7 2
25 14 3
25 15 2
25 18 1
25 27 1
25 28 1
25 32 5
25 35 1
25 50 1
25 53 2
25 55 2
25 64 3
25 66 1
25 72 3
25 77 5
25 84 3
25 86 1
25 91 2
25 102 3
25 109 1
25 111 1
25 112 1
25 127 1
25 133 8
25 137 1
25 140 1
25 142 3
25 143 6
25 146 6
25 149 3
25 156 2
25 168 1
25 171 1
25 172 4
25 178 1
25 182 7
25 191 1
25 192 1
25 200 1
25 204 1
25 205 1
25 212 2
25 222 2
25 224 1
25 234 1
25 240 1
25 249 1
25 256 6
25 258 1
25 275 5
25 287 4
25 321 1
25 330 1
25 337 4
25 380 1
25 383 1
25 389 1
25 435 1
25 437 2
25 473 1
25 478 9
25 483 1
25 491 1
25 498 1
25 532 1
25 542 1
25 553 1
25 554 1
25 650 1
25 666 1
25 671 1
25 674 2
25 790 1
25 825 2
25 1006 1
25 1054 1
25 1057 1
25 1101 1
25 1106 2
25 1186 1
25 1200 1
25 1258 2
25 1324 1
25 1325 3
25 1344 1
25 1345 3
25 1358 1
25 1359 1
25 1360 1
25 1361 1
25 1362 1
25 1363 1
25 1364 1
25 1365 1
25 1366 1
25 1367 1
25 1368 1
25 1369 1
26 1 1
26 2 1
26 3 1
26 10 5
26 11 1
26 14 7
26 28 1
26 35 4
26 51 1
26 63 2
26 64 1
26 72 2
26 76 2
26 77 4
26 85 2
26 90 1
26 91 1
26 102 1
26 112 2
26 113 3
26 118 1
26 127 1
26 130 1
26 136 1
26 137 2
26 146 2
26 171 1
26 172 1
26 181 4
26 193 1
26 196 1
26 198 17
26 203 3
26 204 2
26 206 2
26 209 2
26 212 1
26 222 2
26 236 1
26 237 2
26 240 1
26 246 1
26 247 5
26 249 3
26 250 2
26 255 1
26 257 1
26 258 3
26 260 2
26 276 2
26 282 2
26 287 2
26 289 1
26 297 1
26 303 1
26 308 1
26 309 1
26 328 1
26 336 1
26 342 1
26 344 2
26 353 2
26 355 1
26 357 1
26 358 2
26 367 1
26 373 1
26 375 1
26 377 1
26 385 1
26 402 2
26 424 2
26 453 1
26 515 1
26 590 2
26 617 1
26 667 1
26 688 1
26 708 1
26 790 2
26 792 2
26 850 1
26 890 1
26 923 1
26 929 1
26 1004 1
26 1010 1
26 1016 1
26 1054 1
26 1101 1
26 1103 1
26 1144 1
26 1209 1
26 1279 1
26 1330 1
26 1352 2
26 1370 1
26 1371 1
26 1372 1
26 1373 1
26 1374 1
26 1375 1
26 1376 1
26 1377 1
26 1378 1
26 1379 1
26 1380 1
26 1381 1
26 1382 1
26 1383 1
26 1384 1
26 1385 1
27 2 1
27 3 1
27 10 9
27 14 1
27 15 1
27 27 3
27 35 4
27 42 1
27 50 1
27 53 1
27 63 1
27 108 1
27 119 1
27 142 1
27 143 10
27 154 2
27 172 1
27 178 1
27 181 1
27 182 2
27 184 1
27 201 1
27 219 1
27 246 3
27 247 1
27 250 1
27 260 1
27 264 10
27 275 2
27 287 3
27 308 1
27 339 1
27 344 1
27 349 1
27 382 3
27 389 1
27 435 1
27 651 1
27 694 1
27 742 3
27 823 1
27 863 1
27 886 1
27 888 1
27 1054 1
27 1101 1
27 1187 1
27 1225 1
27 1283 1
27 1337 2
27 1376 1
27 1386 1
27 1387 1
27 1388 1
27 1389 1
27 1390 1
27 1391 1
27 1392 1
27 1393 1
27 1394 2
27 1395 1
27 1396 3
27 1397 1
27 1398 5
27 1399 1
28 3 1
28 14 10
28 19 1
28 24 1
28 27 1
28 41 1
28 48 4
28 55 1
28 58 1
28 72 1
28 75 1
28 77 2
28 91 1
28 105 3
28 109 3
28 112 1
28 113 3
28 119 1
28 138 1
28 141 6
28 143 5
28 146 1
28 161 1
28 162 1
28 171 1
28 172 9
28 173 3
28 176 1
28 178 1
28 182 1
28 188 1
28 201 1
28 238 1
28 247 1
28 253 1
28 257 1
28 276 2
28 282 1
28 287 2
28 308 1
28 315 1
28 338 1
28 341 4
28 349 1
28 379 2
28 386 1
28 435 1
28 457 2
28 458 1
28 498 1
28 505 2
28 536 1
28 590 1
28 627 3
28 666 1
28 686 1
28 688 3
28 690 1
28 790 1
28 799 1
28 839 1
28 886 1
28 899 1
28 906 1
28 907 1
28 912 1
28 920 1
28 924 1
28 1073 1
28 1078 1
28 1084 1
28 1095 1
28 1126 1
28 1188 2
28 1206 1
28 1226 1
28 1244 1
28 1325 1
28 1352 1
28 1371 2
28 1400 1
28 1401 2
28 1402 1
28 1403 2
28 1404 2
28 1405 1
28 1406 1
28 1407 1
28 1408 1
28 1409 3
28 1410 2
28 1411 1
28 1412 1
28 1413 1
28 1414 1
28 1415 2
28 1416 1
28 1417 1
28 1418 1
28 1419 1
29 1 1
29 2 7
29 3 9
29 8 2
29 10 5
29 13 1
29 14 7
29 15 14
29 21 1
29 26 1
29 28 3
29 29 2
29 32 3
29 35 6
29 40 1
29 41 1
29 42 1
29 48 1
29 50 3
29 51 1
29 53 1
29 55 1
29 60 1
29 63 2
29 68 1
29 70 1
29 72 2
29 74 1
29 76 1
29 77 4
29 79 2
29 84 2
29 85 5
29 86 1
29 91 1
29 94 2
29 96 1
29 102 5
29 105 3
29 106 1
29 112 4
29 115 1
29 116 1
29 119 1
29 127 2
29 128 1
29 133 4
29 137 3
29 141 4
29 143 2
29 145 1
29 146 6
29 148 3
29 149 1
29 152 1
29 156 2
29 158 2
29 162 1
29 164 1
29 171 4
29 172 6
29 173 2
29 174 1
29 178 1
29 181 7
29 182 4
29 186 1
29 189 3
29 191 1
29 203 1
29 204 3
29 209 5
29 212 2
29 219 1
29 220 3
29 222 2
29 224 2
29 228 4
29 230 1
29 234 5
29 236 2
29 244 2
29 246 1
29 247 1
29 249 2
29 253 1
29 254 1
29 257 5
29 258 5
29 260 1
29 262 2
29 273 1
29 276 2
29 278 1
29 283 1
29 287 1
29 294 2
29 300 4
29 304 1
29 310 1
29 312 6
29 318 1
29 327 1
29 344 1
29 352 1
29 353 1
29 356 2
29 358 1
29 364 1
29 369 3
29 383 2
29 386 1
29 396 1
29 400 3
29 405 2
29 408 8
29 412 1
29 416 19
29 426 1
29 431 1
29 435 1
29 436 1
29 442 1
29 447 4
29 452 3
29 453 1
29 456 2
29 474 1
29 478 3
29 488 2
29 490 2
29 491 1
29 498 2
29 504 1
29 518 2
29 521 1
29 553 1
29 576 3
29 594 1
29 627 1
29 642 1
29 665 1
29 672 1
29 693 1
29 703 1
29 705 2
29 715 3
29 717 2
29 722 1
29 724 1
29 735 1
29 736 1
29 747 3
29 766 1
29 792 1
29 799 1
29 801 1
29 805 1
29 813 1
29 828 1
29 833 1
29 878 1
29 884 1
29 897 1
29 900 1
29 908 6
29 914 1
29 934 2
29 940 1
29 943 1
29 1010 3
29 1016 1
29 1083 1
29 1106 2
29 1137 1
29 1151 2
29 1170 1
29 1175 1
29 1177 2
29 1205 8
29 1206 1
29 1229 1
29 1283 1
29 1284 1
29 1293 3
29 1307 3
29 1314 1
29 1315 1
29 1321 1
29 1325 1
29 1360 1
29 1371 2
29 1400 1
29 1420 1
29 1421 1
29 1422 1
29 1423 1
29 1424 1
29 1425 5
29 1426 1
29 1427 1
29 1428 1
29 1429 1
29 1430 1
29 1431 1
29 1432 3
29 1433 1
29 1434 1
29 1435 1
29 1436 1
29 1437 1
29 1438 1
29 1439 1
29 1440 1
29 1441 1
29 1442 1
29 1443 1
29 1444 1
29 1445 1
29 1446 1
29 1447 1
29 1448 1
29 1449 1
29 1450 1
29 1451 1
30 1 1
30 2 1
30 3 10
30 5 4
30 7 1
30 10 6
30 12 1
30 14 4
30 15 2
30 25 1
30 28 1
30 32 2
30 35 4
30 40 3
30 41 2
30 43 7
30 48 2
30 52 1
30 53 3
30 54 4
30 56 3
30 57 1
30 65 1
30 72 2
30 74 2
30 75 1
30 77 1
30 84 1
30 86 1
30 91 4
30 96 8
30 105 10
30 106 1
30 112 1
30 115 1
30 124 1
30 129 1
30 132 1
30 133 1
30 136 1
30 137 1
30 141 21
30 146 1
30 149 2
30 155 1
30 156 2
30 161 1
30 166 2
30 172 7
30 173 1
30 174 14
30 175 1
30 177 3
30 178 4
30 180 5
30 181 8
30 182 2
30 186 2
30 189 3
30 191 4
30 193 6
30 200 1
30 201 2
30 208 1
30 209 12
30 211 1
30 212 2
30 214 1
30 218 3
30 220 3
30 233 2
30 249 1
30 250 1
30 255 1
30 258 3
30 260 1
30 266 2
30 267 1
30 274 1
30 281 1
30 283 2
30 284 1
30 287 7
30 297 3
30 300 6
30 324 2
30 337 1
30 341 1
30 343 1
30 358 1
30 366 1
30 369 11
30 382 1
30 389 1
30 405 1
30 408 45
30 410 1
30 416 20
30 418 1
30 425 2
30 426 2
30 431 3
30 434 3
30 435 1
30 436 4
30 443 1
30 453 2
30 458 2
30 460 2
30 476 1
30 478 1
30 480 1
30 486 3
30 488 1
30 491 1
30 505 1
30 509 1
30 522 1
30 562 1
30 584 1
30 588 1
30 621 4
30 650 3
30 660 4
30 667 1
30 678 1
30 692 3
30 701 2
30 705 1
30 742 2
30 743 1
30 792 3
30 799 3
30 800 1
30 805 1
30 829 1
30 870 2
30 873 3
30 878 1
30 884 4
30 890 1
30 895 1
30 897 6
30 914 1
30 918 1
30 952 1
30 953 3
30 958 1
30 1050 2
30 1078 1
30 1092 1
30 1096 2
30 1150 1
30 1205 2
30 1261 1
30 1287 2
30 1313 1
30 1314 2
30 1322 2
30 1325 2
30 1343 1
30 1446 1
30 1447 1
30 1452 2
30 1453 5
30 1454 2
30 1455 2
30 1456 1
30 1457 1
30 1458 1
30 1459 1
30 1460 5
30 1461 4
30 1462 1
30 1463 1
30 1464 1
30 1465 1
30 1466 1
30 1467 1
30 1468 4
30 1469 1
30 1470 1
30 1471 2
30 1472 1
30 1473 1
30 1474 1
30 1475 1
30 1476 1
30 1477 2
30 1478 1
30 1479 1
30 1480 1
30 1481 1
31 2 1
31 10 6
31 13 1
31 14 2
31 15 3
31 42 1
31 50 1
31 106 1
31 111 1
31 113 4
31 142 1
31 143 1
31 164 1
31 172 2
31 178 1
31 200 1
31 201 1
31 202 1
31 220 1
31 238 1
31 246 1
31 260 2
31 279 6
31 349 1
31 358 1
31 402 1
31 405 1
31 435 1
31 480 2
31 481 1
31 521 1
31 533 1
31 667 1
31 703 1
31 799 1
31 863 1
31 878 3
31 900 2
31 1106 1
31 1158 4
31 1266 1
31 1270 9
31 1301 1
31 1381 3
31 1482 2
31 1483 1
31 1484 2
32 3 2
32 10 4
32 14 4
32 15 1
32 35 1
32 50 1
32 51 1
32 111 1
32 126 1
32 142 1
32 143 1
32 172 2
32 178 1
32 181 1
32 192 1
32 236 1
32 247 1
32 250 1
32 260 2
32 266 1
32 279 2
32 287 1
32 308 1
32 332 1
32 339 1
32 344 1
32 399 1
32 435 1
32 521 1
32 600 1
32 809 1
32 1054 1
32 1101 1
32 1158 2
32 1267 1
32 1270 2
32 1384 1
32 1485 1
32 1486 6
33 3 4
33 4 2
33 10 3
33 11 1
33 13 1
33 14 4
33 15 8
33 28 3
33 32 6
33 35 3
33 37 2
33 40 2
33 42 1
33 45 1
33 48 3
33 51 2
33 52 1
33 53 1
33 54 1
33 57 1
33 58 3
33 63 1
33 72 3
33 73 2
33 75 3
33 77 5
33 84 1
33 85 4
33 91 1
33 99 1
33 102 3
33 105 3
33 106 1
33 112 1
33 118 1
33 119 1
33 132 1
33 133 2
33 136 2
33 137 2
33 138 1
33 142 2
33 143 1
33 145 1
33 146 9
33 152 6
33 153 1
33 156 2
33 158 3
33 161 1
33 166 1
33 168 1
33 171 5
33 172 4
33 173 3
33 174 1
33 177 3
33 181 4
33 182 6
33 184 1
33 187 1
33 189 1
33 191 1
33 192 1
33 193 1
33 201 2
33 203 1
33 204 6
33 205 1
33 208 1
33 212 2
33 216 15
33 220 1
33 222 2
33 224 2
33 233 1
33 234 1
33 235 1
33 244 3
33 246 1
33 247 1
33 249 2
33 256 1
33 258 4
33 266 2
33 271 1
33 272 1
33 276 1
33 278 1
33 279 4
33 281 2
33 284 2
33 285 1
33 286 1
33 287 1
33 291 1
33 294 2
33 295 1
33 297 2
33 300 1
33 313 1
33 319 1
33 324 1
33 335 1
33 339 1
33 340 3
33 341 1
33 349 1
33 356 3
33 369 1
33 405 1
33 413 1
33 416 6
33 424 1
33 426 2
33 431 1
33 447 1
33 448 1
33 454 1
33 460 1
33 488 1
33 491 1
33 505 1
33 507 1
33 522 1
33 542 1
33 553 1
33 588 1
33 594 1
33 706 1
33 714 1
33 747 1
33 753 1
33 758 1
33 800 2
33 807 1
33 814 1
33 823 1
33 849 1
33 861 1
33 863 1
33 888 1
33 900 1
33 912 1
33 929 2
33 1004 1
33 1017 1
33 1083 1
33 1097 1
33 1144 1
33 1158 1
33 1166 1
33 1181 1
33 1186 1
33 1195 1
33 1205 3
33 1211 1
33 1224 1
33 1284 2
33 1305 1
33 1315 1
33 1324 1
33 1325 1
33 1350 1
33 1439 1
33 1457 1
33 1487 1
33 1488 1
33 1489 1
33 1490 1
33 1491 1
33 1492 1
33 1493 1
33 1494 1
33 1495 3
33 1496 3
33 1497 1
33 1498 1
33 1499 1
33 1500 2
33 1501 1
33 1502 1
33 1503 1
33 1504 1
33 1505 1
33 1506 1
33 1507 3
33 1508 1
33 1509 1
33 1510 1
33 1511 1
33 1512 1
33 1513 1
34 2 1
34 4 1
34 10 1
34 12 1
34 13 1
34 14 8
34 15 2
34 19 1
34 27 1
34 32 2
34 39 1
34 48 2
34 50 1
34 75 1
34 77 1
34 85 2
34 105 2
34 108 1
34 111 1
34 112 1
34 113 2
34 119 1
34 141 9
34 142 1
34 143 14
34 146 1
34 153 1
34 171 1
34 172 9
34 173 2
34 178 1
34 181 2
34 182 2
34 191 1
34 193 1
34 201 3
34 219 1
34 221 5
34 238 2
34 244 1
34 246 1
34 250 1
34 255 1
34 278 1
34 279 2
34 287 3
34 289 3
34 308 1
34 315 1
34 336 1
34 341 1
34 344 1
34 379 1
34 382 2
34 386 1
34 402 2
34 426 1
34 435 2
34 481 1
34 521 1
34 533 1
34 534 2
34 627 7
34 651 1
34 658 2
34 686 1
34 688 2
34 696 1
34 697 1
34 712 1
34 785 3
34 790 1
34 863 2
34 899 1
34 912 2
34 921 1
34 938 1
34 1047 1
34 1077 1
34 1078 1
34 1121 1
34 1128 1
34 1139 1
34 1158 1
34 1189 1
34 1226 1
34 1266 1
34 1267 1
34 1270 1
34 1283 1
34 1353 1
34 1371 2
34 1401 9
34 1403 1
34 1404 2
34 1405 1
34 1409 1
34 1410 1
34 1411 1
34 1413 1
34 1415 2
34 1418 1
34 1514 1
34 1515 1
34 1516 1
34 1517 1
34 1518 1
34 1519 1
34 1520 1
34 1521 1
34 1522 1
34 1523 1
34 1524 1
35 2 1
35 14 8
35 19 1
35 27 1
35 32 1
35 48 2
35 50 1
35 56 1
35 60 1
35 63 2
35 75 1
35 77 2
35 78 1
35 90 1
35 98 1
35 105 2
35 108 1
35 111 1
35 112 1
35 113 1
35 116 1
35 127 1
35 141 3
35 142 2
35 143 17
35 146 1
35 171 1
35 172 10
35 173 2
35 178 1
35 181 1
35 188 1
35 191 2
35 194 1
35 203 1
35 215 1
35 237 1
35 238 2
35 240 1
35 243 1
35 250 1
35 260 1
35 267 2
35 274 2
35 276 2
35 287 6
35 289 4
35 341 1
35 344 6
35 349 1
35 352 1
35 359 1
35 379 1
35 380 1
35 382 1
35 383 2
35 386 1
35 413 1
35 426 1
35 435 2
35 472 1
35 473 1
35 498 1
35 509 2
35 521 1
35 553 2
35 561 1
35 572 1
35 627 2
35 630 1
35 666 2
35 667 1
35 690 1
35 735 1
35 746 4
35 790 1
35 828 1
35 863 1
35 906 1
35 912 1
35 924 1
35 1006 1
35 1135 1
35 1139 1
35 1149 1
35 1182 1
35 1213 1
35 1226 1
35 1230 1
35 1244 11
35 1345 2
35 1352 1
35 1371 2
35 1386 1
35 1401 4
35 1404 2
35 1405 2
35 1409 2
35 1411 4
35 1414 1
35 1415 2
35 1426 1
35 1518 1
35 1525 2
35 1526 1
35 1527 1
35 1528 1
35 1529 2
35 1530 1
35 1531 1
35 1532 2
35 1533 1
35 1534 1
35 1535 1
35 1536 1
35 1537 1
35 1538 1
35 1539 1
35 1540 1
35 1541 1
35 1542 1
35 1543 1
35 1544 1
35 1545 1
35 1546 1
35 1547 1
36 1 1
36 2 6
36 3 4
36 6 2
36 10 17
36 13 1
36 14 7
36 15 19
36 18 2
36 26 1
36 28 1
36 32 3
36 35 3
36 40 2
36 48 1
36 50 1
36 51 1
36 52 1
36 53 1
36 54 2
36 55 2
36 66 1
36 68 1
36 70 1
36 72 2
36 75 1
36 76 4
36 77 8
36 84 5
36 85 3
36 86 2
36 91 1
36 95 8
36 99 1
36 102 1
36 105 5
36 106 1
36 108 1
36 111 1
36 112 2
36 118 2
36 127 3
36 128 4
36 132 1
36 133 1
36 142 1
36 143 1
36 145 1
36 146 12
36 149 4
36 156 2
36 166 1
36 171 1
36 172 16
36 173 1
36 174 7
36 175 1
36 177 2
36 178 1
36 181 4
36 182 4
36 185 1
36 191 1
36 192 1
36 200 1
36 201 3
36 202 4
36 204 1
36 205 1
36 212 3
36 215 1
36 220 1
36 222 2
36 232 1
36 238 1
36 249 3
36 257 3
36 258 1
36 260 1
36 262 3
36 276 1
36 284 8
36 291 1
36 294 1
36 311 1
36 312 1
36 339 1
36 341 2
36 349 4
36 352 1
36 356 1
36 358 1
36 405 15
36 408 4
36 416 36
36 418 1
36 426 1
36 428 1
36 433 1
36 438 1
36 442 1
36 445 1
36 470 1
36 484 1
36 491 1
36 504 1
36 505 1
36 506 1
36 509 1
36 518 2
36 533 1
36 536 2
36 553 1
36 557 1
36 576 1
36 578 5
36 648 1
36 686 1
36 692 2
36 696 1
36 705 2
36 790 1
36 825 1
36 828 1
36 884 1
36 888 2
36 904 3
36 908 1
36 913 1
36 921 1
36 925 1
36 958 1
36 996 1
36 1010 1
36 1038 1
36 1062 1
36 1064 1
36 1098 1
36 1106 1
36 1117 1
36 1181 1
36 1230 1
36 1253 1
36 1255 1
36 1258 1
36 1310 1
36 1324 1
36 1340 1
36 1373 1
36 1424 1
36 1434 1
36 1438 1
36 1446 1
36 1451 1
36 1467 1
36 1485 1
36 1518 6
36 1533 1
36 1548 1
36 1549 1
36 1550 1
36 1551 1
36 1552 1
36 1553 1
36 1554 1
36 1555 1
36 1556 2
36 1557 1
36 1558 1
36 1559 1
36 1560 1
36 1561 1
36 1562 1
36 1563 3
36 1564 4
36 1565 3
36 1566 1
36 1567 1
36 1568 1
36 1569 1
36 1570 1
36 1571 1
36 1572 1
36 1573 1
36 1574 1
36 1575 4
36 1576 14
36 1577 1
36 1578 1
36 1579 1
36 1580 1
36 1581 1
37 1 1
37 2 1
37 8 1
37 10 3
37 14 3
37 15 5
37 32 1
37 43 1
37 50 1
37 63 1
37 64 2
37 84 2
37 88 2
37 106 1
37 111 1
37 134 1
37 141 1
37 142 1
37 143 1
37 149 1
37 164 1
37 172 6
37 177 1
37 178 1
37 188 1
37 193 2
37 200 1
37 201 1
37 203 1
37 204 1
37 219 1
37 220 1
37 312 1
37 410 1
37 431 1
37 435 1
37 436 1
37 438 1
37 439 1
37 443 7
37 453 1
37 460 2
37 480 1
37 491 1
37 630 1
37 650 1
37 660 2
37 666 1
37 819 1
37 873 1
37 876 1
37 892 3
37 908 1
37 921 1
37 931 5
37 1015 1
37 1041 1
37 1087 1
37 1151 1
37 1181 1
37 1186 1
37 1227 1
37 1230 1
37 1582 1
37 1583 1
37 1584 1
37 1585 1
37 1586 1
38 1 1
38 3 1
38 10 4
38 14 3
38 15 3
38 35 1
38 50 1
38 84 2
38 85 1
38 95 1
38 105 1
38 106 1
38 111 1
38 126 1
38 138 1
38 142 2
38 143 1
38 155 2
38 162 1
38 164 1
38 172 2
38 173 1
38 178 1
38 181 1
38 182 4
38 189 2
38 191 2
38 200 1
38 204 2
38 209 4
38 220 1
38 230 3
38 231 3
38 246 1
38 260 1
38 264 1
38 266 1
38 285 1
38 287 1
38 343 1
38 358 1
38 366 3
38 386 1
38 389 1
38 400 2
38 423 6
38 435 1
38 460 2
38 480 2
38 481 1
38 517 4
38 533 1
38 594 1
38 650 1
38 675 4
38 706 2
38 710 1
38 719 5
38 732 1
38 828 2
38 863 1
38 874 1
38 890 1
38 918 1
38 953 7
38 1014 2
38 1444 1
38 1587 3
38 1588 1
38 1589 1
38 1590 6
38 1591 1
38 1592 2
38 1593 1
38 1594 1
39 3 2
39 10 6
39 13 1
39 14 4
39 19 1
39 30 1
39 40 2
39 43 1
39 48 2
39 50 1
39 51 1
39 52 1
39 53 3
39 54 1
39 63 4
39 66 1
39 72 3
39 76 1
39 77 5
39 85 10
39 87 1
39 91 1
39 95 1
39 96 1
39 102 1
39 105 1
39 106 1
39 111 1
39 112 1
39 113 1
39 119 1
39 123 2
39 132 1
39 142 2
39 143 1
39 146 5
39 155 1
39 156 2
39 164 1
39 166 2
39 170 1
39 172 2
39 173 1
39 174 4
39 177 1
39 178 1
39 181 3
39 182 8
39 185 1
39 189 1
39 191 1
39 192 2
39 193 1
39 200 1
39 201 1
39 204 1
39 205 1
39 208 1
39 209 1
39 212 2
39 215 3
39 220 1
39 222 2
39 230 2
39 231 6
39 232 1
39 234 1
39 237 1
39 240 1
39 242 1
39 246 2
39 249 1
39 253 1
39 257 2
39 258 4
39 260 3
39 266 1
39 269 1
39 270 8
39 277 2
39 278 1
39 279 2
39 282 2
39 284 6
39 285 1
39 286 1
39 287 6
39 308 1
39 327 1
39 335 1
39 339 3
39 344 6
39 352 1
39 356 1
39 358 1
39 366 1
39 374 1
39 387 1
39 399 1
39 400 3
39 403 4
39 408 1
39 416 3
39 426 1
39 430 1
39 433 1
39 446 1
39 468 1
39 491 1
39 505 1
39 509 1
39 533 2
39 635 2
39 650 1
39 673 1
39 675 1
39 688 1
39 693 1
39 701 1
39 708 2
39 715 1
39 717 3
39 722 1
39 800 1
39 814 1
39 825 1
39 844 2
39 881 1
39 900 1
39 934 1
39 953 1
39 967 1
39 985 1
39 1010 1
39 1050 1
39 1083 1
39 1121 1
39 1158 1
39 1180 1
39 1205 1
39 1266 4
39 1283 1
39 1288 1
39 1301 1
39 1324 1
39 1591 1
39 1595 1
39 1596 1
39 1597 1
39 1598 2
39 1599 9
39 1600 8
39 1601 1
39 1602 1
39 1603 1
39 1604 1
39 1605 2
39 1606 2
39 1607 1
39 1608 1
39 1609 1
39 1610 1
40 3 1
40 10 8
40 14 4
40 15 7
40 18 2
40 19 1
40 32 1
40 40 1
40 48 2
40 52 2
40 53 1
40 54 1
40 66 1
40 72 2
40 74 1
40 77 6
40 84 7
40 85 12
40 87 1
40 91 1
40 95 1
40 97 2
40 102 1
40 105 2
40 106 1
40 108 1
40 109 1
40 112 1
40 123 3
40 124 1
40 132 2
40 136 1
40 139 14
40 145 1
40 146 10
40 148 1
40 149 1
40 154 1
40 155 1
40 156 1
40 160 2
40 164 1
40 166 2
40 170 1
40 171 1
40 172 2
40 173 1
40 174 6
40 175 4
40 177 1
40 181 3
40 182 9
40 189 4
40 191 1
40 192 1
40 193 1
40 200 1
40 201 1
40 204 3
40 205 1
40 209 1
40 211 1
40 212 2
40 215 2
40 218 4
40 220 2
40 222 2
40 223 1
40 225 1
40 230 4
40 231 10
40 232 2
40 246 2
40 249 6
40 253 1
40 254 2
40 258 1
40 270 3
40 276 1
40 278 1
40 282 2
40 283 1
40 294 3
40 319 1
40 327 1
40 335 1
40 347 1
40 352 1
40 356 3
40 358 1
40 366 2
40 369 1
40 386 1
40 389 2
40 400 4
40 403 3
40 405 2
40 421 1
40 423 2
40 433 1
40 435 1
40 450 2
40 465 1
40 468 1
40 480 2
40 486 1
40 488 1
40 490 1
40 504 1
40 505 1
40 531 1
40 533 1
40 551 1
40 562 1
40 635 1
40 675 3
40 706 1
40 708 1
40 715 2
40 717 1
40 722 1
40 724 1
40 747 1
40 812 1
40 814 1
40 817 1
40 838 1
40 841 1
40 881 1
40 888 1
40 892 2
40 895 2
40 915 3
40 953 1
40 1027 1
40 1062 1
40 1082 1
40 1083 1
40 1106 3
40 1158 1
40 1183 1
40 1215 1
40 1225 1
40 1230 1
40 1283 1
40 1301 1
40 1324 1
40 1404 1
40 1426 1
40 1464 1
40 1548 1
40 1591 1
40 1602 1
40 1608 1
40 1609 1
40 1611 1
40 1612 1
40 1613 1
40 1614 1
40 1615 1
40 1616 2
40 1617 2
40 1618 1
40 1619 27
40 1620 1
40 1621 1
40 1622 1
40 1623 1
40 1624 2
40 1625 1
40 1626 2
41 1 1
41 2 1
41 10 3
41 14 3
41 15 1
41 27 3
41 35 3
41 42 1
41 50 1
41 74 3
41 76 1
41 77 1
41 78 1
41 85 5
41 105 1
41 111 1
41 112 1
41 123 13
41 139 1
41 141 2
41 142 1
41 143 1
41 146 1
41 148 1
41 152 1
41 160 2
41 172 4
41 178 1
41 181 3
41 182 5
41 209 1
41 220 3
41 228 1
41 230 1
41 231 2
41 234 2
41 246 1
41 249 3
41 255 1
41 270 4
41 277 1
41 278 1
41 282 1
41 284 1
41 291 1
41 322 1
41 340 2
41 356 2
41 358 3
41 369 1
41 379 1
41 400 4
41 412 6
41 421 2
41 435 2
41 480 2
41 499 1
41 635 4
41 706 2
41 710 1
41 728 1
41 828 1
41 874 2
41 888 1
41 915 2
41 953 1
41 1004 1
41 1136 1
41 1158 3
41 1173 1
41 1181 1
41 1198 2
41 1230 1
41 1283 1
41 1309 1
41 1444 2
41 1559 1
41 1591 1
41 1592 1
41 1623 1
41 1627 2
41 1628 1
41 1629 1
41 1630 1
41 1631 2
41 1632 1
41 1633 1
41 1634 1
42 10 7
42 14 2
42 32 3
42 42 1
42 50 1
42 72 1
42 76 1
42 84 1
42 85 2
42 88 3
42 90 1
42 93 1
42 105 2
42 106 1
42 111 1
42 123 3
42 142 1
42 143 1
42 149 1
42 160 1
42 164 1
42 172 5
42 178 1
42 181 1
42 182 3
42 191 1
42 200 1
42 201 1
42 219 2
42 220 1
42 228 1
42 231 1
42 237 1
42 241 2
42 244 1
42 258 1
42 260 1
42 270 2
42 287 5
42 336 1
42 356 1
42 360 1
42 366 1
42 380 1
42 383 2
42 400 1
42 401 1
42 405 1
42 412 1
42 426 1
42 436 7
42 448 1
42 451 1
42 521 1
42 533 1
42 675 3
42 680 2
42 706 2
42 728 1
42 873 1
42 915 1
42 956 1
42 1158 1
42 1180 1
42 1255 1
42 1283 1
42 1302 1
42 1432 1
42 1489 5
42 1591 1
42 1635 4
43 2 1
43 3 8
43 10 10
43 13 1
43 14 1
43 15 12
43 19 2
43 23 1
43 28 2
43 35 1
43 40 2
43 50 3
43 51 1
43 52 1
43 53 2
43 54 2
43 57 1
43 60 3
43 72 3
43 74 2
43 76 3
43 77 5
43 85 13
43 86 1
43 91 1
43 95 6
43 96 1
43 102 1
43 105 1
43 106 1
43 112 3
43 115 1
43 119 2
43 123 5
43 124 1
43 127 1
43 128 1
43 132 1
43 140 4
43 141 1
43 143 1
43 146 7
43 155 1
43 156 2
43 160 4
43 166 2
43 170 1
43 171 2
43 172 5
43 174 7
43 175 5
43 177 1
43 178 2
43 180 5
43 181 6
43 182 7
43 185 1
43 188 1
43 189 6
43 191 1
43 192 2
43 193 1
43 200 1
43 201 1
43 203 1
43 204 4
43 205 1
43 208 1
43 209 4
43 212 2
43 220 3
43 222 2
43 230 3
43 234 1
43 235 1
43 236 1
43 244 2
43 246 1
43 249 5
43 254 2
43 258 3
43 260 1
43 262 1
43 268 1
43 270 6
43 276 1
43 278 1
43 280 1
43 282 1
43 284 1
43 291 3
43 292 1
43 300 2
43 307 1
43 310 1
43 312 1
43 327 2
43 341 2
43 342 1
43 343 1
43 364 1
43 383 2
43 389 1
43 400 3
43 405 1
43 408 3
43 412 1
43 416 17
43 418 2
43 419 1
43 421 2
43 426 5
43 431 2
43 434 3
43 436 1
43 438 1
43 447 1
43 450 1
43 452 2
43 453 2
43 456 1
43 458 1
43 460 1
43 461 1
43 466 1
43 474 5
43 475 1
43 476 2
43 480 1
43 486 3
43 487 1
43 488 1
43 498 1
43 504 1
43 509 1
43 521 1
43 522 1
43 527 3
43 562 3
43 576 1
43 578 2
43 613 1
43 642 1
43 650 1
43 665 1
43 673 1
43 693 4
43 695 1
43 706 2
43 715 3
43 727 1
43 728 1
43 735 1
43 747 2
43 781 1
43 797 1
43 800 2
43 809 3
43 833 1
43 841 1
43 853 1
43 874 1
43 878 1
43 887 1
43 890 2
43 904 2
43 908 5
43 911 2
43 914 1
43 915 1
43 923 1
43 936 1
43 956 1
43 1050 1
43 1053 1
43 1100 1
43 1106 1
43 1170 1
43 1205 6
43 1206 2
43 1212 1
43 1230 1
43 1283 2
43 1284 1
43 1287 2
43 1293 2
43 1298 1
43 1299 1
43 1305 1
43 1307 1
43 1309 1
43 1314 1
43 1315 1
43 1322 2
43 1324 1
43 1383 1
43 1400 1
43 1420 1
43 1421 1
43 1427 1
43 1430 1
43 1435 1
43 1436 2
43 1444 1
43 1445 1
43 1465 1
43 1479 1
43 1485 2
43 1591 1
43 1636 2
43 1637 1
43 1638 2
43 1639 1
43 1640 1
43 1641 1
43 1642 1
43 1643 1
43 1644 2
43 1645 1
43 1646 1
43 1647 1
43 1648 3
44 14 3
44 15 7
44 16 1
44 28 2
44 35 2
44 40 4
44 41 1
44 50 2
44 53 7
44 54 2
44 57 1
44 64 1
44 72 3
44 77 4
44 84 1
44 85 2
44 91 3
44 93 1
44 102 1
44 106 1
44 112 2
44 127 2
44 142 1
44 146 6
44 156 3
44 158 7
44 166 3
44 171 3
44 172 2
44 178 2
44 181 2
44 189 1
44 192 2
44 194 2
44 197 2
44 198 3
44 199 7
44 200 1
44 201 1
44 202 1
44 203 3
44 204 1
44 205 1
44 206 2
44 208 1
44 209 2
44 212 2
44 214 1
44 215 1
44 219 1
44 220 3
44 222 2
44 226 1
44 230 1
44 231 3
44 232 1
44 234 1
44 235 1
44 237 1
44 239 1
44 240 1
44 243 2
44 244 3
44 248 1
44 249 1
44 250 1
44 251 1
44 254 1
44 255 2
44 258 1
44 266 1
44 269 1
44 270 1
44 277 1
44 280 1
44 297 1
44 301 1
44 304 3
44 308 1
44 328 1
44 335 1
44 355 1
44 357 1
44 358 1
44 369 4
44 372 3
44 373 1
44 377 1
44 380 1
44 385 1
44 387 1
44 388 1
44 401 1
44 405 1
44 407 1
44 416 1
44 435 1
44 464 1
44 473 1
44 488 9
44 489 2
44 498 1
44 505 1
44 578 1
44 627 3
44 670 1
44 673 1
44 678 1
44 681 1
44 683 1
44 685 1
44 703 1
44 706 1
44 715 1
44 717 5
44 731 1
44 737 1
44 743 1
44 773 1
44 781 1
44 789 1
44 846 1
44 932 2
44 1053 1
44 1155 1
44 1205 2
44 1215 2
44 1334 1
44 1371 1
44 1372 1
44 1404 3
44 1415 2
44 1472 1
44 1559 1
44 1627 1
44 1640 1
44 1649 1
44 1650 1
44 1651 1
44 1652 1
44 1653 1
44 1654 1
44 1655 1
44 1656 1
44 1657 1
44 1658 1
44 1659 1
44 1660 1
44 1661 5
44 1662 1
44 1663 1
44 1664 1
44 1665 1
44 1666 1
44 1667 1
44 1668 2
44 1669 1
44 1670 1
44 1671 1
44 1672 1
45 2 1
45 3 1
45 10 4
45 14 1
45 15 3
45 45 1
45 50 1
45 56 1
45 60 11
45 84 7
45 105 2
45 106 1
45 108 1
45 111 1
45 119 1
45 142 2
45 143 1
45 152 1
45 164 1
45 172 1
45 178 2
45 180 1
45 181 1
45 182 2
45 185 1
45 189 2
45 193 1
45 200 1
45 215 1
45 238 1
45 250 1
45 260 1
45 300 1
45 314 1
45 389 1
45 431 1
45 435 1
45 502 2
45 527 2
45 604 1
45 615 1
45 675 1
45 680 1
45 742 1
45 753 2
45 767 1
45 816 1
45 824 1
45 901 1
45 938 1
45 959 1
45 1187 1
45 1213 1
45 1500 1
45 1505 2
45 1592 1
45 1673 1
45 1674 3
45 1675 1
45 1676 1
45 1677 2
45 1678 1
45 1679 1
46 2 3
46 10 4
46 12 2
46 14 4
46 15 8
46 19 1
46 34 2
46 35 3
46 40 2
46 41 1
46 48 4
46 52 1
46 53 4
46 54 2
46 57 1
46 64 1
46 72 2
46 75 1
46 76 1
46 91 1
46 105 1
46 106 1
46 109 2
46 119 1
46 130 1
46 139 8
46 140 1
46 141 2
46 145 1
46 155 1
46 156 1
46 161 2
46 164 1
46 166 2
46 172 5
46 173 1
46 174 4
46 175 1
46 177 1
46 182 2
46 184 1
46 189 1
46 200 1
46 201 2
46 202 1
46 211 1
46 220 5
46 242 5
46 244 4
46 246 1
46 249 4
46 253 1
46 260 1
46 275 1
46 285 1
46 287 1
46 297 1
46 314 1
46 336 1
46 352 1
46 361 2
46 366 1
46 367 1
46 369 2
46 375 2
46 382 1
46 426 1
46 431 2
46 433 2
46 435 1
46 446 1
46 460 5
46 464 1
46 471 1
46 476 2
46 488 2
46 490 1
46 491 1
46 493 2
46 509 1
46 522 2
46 536 1
46 547 1
46 562 1
46 576 1
46 579 1
46 596 1
46 622 1
46 641 1
46 650 1
46 680 3
46 710 1
46 717 2
46 720 21
46 737 1
46 744 2
46 747 3
46 767 1
46 791 3
46 805 4
46 839 1
46 888 1
46 908 1
46 951 1
46 972 1
46 1010 1
46 1027 1
46 1100 1
46 1158 5
46 1210 1
46 1246 1
46 1287 5
46 1304 3
46 1305 1
46 1322 5
46 1387 2
46 1409 2
46 1424 1
46 1542 1
46 1563 1
46 1590 1
46 1680 3
46 1681 1
46 1682 10
46 1683 1
46 1684 1
46 1685 1
46 1686 1
46 1687 1
46 1688 1
46 1689 1
46 1690 1
46 1691 1
46 1692 1
46 1693 2
46 1694 1
46 1695 1
46 1696 1
46 1697 1
46 1698 2
46 1699 1
46 1700 1
46 1701 1
47 10 2
47 12 2
47 14 4
47 26 2
47 40 2
47 41 2
47 48 1
47 52 1
47 53 2
47 54 2
47 55 1
47 57 1
47 70 2
47 72 2
47 75 3
47 76 1
47 84 1
47 91 1
47 105 8
47 106 1
47 139 5
47 140 2
47 141 4
47 143 2
47 145 1
47 155 6
47 156 1
47 158 1
47 162 1
47 172 4
47 174 7
47 175 1
47 176 1
47 177 1
47 181 2
47 182 3
47 189 2
47 191 1
47 193 1
47 201 2
47 202 2
47 208 1
47 211 3
47 214 1
47 220 5
47 228 2
47 233 1
47 242 8
47 244 5
47 249 3
47 260 2
47 261 1
47 275 1
47 281 1
47 282 1
47 285 5
47 287 15
47 317 2
47 342 1
47 344 1
47 361 4
47 364 1
47 366 1
47 367 1
47 369 9
47 375 2
47 380 1
47 382 2
47 383 1
47 399 1
47 426 1
47 431 2
47 433 2
47 435 1
47 446 2
47 460 6
47 464 1
47 476 4
47 488 6
47 490 1
47 491 3
47 493 3
47 505 1
47 509 1
47 522 1
47 533 1
47 536 2
47 547 2
47 562 1
47 579 1
47 622 1
47 625 1
47 627 2
47 641 1
47 649 1
47 650 1
47 651 1
47 680 1
47 683 3
47 685 1
47 691 1
47 708 1
47 717 1
47 720 14
47 735 1
47 737 1
47 747 3
47 755 1
47 760 1
47 767 1
47 782 6
47 785 1
47 791 2
47 805 8
47 828 1
47 839 1
47 924 2
47 972 1
47 983 1
47 1010 1
47 1013 1
47 1027 2
47 1083 1
47 1138 1
47 1158 1
47 1200 1
47 1204 2
47 1246 2
47 1267 1
47 1287 6
47 1304 4
47 1322 6
47 1359 1
47 1404 1
47 1409 2
47 1420 1
47 1530 2
47 1680 2
47 1681 3
47 1682 31
47 1687 1
47 1688 1
47 1692 2
47 1693 1
47 1696 1
47 1698 6
47 1701 3
47 1702 1
47 1703 1
47 1704 1
47 1705 1
47 1706 1
47 1707 1
47 1708 1
47 1709 1
47 1710 1
47 1711 1
47 1712 1
47 1713 1
47 1714 1
47 1715 1
47 1716 1
47 1717 2
47 1718 1
47 1719 2
47 1720 1
47 1721 1
47 1722 1
47 1723 1
47 1724 1
47 1725 1
48 2 3
48 3 2
48 14 3
48 15 3
48 43 1
48 54 1
48 84 1
48 86 1
48 95 3
48 105 1
48 106 1
48 120 1
48 126 2
48 155 7
48 172 4
48 175 2
48 181 1
48 189 6
48 193 1
48 200 1
48 209 1
48 215 1
48 220 1
48 224 1
48 236 1
48 238 1
48 243 1
48 254 7
48 283 1
48 291 1
48 314 1
48 339 1
48 340 1
48 341 1
48 348 1
48 389 1
48 405 1
48 426 1
48 431 2
48 466 2
48 493 1
48 522 1
48 660 1
48 701 1
48 781 2
48 825 1
48 862 1
48 890 1
48 906 1
48 1062 1
48 1071 1
48 1168 1
48 1205 1
48 1234 1
48 1479 3
48 1584 3
48 1586 1
48 1726 1
48 1727 1
48 1728 1
48 1729 1
48 1730 1
48 1731 1
48 1732 1
49 2 1
49 3 1
49 7 1
49 14 4
49 15 1
49 19 1
49 32 1
49 54 1
49 95 1
49 106 1
49 120 1
49 130 1
49 139 1
49 148 1
49 155 6
49 172 3
49 175 2
49 189 7
49 193 1
49 200 1
49 215 1
49 236 1
49 238 1
49 283 1
49 291 1
49 309 1
49 314 1
49 340 1
49 347 1
49 426 1
49 431 2
49 466 2
49 505 1
49 627 8
49 660 1
49 701 1
49 825 1
49 862 1
49 890 1
49 906 1
49 976 1
49 1062 2
49 1168 1
49 1205 1
49 1234 1
49 1479 2
49 1584 2
49 1586 1
49 1726 1
49 1728 1
49 1729 1
49 1730 1
49 1732 1
49 1733 1
49 1734 2
49 1735 1
50 2 2
50 14 1
50 84 1
50 99 1
50 102 1
50 106 1
50 116 2
50 137 2
50 181 3
50 184 1
50 200 1
50 203 1
50 209 2
50 234 2
50 249 5
50 287 7
50 297 2
50 306 1
50 341 1
50 405 1
50 421 1
50 431 3
50 435 1
50 460 1
50 540 2
50 557 1
50 578 1
50 660 1
50 663 1
50 693 1
50 719 1
50 791 3
50 799 1
50 861 1
50 888 2
50 917 1
50 953 12
50 984 1
50 1014 5
50 1095 1
50 1158 5
50 1230 1
50 1305 1
50 1387 1
50 1563 1
50 1578 1
50 1625 1
50 1736 16
50 1737 1
50 1738 2
50 1739 1
50 1740 1
50 1741 1
50 1742 2
50 1743 6
50 1744 3
50 1745 1
51 1 3
51 3 3
51 10 5
51 14 5
51 19 1
51 26 1
51 27 2
51 35 5
51 45 1
51 46 5
51 50 1
51 56 1
51 63 1
51 72 1
51 74 1
51 77 4
51 84 2
51 91 1
51 105 5
51 106 1
51 108 2
51 112 4
51 114 1
51 116 3
51 127 2
51 128 1
51 133 1
51 137 2
51 140 2
51 142 3
51 143 1
51 146 3
51 148 1
51 152 1
51 171 2
51 172 4
51 176 3
51 178 1
51 180 2
51 181 3
51 182 1
51 191 1
51 200 1
51 201 1
51 203 1
51 208 1
51 209 3
51 212 2
51 220 8
51 228 1
51 240 1
51 242 2
51 246 1
51 247 2
51 249 7
51 250 1
51 257 1
51 258 1
51 260 2
51 266 1
51 270 1
51 276 2
51 281 2
51 285 6
51 287 7
51 291 1
51 300 1
51 309 1
51 312 1
51 313 1
51 314 1
51 319 2
51 327 2
51 335 1
51 356 1
51 358 1
51 361 1
51 364 2
51 367 1
51 369 1
51 379 1
51 387 1
51 389 2
51 399 1
51 405 1
51 412 2
51 416 2
51 431 2
51 488 1
51 490 1
51 498 1
51 521 1
51 533 1
51 542 4
51 596 1
51 617 1
51 625 1
51 627 1
51 667 1
51 670 1
51 675 5
51 706 1
51 728 1
51 735 1
51 744 1
51 747 1
51 753 2
51 754 1
51 775 3
51 778 1
51 781 8
51 790 2
51 799 1
51 825 1
51 828 1
51 833 1
51 849 1
51 878 1
51 888 2
51 897 1
51 899 1
51 908 2
51 917 1
51 921 2
51 934 2
51 951 1
51 956 1
51 968 25
51 975 12
51 983 4
51 1002 1
51 1015 2
51 1020 2
51 1116 1
51 1201 2
51 1206 1
51 1209 2
51 1230 1
51 1237 1
51 1278 1
51 1287 3
51 1313 1
51 1350 1
51 1351 2
51 1352 1
51 1359 1
51 1364 1
51 1371 2
51 1378 1
51 1386 1
51 1387 1
51 1404 2
51 1415 2
51 1424 1
51 1434 1
51 1505 1
51 1533 1
51 1563 5
51 1590 8
51 1623 1
51 1676 2
51 1693 4
51 1746 1
51 1747 1
51 1748 1
51 1749 1
51 1750 2
51 1751 1
51 1752 1
51 1753 1
51 1754 1
51 1755 1
51 1756 2
51 1757 1
51 1758 2
51 1759 1
51 1760 6
51 1761 1
51 1762 1
51 1763 2
51 1764 1
52 1 1
52 2 1
52 3 1
52 10 3
52 14 7
52 15 5
52 26 3
52 32 2
52 40 2
52 45 1
52 53 1
52 54 3
52 57 1
52 58 1
52 72 2
52 77 1
52 84 1
52 91 1
52 102 2
52 106 1
52 109 3
52 112 1
52 113 4
52 127 1
52 138 1
52 140 2
52 141 6
52 142 3
52 143 11
52 146 1
52 156 2
52 162 1
52 166 1
52 170 1
52 172 13
52 174 3
52 175 2
52 176 1
52 180 3
52 181 4
52 189 6
52 200 1
52 201 4
52 208 1
52 211 1
52 233 2
52 236 1
52 238 5
52 241 1
52 243 1
52 255 1
52 268 1
52 289 1
52 304 2
52 308 1
52 310 2
52 312 1
52 336 1
52 337 1
52 356 5
52 358 2
52 375 1
52 389 1
52 402 1
52 435 1
52 438 1
52 460 2
52 476 1
52 478 1
52 486 2
52 509 1
52 514 1
52 562 2
52 608 1
52 621 2
52 627 6
52 705 1
52 766 1
52 793 2
52 798 1
52 825 1
52 846 1
52 863 1
52 865 1
52 903 1
52 907 1
52 908 1
52 914 1
52 921 2
52 953 9
52 958 1
52 970 3
52 975 10
52 985 1
52 1081 1
52 1135 1
52 1137 2
52 1139 5
52 1212 1
52 1263 2
52 1371 2
52 1379 1
52 1386 1
52 1401 1
52 1404 2
52 1405 2
52 1410 3
52 1414 2
52 1415 2
52 1416 1
52 1419 1
52 1523 1
52 1529 1
52 1669 1
52 1698 6
52 1765 1
52 1766 1
52 1767 1
52 1768 1
52 1769 1
52 1770 1
52 1771 1
52 1772 1
52 1773 1
52 1774 2
52 1775 1
52 1776 1
52 1777 1
52 1778 2
52 1779 1
52 1780 1
52 1781 1
53 2 1
53 10 1
53 14 2
53 15 3
53 26 2
53 27 1
53 32 1
53 35 4
53 48 2
53 56 1
53 77 2
53 86 1
53 105 2
53 109 1
53 112 1
53 121 1
53 137 1
53 138 1
53 142 2
53 143 1
53 146 1
53 155 2
53 172 6
53 173 2
53 175 1
53 181 1
53 189 4
53 193 1
53 208 1
53 209 23
53 220 1
53 228 2
53 234 2
53 241 1
53 249 8
53 250 1
53 253 1
53 254 2
53 268 4
53 273 1
53 287 6
53 336 1
53 341 1
53 358 1
53 361 1
53 379 1
53 382 1
53 386 1
53 405 1
53 410 1
53 416 2
53 426 1
53 435 2
53 438 2
53 490 3
53 504 1
53 509 1
53 538 1
53 585 1
53 588 1
53 691 1
53 732 1
53 790 1
53 791 3
53 861 1
53 951 1
53 953 3
53 1004 1
53 1188 1
53 1200 1
53 1215 1
53 1226 1
53 1237 2
53 1357 1
53 1360 1
53 1369 1
53 1434 2
53 1532 1
53 1563 2
53 1584 1
53 1590 1
53 1687 1
53 1698 1
53 1743 1
53 1744 7
53 1763 3
53 1782 1
53 1783 1
53 1784 2
53 1785 1
53 1786 1
53 1787 1
53 1788 1
53 1789 1
53 1790 1
53 1791 1
53 1792 1
53 1793 1
53 1794 1
54 2 1
54 10 2
54 14 4
54 15 3
54 50 1
54 54 2
54 76 1
54 84 2
54 105 6
54 106 1
54 111 1
54 113 1
54 142 1
54 143 1
54 172 4
54 178 1
54 181 2
54 200 1
54 225 1
54 236 1
54 339 2
54 380 1
54 405 3
54 416 6
54 428 1
54 435 1
54 625 1
54 793 1
54 1122 1
54 1212 1
54 1230 1
54 1261 1
54 1446 5
54 1470 1
54 1477 1
54 1484 1
54 1568 1
54 1576 1
54 1729 3
55 1 4
55 2 1
55 3 1
55 10 5
55 14 6
55 15 12
55 16 2
55 19 1
55 25 1
55 28 2
55 40 3
55 42 4
55 48 1
55 49 4
55 50 3
55 52 1
55 53 2
55 54 3
55 57 1
55 61 1
55 72 2
55 76 2
55 77 2
55 84 1
55 85 9
55 87 1
55 91 1
55 95 1
55 96 1
55 106 1
55 109 3
55 112 1
55 114 1
55 118 1
55 121 1
55 123 1
55 127 2
55 128 1
55 130 1
55 132 1
55 133 1
55 139 5
55 143 2
55 145 2
55 146 4
55 148 1
55 155 1
55 156 1
55 158 3
55 160 1
55 161 1
55 163 1
55 164 1
55 166 3
55 170 2
55 171 5
55 172 7
55 174 8
55 175 1
55 177 1
55 178 3
55 181 7
55 182 4
55 183 1
55 184 1
55 189 3
55 191 1
55 192 1
55 193 2
55 200 1
55 204 21
55 205 1
55 209 1
55 212 1
55 215 1
55 218 2
55 222 2
55 228 1
55 230 2
55 231 9
55 234 1
55 235 1
55 239 1
55 244 3
55 256 1
55 257 4
55 258 1
55 260 1
55 270 2
55 280 1
55 282 1
55 297 1
55 303 1
55 312 2
55 314 1
55 319 1
55 327 4
55 333 1
55 340 1
55 341 1
55 343 2
55 352 1
55 356 3
55 369 4
55 383 1
55 389 2
55 400 1
55 408 4
55 410 1
55 416 1
55 426 1
55 431 3
55 435 1
55 436 1
55 447 1
55 452 1
55 461 2
55 478 1
55 485 1
55 488 1
55 489 1
55 490 1
55 494 2
55 505 1
55 528 1
55 536 1
55 552 1
55 561 1
55 562 1
55 650 1
55 675 1
55 688 1
55 690 1
55 692 2
55 715 7
55 717 1
55 733 1
55 747 1
55 779 1
55 781 1
55 789 1
55 805 1
55 813 1
55 815 2
55 821 1
55 838 4
55 847 1
55 860 1
55 862 2
55 869 1
55 870 1
55 884 1
55 885 1
55 886 1
55 891 1
55 908 2
55 912 1
55 925 1
55 929 1
55 944 1
55 953 1
55 971 1
55 975 1
55 1029 1
55 1041 1
55 1090 1
55 1095 1
55 1121 1
55 1150 1
55 1189 1
55 1200 1
55 1215 1
55 1229 1
55 1243 1
55 1284 2
55 1288 1
55 1313 1
55 1315 1
55 1425 1
55 1451 1
55 1473 2
55 1482 1
55 1568 1
55 1569 1
55 1579 1
55 1589 12
55 1619 4
55 1636 2
55 1645 1
55 1648 1
55 1674 1
55 1700 1
55 1795 1
55 1796 2
55 1797 2
55 1798 1
55 1799 1
55 1800 1
55 1801 1
55 1802 1
55 1803 1
55 1804 1
55 1805 1
55 1806 1
55 1807 1
55 1808 1
55 1809 1
55 1810 1
55 1811 2
55 1812 1
55 1813 1
55 1814 1
55 1815 3
55 1816 1
55 1817 1
55 1818 1
55 1819 1
55 1820 1
55 1821 1
55 1822 1
55 1823 1
56 3 1
56 10 1
56 14 4
56 15 1
56 23 2
56 26 1
56 35 3
56 37 2
56 41 1
56 45 1
56 48 1
56 50 1
56 53 1
56 56 1
56 75 1
56 96 1
56 105 2
56 106 1
56 108 1
56 111 1
56 130 1
56 141 1
56 142 1
56 143 8
56 148 1
56 161 1
56 164 1
56 171 2
56 172 6
56 173 1
56 174 1
56 178 3
56 182 2
56 200 1
56 219 2
56 220 1
56 250 1
56 283 1
56 287 4
56 317 1
56 339 8
56 341 1
56 343 1
56 375 1
56 381 1
56 405 1
56 416 8
56 421 1
56 431 5
56 433 1
56 435 1
56 438 1
56 481 1
56 486 1
56 491 1
56 493 1
56 505 1
56 516 1
56 533 1
56 536 1
56 558 1
56 596 3
56 650 1
56 660 1
56 690 1
56 725 3
56 743 1
56 878 1
56 900 1
56 904 1
56 983 1
56 1016 1
56 1050 1
56 1091 1
56 1139 1
56 1171 1
56 1213 1
56 1228 1
56 1230 1
56 1234 1
56 1261 1
56 1325 1
56 1479 2
56 1485 1
56 1623 1
56 1674 1
56 1706 1
56 1813 1
56 1824 2
56 1825 1
56 1826 1
56 1827 1
56 1828 1
56 1829 2
56 1830 1
56 1831 1
56 1832 1
56 1833 1
56 1834 1
56 1835 1
56 1836 1
57 3 1
57 6 1
57 12 2
57 13 1
57 14 7
57 28 1
57 34 2
57 50 1
57 60 1
57 66 1
57 73 1
57 77 1
57 94 1
57 108 1
57 111 1
57 142 1
57 143 3
57 146 4
57 172 1
57 178 1
57 181 2
57 182 1
57 193 3
57 209 3
57 211 1
57 220 1
57 234 1
57 248 1
57 287 4
57 294 4
57 341 1
57 356 1
57 387 1
57 416 1
57 433 1
57 435 2
57 484 1
57 532 1
57 533 1
57 540 1
57 557 1
57 572 2
57 578 1
57 649 2
57 651 1
57 666 1
57 686 1
57 727 1
57 729 1
57 768 1
57 790 1
57 791 1
57 888 5
57 912 2
57 953 7
57 1073 1
57 1083 1
57 1088 2
57 1090 11
57 1106 1
57 1226 1
57 1439 1
57 1742 1
57 1744 5
57 1782 2
57 1837 1
57 1838 1
57 1839 1
57 1840 1
57 1841 1
57 1842 1
57 1843 1
58 10 1
58 14 2
58 15 4
58 32 3
58 35 8
58 50 1
58 53 1
58 60 1
58 77 1
58 85 8
58 99 1
58 102 1
58 111 1
58 120 2
58 142 1
58 143 1
58 148 1
58 161 1
58 168 1
58 172 5
58 178 2
58 181 2
58 182 2
58 188 1
58 193 1
58 201 2
58 220 1
58 247 4
58 279 2
58 300 1
58 309 1
58 311 1
58 328 2
58 336 1
58 341 1
58 356 2
58 358 1
58 399 2
58 400 1
58 401 1
58 416 1
58 435 1
58 484 1
58 554 1
58 578 1
58 635 2
58 666 1
58 703 1
58 706 1
58 710 1
58 715 1
58 728 1
58 785 1
58 801 1
58 834 1
58 878 1
58 900 1
58 902 1
58 907 2
58 921 4
58 934 1
58 1054 1
58 1101 1
58 1106 1
58 1158 1
58 1177 1
58 1258 1
58 1266 2
58 1283 1
58 1303 1
58 1733 1
58 1844 1
58 1845 1
58 1846 1
58 1847 1
58 1848 1
59 10 2
59 14 2
59 18 1
59 32 1
59 50 1
59 77 1
59 109 1
59 111 1
59 112 1
59 141 1
59 142 1
59 143 5
59 146 1
59 178 2
59 181 2
59 182 1
59 192 1
59 201 1
59 204 1
59 205 1
59 222 2
59 244 1
59 250 1
59 287 3
59 314 1
59 339 3
59 388 1
59 416 1
59 424 1
59 435 2
59 490 1
59 518 1
59 542 1
59 553 1
59 893 1
59 924 1
59 1083 1
59 1166 1
59 1171 1
59 1205 1
59 1207 1
59 1226 1
59 1384 1
59 1386 1
59 1392 1
59 1744 2
59 1849 1
59 1850 1
59 1851 1
60 2 1
60 10 6
60 14 1
60 43 1
60 51 2
60 53 1
60 56 1
60 58 1
60 79 1
60 84 6
60 106 1
60 108 1
60 113 1
60 127 1
60 140 1
60 143 1
60 149 5
60 160 1
60 172 1
60 175 1
60 181 1
60 189 2
60 200 1
60 208 1
60 209 3
60 212 1
60 220 1
60 238 2
60 250 1
60 258 1
60 266 1
60 287 6
60 339 1
60 343 1
60 358 1
60 367 1
60 375 2
60 383 1
60 416 10
60 424 1
60 435 2
60 509 1
60 562 1
60 623 2
60 630 1
60 701 2
60 720 2
60 742 1
60 754 1
60 876 1
60 897 1
60 921 1
60 925 1
60 1143 1
60 1246 1
60 1338 1
60 1351 1
60 1360 1
60 1413 1
60 1446 8
60 1484 1
60 1711 1
60 1748 1
60 1852 2
60 1853 1
60 1854 1
60 1855 1
61 2 2
61 3 1
61 14 5
61 35 4
61 77 1
61 84 2
61 106 1
61 109 1
61 114 1
61 126 1
61 130 1
61 142 2
61 146 1
61 149 1
61 160 1
61 161 1
61 164 1
61 172 1
61 175 1
61 176 1
61 208 1
61 209 3
61 250 1
61 258 2
61 287 7
61 311 1
61 339 1
61 435 5
61 465 1
61 472 1
61 479 1
61 490 3
61 497 1
61 500 1
61 531 4
61 533 1
61 539 3
61 540 3
61 561 1
61 755 1
61 791 2
61 799 1
61 853 1
61 888 1
61 999 1
61 1205 1
61 1224 1
61 1237 1
61 1246 1
61 1249 1
61 1338 1
61 1689 1
61 1743 2
61 1856 1
61 1857 1
61 1858 2
61 1859 1
61 1860 1
61 1861 1
61 1862 1
62 10 2
62 14 3
62 24 1
62 25 1
62 48 2
62 75 1
62 77 1
62 84 3
62 86 1
62 91 3
62 92 1
62 105 1
62 106 1
62 109 16
62 114 2
62 115 2
62 119 1
62 126 2
62 138 2
62 144 1
62 146 1
62 149 1
62 152 1
62 154 1
62 156 1
62 157 1
62 172 5
62 173 1
62 175 2
62 176 8
62 187 1
62 193 1
62 200 1
62 209 1
62 212 1
62 214 1
62 258 1
62 266 1
62 268 1
62 287 6
62 291 1
62 311 1
62 332 1
62 435 1
62 442 1
62 489 1
62 490 3
62 518 1
62 521 1
62 522 1
62 531 4
62 533 1
62 551 1
62 601 1
62 625 1
62 727 1
62 735 1
62 791 1
62 799 1
62 823 1
62 825 1
62 870 1
62 873 1
62 1006 1
62 1014 2
62 1056 1
62 1059 1
62 1117 1
62 1137 1
62 1179 1
62 1212 1
62 1243 1
62 1251 1
62 1258 1
62 1273 1
62 1540 1
62 1682 1
62 1698 1
62 1742 1
62 1861 1
62 1863 1
62 1864 1
62 1865 1
62 1866 1
62 1867 1
62 1868 1
62 1869 1
62 1870 1
62 1871 1
62 1872 2
62 1873 2
62 1874 1
63 2 1
63 3 5
63 10 7
63 14 2
63 15 1
63 18 1
63 23 7
63 27 1
63 32 1
63 48 8
63 50 1
63 51 3
63 53 1
63 56 1
63 58 2
63 63 1
63 72 3
63 73 1
63 75 1
63 77 2
63 91 2
63 93 12
63 95 2
63 101 1
63 102 1
63 105 1
63 106 1
63 112 1
63 113 1
63 119 1
63 126 1
63 128 1
63 133 1
63 146 3
63 156 3
63 171 1
63 172 2
63 173 1
63 174 2
63 181 2
63 188 1
63 191 2
63 192 2
63 193 1
63 202 1
63 203 4
63 204 1
63 205 1
63 220 1
63 222 2
63 230 1
63 234 2
63 244 2
63 246 1
63 247 1
63 249 2
63 285 2
63 287 4
63 297 1
63 309 1
63 341 1
63 352 3
63 361 5
63 362 1
63 364 2
63 369 1
63 380 1
63 381 1
63 383 1
63 387 1
63 416 2
63 418 2
63 421 5
63 426 1
63 435 1
63 446 2
63 491 2
63 507 1
63 542 1
63 635 1
63 672 2
63 673 3
63 691 1
63 699 1
63 701 3
63 703 1
63 706 2
63 755 1
63 785 2
63 792 1
63 799 1
63 828 2
63 888 1
63 908 3
63 952 1
63 972 1
63 1062 1
63 1122 1
63 1183 2
63 1205 2
63 1224 1
63 1246 1
63 1306 1
63 1324 1
63 1346 1
63 1350 1
63 1432 3
63 1507 1
63 1563 1
63 1566 1
63 1575 1
63 1576 1
63 1578 1
63 1644 1
63 1875 1
63 1876 1
63 1877 1
63 1878 1
63 1879 1
63 1880 1
63 1881 4
63 1882 1
63 1883 1
63 1884 1
63 1885 1
64 3 3
64 10 4
64 14 15
64 15 2
64 19 1
64 21 2
64 28 1
64 32 1
64 35 1
64 40 4
64 53 1
64 54 3
64 56 1
64 66 2
64 70 2
64 72 1
64 77 3
64 78 2
64 96 3
64 102 4
64 105 1
64 106 1
64 109 2
64 113 1
64 115 3
64 121 1
64 124 1
64 126 1
64 139 1
64 142 2
64 143 1
64 146 5
64 153 1
64 160 1
64 161 1
64 171 13
64 172 2
64 174 11
64 175 5
64 177 3
64 178 1
64 181 5
64 182 8
64 184 1
64 191 4
64 193 3
64 208 2
64 212 1
64 214 1
64 215 7
64 224 2
64 237 3
64 238 1
64 239 1
64 240 6
64 249 1
64 258 1
64 264 1
64 271 2
64 284 1
64 291 1
64 294 8
64 297 6
64 303 3
64 315 1
64 317 1
64 318 2
64 319 1
64 324 1
64 340 1
64 341 1
64 343 1
64 369 1
64 379 1
64 387 1
64 400 1
64 405 1
64 408 1
64 411 1
64 431 1
64 435 1
64 436 1
64 447 29
64 458 1
64 465 1
64 468 1
64 478 7
64 479 1
64 488 1
64 498 1
64 516 2
64 528 1
64 531 2
64 533 1
64 572 1
64 578 1
64 614 7
64 625 1
64 627 1
64 648 1
64 650 1
64 660 3
64 666 1
64 689 1
64 705 1
64 708 1
64 747 2
64 772 1
64 781 1
64 785 1
64 789 1
64 793 4
64 797 1
64 799 1
64 805 1
64 814 1
64 815 1
64 910 1
64 913 3
64 967 1
64 1033 2
64 1049 21
64 1073 2
64 1091 1
64 1095 1
64 1103 1
64 1107 2
64 1131 1
64 1133 4
64 1142 1
64 1215 1
64 1225 1
64 1266 1
64 1304 1
64 1391 2
64 1433 4
64 1436 1
64 1445 1
64 1451 1
64 1457 1
64 1520 1
64 1523 2
64 1559 1
64 1624 9
64 1636 3
64 1642 1
64 1674 1
64 1704 2
64 1724 1
64 1733 1
64 1781 8
64 1837 1
64 1861 1
64 1886 1
64 1887 1
64 1888 1
64 1889 1
64 1890 1
64 1891 1
64 1892 5
64 1893 1
64 1894 1
64 1895 1
64 1896 1
64 1897 1
64 1898 1
64 1899 1
64 1900 1
64 1901 2
64 1902 1
64 1903 1
64 1904 1
64 1905 1
64 1906 1
64 1907 1
65 3 1
65 8 1
65 10 4
65 14 1
65 15 3
65 27 1
65 39 1
65 50 3
65 56 1
65 64 1
65 85 1
65 106 1
65 111 1
65 120 1
65 127 1
65 142 1
65 143 1
65 162 1
65 164 1
65 172 2
65 178 1
65 182 1
65 189 1
65 191 3
65 200 1
65 204 1
65 219 1
65 220 1
65 224 1
65 237 1
65 244 1
65 254 2
65 271 2
65 297 1
65 309 1
65 358 2
65 426 1
65 430 1
65 435 1
65 436 3
65 451 1
65 453 1
65 458 10
65 459 2
65 488 1
65 509 1
65 533 1
65 553 1
65 562 1
65 621 1
65 670 1
65 810 3
65 833 1
65 932 1
65 963 1
65 1084 1
65 1090 2
65 1327 1
65 1357 1
65 1360 1
65 1571 1
65 1651 1
65 1908 1
65 1909 1
65 1910 3
65 1911 1
65 1912 1
66 2 2
66 3 1
66 14 2
66 15 7
66 32 2
66 41 1
66 53 1
66 56 1
66 58 1
66 72 1
66 73 1
66 84 3
66 86 2
66 109 4
66 118 1
66 119 2
66 155 3
66 172 3
66 181 1
66 182 1
66 213 1
66 220 1
66 236 1
66 247 2
66 250 2
66 303 1
66 356 1
66 369 1
66 382 1
66 478 1
66 487 1
66 488 4
66 490 1
66 493 3
66 547 1
66 617 1
66 627 2
66 690 2
66 729 2
66 732 2
66 774 1
66 790 1
66 888 1
66 913 1
66 953 2
66 1034 1
66 1054 1
66 1101 1
66 1221 1
66 1229 1
66 1255 1
66 1277 1
66 1360 1
66 1393 1
66 1420 1
66 1423 2
66 1424 1
66 1578 2
66 1674 1
66 1692 1
66 1733 1
66 1913 2
66 1914 1
66 1915 1
66 1916 4
66 1917 1
66 1918 1
66 1919 1
66 1920 1
67 1 1
67 14 1
67 35 4
67 53 1
67 60 1
67 72 1
67 84 3
67 86 1
67 106 1
67 127 1
67 155 2
67 172 1
67 181 1
67 188 1
67 191 1
67 200 1
67 208 1
67 220 1
67 246 1
67 247 2
67 249 4
67 275 1
67 278 1
67 283 1
67 287 4
67 356 1
67 359 1
67 369 3
67 375 1
67 380 1
67 464 2
67 488 2
67 505 1
67 675 1
67 753 1
67 773 1
67 805 1
67 812 1
67 825 1
67 863 1
67 921 2
67 953 1
67 961 3
67 1133 1
67 1327 1
67 1434 1
67 1617 1
67 1698 3
67 1752 2
67 1921 1
67 1922 2
67 1923 1
67 1924 1
67 1925 2
67 1926 1
67 1927 3
67 1928 1
67 1929 2
68 1 1
68 3 1
68 6 3
68 12 1
68 14 16
68 16 1
68 18 2
68 21 1
68 22 1
68 23 3
68 24 1
68 25 2
68 26 1
68 27 2
68 28 1
68 32 2
68 34 5
68 35 3
68 40 3
68 41 1
68 42 1
68 48 7
68 50 1
68 52 3
68 53 2
68 54 2
68 60 1
68 66 2
68 72 2
68 75 4
68 76 1
68 77 3
68 84 20
68 85 1
68 91 1
68 95 10
68 105 8
68 106 1
68 108 4
68 109 1
68 112 4
68 115 4
68 119 3
68 126 1
68 130 1
68 133 1
68 142 3
68 146 6
68 149 3
68 155 10
68 156 1
68 158 3
68 161 5
68 165 2
68 166 2
68 171 1
68 172 20
68 173 4
68 174 15
68 177 1
68 178 1
68 180 6
68 181 6
68 182 19
68 188 1
68 189 5
68 191 1
68 193 1
68 200 1
68 208 4
68 209 1
68 212 2
68 220 3
68 233 2
68 234 1
68 240 1
68 242 2
68 244 1
68 249 2
68 254 6
68 258 2
68 264 2
68 266 1
68 268 2
68 275 4
68 281 2
68 282 1
68 283 1
68 285 1
68 287 14
68 291 2
68 294 3
68 297 1
68 302 1
68 313 2
68 319 2
68 323 1
68 334 1
68 335 2
68 340 8
68 343 1
68 352 1
68 358 4
68 369 2
68 381 2
68 382 2
68 383 1
68 405 5
68 416 1
68 418 3
68 421 4
68 424 1
68 426 3
68 431 1
68 433 7
68 435 1
68 450 1
68 460 3
68 465 3
68 466 1
68 476 16
68 478 8
68 489 1
68 502 1
68 504 1
68 506 1
68 512 2
68 517 10
68 522 1
68 532 1
68 533 2
68 538 2
68 542 1
68 547 12
68 553 1
68 557 1
68 558 3
68 562 1
68 564 1
68 566 6
68 572 2
68 573 1
68 574 1
68 578 3
68 598 1
68 605 1
68 608 2
68 615 1
68 616 1
68 621 1
68 627 1
68 667 1
68 671 1
68 673 1
68 674 1
68 691 2
68 695 1
68 701 1
68 703 1
68 706 3
68 722 1
68 729 3
68 742 1
68 743 1
68 760 1
68 782 4
68 790 2
68 825 1
68 828 4
68 834 1
68 846 2
68 912 16
68 913 1
68 914 2
68 923 1
68 936 1
68 945 1
68 949 1
68 952 1
68 953 9
68 956 1
68 967 1
68 999 1
68 1006 1
68 1060 1
68 1076 1
68 1091 1
68 1095 1
68 1106 3
68 1107 1
68 1140 4
68 1142 1
68 1157 1
68 1176 1
68 1190 2
68 1198 1
68 1215 1
68 1234 2
68 1287 2
68 1322 2
68 1335 1
68 1342 2
68 1351 2
68 1392 1
68 1467 1
68 1475 1
68 1483 1
68 1493 3
68 1507 1
68 1530 1
68 1540 1
68 1548 2
68 1563 1
68 1590 3
68 1593 1
68 1609 1
68 1628 1
68 1640 1
68 1648 1
68 1674 5
68 1697 1
68 1733 2
68 1740 2
68 1744 1
68 1748 2
68 1794 2
68 1799 1
68 1801 2
68 1811 3
68 1850 2
68 1875 3
68 1900 1
68 1910 1
68 1913 8
68 1930 1
68 1931 2
68 1932 1
68 1933 1
68 1934 1
68 1935 1
68 1936 1
68 1937 1
68 1938 2
68 1939 1
68 1940 2
68 1941 1
68 1942 1
68 1943 1
68 1944 1
68 1945 1
68 1946 1
68 1947 1
68 1948 1
68 1949 1
68 1950 1
68 1951 1
68 1952 1
68 1953 2
68 1954 2
68 1955 1
68 1956 4
68 1957 1
68 1958 1
68 1959 2
68 1960 4
68 1961 1
68 1962 1
68 1963 1
68 1964 12
68 1965 1
68 1966 3
68 1967 1
68 1968 1
68 1969 1
68 1970 1
68 1971 1
68 1972 1
68 1973 1
68 1974 1
68 1975 1
68 1976 1
68 1977 1
68 1978 1
68 1979 1
68 1980 5
68 1981 3
68 1982 1
68 1983 1
68 1984 1
68 1985 1
68 1986 1
68 1987 2
68 1988 1
68 1989 1
68 1990 1
68 1991 1
69 3 2
69 6 5
69 10 1
69 14 9
69 22 3
69 23 4
69 25 1
69 26 1
69 27 1
69 28 1
69 32 1
69 34 4
69 35 1
69 40 6
69 42 1
69 53 2
69 54 3
69 60 1
69 66 1
69 70 1
69 72 2
69 75 1
69 77 3
69 78 1
69 84 8
69 85 1
69 91 1
69 95 7
69 99 1
69 105 4
69 106 1
69 108 8
69 112 1
69 113 2
69 115 4
69 119 2
69 142 3
69 143 2
69 146 5
69 149 4
69 155 10
69 156 1
69 158 1
69 165 2
69 166 3
69 172 4
69 174 8
69 177 1
69 178 1
69 180 7
69 181 5
69 182 11
69 189 5
69 191 1
69 200 1
69 208 3
69 209 1
69 212 1
69 219 1
69 220 1
69 233 1
69 240 1
69 249 1
69 254 6
69 258 1
69 266 1
69 273 2
69 287 12
69 291 1
69 294 1
69 302 1
69 312 1
69 313 1
69 317 1
69 319 2
69 323 1
69 335 1
69 340 7
69 343 2
69 352 1
69 353 1
69 358 3
69 381 1
69 382 1
69 405 3
69 418 1
69 421 3
69 424 1
69 426 4
69 433 7
69 435 1
69 447 1
69 449 1
69 453 1
69 460 4
69 465 4
69 466 1
69 475 1
69 476 13
69 478 7
69 502 1
69 509 1
69 512 3
69 514 3
69 532 1
69 533 4
69 536 1
69 538 1
69 547 9
69 553 1
69 560 1
69 562 1
69 566 3
69 568 1
69 574 1
69 578 1
69 579 1
69 615 1
69 616 1
69 621 4
69 627 1
69 635 11
69 667 1
69 691 2
69 703 2
69 706 3
69 729 6
69 782 4
69 790 2
69 796 1
69 825 1
69 828 3
69 834 1
69 912 16
69 913 3
69 914 1
69 945 1
69 949 1
69 953 14
69 983 1
69 997 1
69 1006 1
69 1013 1
69 1060 1
69 1076 1
69 1095 1
69 1140 1
69 1142 1
69 1157 1
69 1190 2
69 1230 2
69 1231 1
69 1287 2
69 1309 1
69 1317 1
69 1322 2
69 1350 1
69 1351 1
69 1423 1
69 1451 1
69 1475 1
69 1493 1
69 1507 1
69 1530 1
69 1540 1
69 1590 1
69 1640 1
69 1648 2
69 1674 1
69 1697 1
69 1728 1
69 1733 1
69 1744 1
69 1748 2
69 1760 4
69 1778 1
69 1811 3
69 1840 1
69 1850 2
69 1913 2
69 1931 2
69 1934 1
69 1936 1
69 1939 1
69 1946 1
69 1951 1
69 1956 4
69 1957 1
69 1958 1
69 1960 1
69 1961 1
69 1962 1
69 1964 7
69 1965 1
69 1966 2
69 1969 3
69 1975 1
69 1986 1
69 1989 1
69 1990 1
69 1992 1
69 1993 3
69 1994 1
69 1995 1
69 1996 8
69 1997 1
69 1998 1
69 1999 1
69 2000 1
69 2001 1
70 1 1
70 10 7
70 14 8
70 15 2
70 26 1
70 32 2
70 37 1
70 50 2
70 55 1
70 84 3
70 105 1
70 111 1
70 119 1
70 133 1
70 142 2
70 143 2
70 149 1
70 172 2
70 175 1
70 178 1
70 181 1
70 192 1
70 198 1
70 201 3
70 209 1
70 219 2
70 232 1
70 234 1
70 247 3
70 249 1
70 250 1
70 251 1
70 260 1
70 283 1
70 297 1
70 319 1
70 339 2
70 416 11
70 430 1
70 433 1
70 435 1
70 491 3
70 596 1
70 666 1
70 680 2
70 703 1
70 775 1
70 805 1
70 886 1
70 902 1
70 917 1
70 921 2
70 924 2
70 1010 1
70 1054 1
70 1101 1
70 1106 2
70 1303 1
70 1351 1
70 1365 1
70 1386 1
70 1423 1
70 1489 3
70 1683 1
70 2002 1
70 2003 1
70 2004 1
71 2 2
71 3 1
71 7 1
71 10 7
71 11 1
71 14 4
71 15 3
71 26 2
71 32 2
71 42 1
71 50 2
71 63 3
71 64 4
71 78 1
71 86 1
71 106 1
71 108 1
71 111 1
71 119 2
71 137 1
71 142 1
71 143 1
71 160 1
71 164 1
71 171 1
71 172 3
71 178 1
71 188 1
71 200 1
71 219 1
71 240 1
71 243 1
71 249 1
71 295 1
71 309 1
71 317 1
71 331 1
71 343 1
71 348 1
71 353 1
71 366 2
71 367 1
71 380 1
71 382 1
71 435 1
71 442 1
71 443 1
71 451 1
71 488 1
71 491 9
71 536 1
71 579 1
71 594 1
71 627 1
71 645 1
71 674 1
71 717 1
71 745 2
71 785 2
71 816 1
71 870 1
71 1047 1
71 1073 1
71 1158 2
71 1182 8
71 1350 1
71 1351 4
71 1505 1
71 2005 1
71 2006 1
71 2007 2
71 2008 1
71 2009 1
71 2010 1
71 2011 1
72 3 1
72 11 1
72 15 1
72 41 1
72 42 1
72 43 1
72 51 1
72 63 1
72 106 1
72 114 1
72 142 1
72 158 4
72 164 1
72 174 2
72 175 1
72 178 1
72 200 1
72 236 1
72 292 2
72 317 1
72 384 1
72 435 1
72 436 2
72 516 1
72 594 1
72 672 2
72 690 3
72 694 1
72 873 1
72 878 1
72 1183 2
72 1706 1
72 1846 1
72 1910 1
72 2012 1
72 2013 2
72 2014 1
72 2015 1
72 2016 1
72 2017 1
