%%MatrixMarket matrix coordinate real general
12 871 1916                                       
1 1 1
1 2 1
1 3 20
1 4 2
1 5 4
1 6 3
1 7 4
1 8 3
1 9 1
1 10 8
1 11 1
1 12 4
1 13 1
1 14 3
1 15 8
1 16 2
1 17 1
1 18 1
1 19 2
1 20 1
1 21 3
1 22 1
1 23 1
1 24 1
1 25 1
1 26 1
1 27 1
1 28 1
1 29 1
1 30 1
1 31 3
1 32 1
1 33 1
1 34 2
1 35 3
1 36 1
1 37 2
1 38 1
1 39 1
1 40 1
1 41 1
1 42 3
1 43 1
1 44 2
1 45 1
1 46 1
1 47 1
1 48 1
1 49 3
1 50 1
1 51 1
1 52 3
1 53 2
1 54 1
1 55 1
1 56 1
1 57 2
1 58 1
1 59 1
1 60 1
1 61 1
1 62 3
1 63 1
1 64 1
1 65 2
1 66 2
1 67 2
1 68 6
1 69 1
1 70 1
1 71 1
1 72 2
1 73 1
1 74 3
1 75 1
1 76 3
1 77 1
1 78 1
1 79 1
1 80 1
1 81 1
1 82 1
1 83 1
1 84 2
1 85 1
1 86 1
1 87 1
1 88 1
1 89 2
1 90 1
1 91 1
1 92 2
1 93 1
1 94 1
1 95 2
1 96 1
1 97 1
1 98 1
1 99 1
1 100 1
1 101 1
1 102 1
1 103 1
1 104 1
1 105 1
1 106 4
1 107 1
1 108 1
1 109 4
1 110 1
1 111 1
1 112 2
1 113 1
1 114 1
1 115 1
1 116 1
1 117 2
1 118 1
1 119 1
1 120 1
1 121 1
1 122 1
1 123 1
1 124 3
1 125 1
1 126 1
1 127 1
1 128 4
1 129 2
1 130 2
1 131 1
1 132 3
1 133 1
1 134 1
1 135 3
1 136 1
1 137 1
1 138 3
1 139 2
1 140 2
1 141 1
1 142 2
1 143 1
1 144 1
1 145 1
1 146 2
1 147 1
1 148 1
1 149 10
1 150 2
1 151 1
1 152 3
1 153 1
1 154 2
1 155 1
1 156 1
1 157 5
1 158 2
1 159 1
1 160 1
1 161 1
1 162 2
1 163 1
1 164 1
1 165 1
1 166 1
1 167 1
1 168 1
1 169 1
1 170 1
1 171 4
1 172 1
1 173 1
1 174 2
1 175 2
1 176 1
1 177 1
1 178 1
1 179 6
1 180 1
1 181 1
1 182 2
1 183 1
1 184 1
1 185 3
1 186 1
1 187 7
1 188 1
1 189 2
1 190 1
1 191 1
1 192 1
1 193 2
1 194 5
2 3 2
2 10 3
2 12 1
2 14 5
2 15 6
2 26 1
2 30 3
2 34 1
2 37 4
2 42 3
2 47 2
2 48 1
2 51 1
2 52 14
2 53 3
2 54 1
2 55 1
2 56 2
2 57 1
2 58 3
2 59 1
2 60 2
2 70 2
2 76 4
2 81 5
2 88 1
2 89 1
2 95 3
2 96 1
2 101 1
2 109 1
2 111 1
2 117 1
2 118 1
2 131 1
2 132 1
2 135 3
2 136 1
2 139 1
2 142 1
2 148 1
2 151 1
2 152 9
2 162 3
2 164 2
2 171 3
2 176 1
2 177 2
2 178 1
2 180 1
2 182 2
2 186 3
2 187 3
2 195 1
2 196 1
2 197 2
2 198 1
2 199 1
2 200 1
2 201 1
2 202 1
2 203 1
2 204 1
2 205 16
2 206 2
2 207 3
2 208 4
2 209 1
2 210 1
2 211 1
2 212 1
2 213 1
2 214 1
2 215 1
2 216 2
2 217 2
2 218 1
2 219 1
2 220 1
2 221 2
2 222 1
2 223 1
2 224 2
2 225 1
2 226 1
2 227 1
2 228 1
2 229 2
2 230 1
2 231 1
2 232 2
2 233 1
2 234 1
2 235 2
2 236 2
2 237 2
2 238 1
2 239 1
2 240 1
2 241 2
2 242 1
2 243 1
2 244 1
2 245 1
2 246 1
2 247 1
2 248 1
2 249 1
2 250 1
2 251 1
2 252 14
2 253 1
2 254 1
2 255 1
2 256 1
2 257 1
2 258 1
2 259 1
2 260 1
2 261 1
2 262 1
2 263 1
2 264 1
2 265 1
2 266 1
2 267 1
2 268 1
2 269 1
2 270 1
2 271 1
2 272 1
2 273 2
2 274 1
2 275 1
2 276 2
2 277 1
2 278 2
2 279 1
2 280 16
2 281 1
2 282 1
2 283 3
2 284 1
2 285 1
3 1 1
3 2 1
3 3 2
3 10 4
3 14 7
3 25 1
3 26 1
3 28 3
3 30 3
3 34 2
3 37 3
3 42 5
3 43 1
3 48 1
3 51 1
3 53 4
3 54 6
3 55 1
3 56 4
3 57 2
3 61 1
3 67 2
3 68 1
3 70 1
3 76 4
3 80 3
3 81 3
3 89 6
3 95 4
3 101 1
3 106 1
3 109 2
3 110 1
3 111 1
3 113 1
3 116 1
3 117 1
3 128 1
3 132 3
3 135 5
3 138 1
3 139 2
3 146 1
3 148 4
3 149 2
3 151 2
3 152 7
3 154 2
3 158 1
3 162 4
3 164 5
3 170 1
3 171 5
3 176 5
3 177 11
3 178 2
3 180 1
3 183 1
3 185 1
3 186 1
3 187 4
3 193 1
3 194 4
3 196 1
3 197 1
3 198 4
3 199 1
3 200 2
3 201 1
3 203 4
3 204 2
3 205 22
3 206 3
3 207 7
3 208 7
3 210 2
3 213 5
3 215 2
3 219 1
3 224 2
3 225 3
3 228 1
3 232 5
3 233 1
3 236 2
3 237 1
3 238 1
3 240 1
3 241 2
3 244 2
3 252 15
3 253 1
3 255 1
3 257 3
3 258 1
3 259 1
3 266 1
3 267 2
3 268 1
3 269 1
3 274 1
3 276 2
3 277 1
3 280 1
3 281 1
3 283 1
3 285 1
3 286 1
3 287 1
3 288 16
3 289 1
3 290 1
3 291 1
3 292 1
3 293 1
3 294 1
3 295 1
3 296 1
3 297 1
3 298 2
3 299 1
3 300 1
3 301 1
3 302 1
3 303 1
3 304 2
3 305 1
3 306 1
3 307 1
3 308 4
3 309 1
3 310 1
3 311 2
3 312 1
3 313 2
3 314 1
3 315 1
3 316 1
3 317 1
3 318 1
3 319 1
3 320 1
3 321 1
3 322 1
3 323 1
3 324 1
3 325 1
3 326 1
3 327 1
3 328 1
3 329 1
3 330 1
3 331 1
3 332 2
3 333 1
3 334 2
3 335 1
3 336 1
3 337 1
3 338 2
3 339 1
3 340 2
3 341 1
3 342 1
3 343 2
3 344 1
3 345 1
3 346 4
3 347 1
3 348 1
3 349 3
3 350 1
3 351 1
3 352 1
3 353 1
3 354 1
3 355 1
3 356 1
3 357 1
3 358 1
3 359 2
3 360 1
3 361 2
3 362 1
3 363 1
3 364 2
3 365 1
3 366 1
3 367 3
3 368 1
3 369 1
3 370 2
3 371 1
3 372 1
3 373 1
3 374 1
3 375 1
3 376 1
3 377 1
3 378 1
3 379 1
3 380 1
3 381 1
3 382 1
3 383 1
3 384 1
4 2 1
4 3 2
4 10 3
4 14 3
4 15 9
4 22 1
4 24 1
4 26 1
4 28 1
4 30 2
4 41 2
4 42 3
4 48 1
4 50 1
4 51 1
4 53 9
4 54 2
4 57 3
4 60 1
4 64 3
4 68 1
4 70 1
4 76 2
4 78 3
4 80 1
4 81 2
4 88 1
4 89 4
4 95 1
4 97 1
4 98 5
4 109 3
4 110 2
4 111 1
4 113 3
4 116 1
4 117 3
4 121 1
4 124 1
4 128 2
4 129 1
4 135 3
4 146 2
4 147 2
4 148 2
4 149 1
4 151 2
4 152 4
4 155 1
4 158 1
4 161 1
4 162 1
4 166 3
4 167 1
4 169 1
4 171 3
4 177 1
4 178 2
4 179 4
4 180 4
4 182 1
4 183 2
4 185 3
4 187 4
4 191 1
4 194 11
4 196 2
4 198 2
4 199 1
4 201 1
4 208 3
4 209 2
4 215 1
4 217 1
4 219 1
4 220 5
4 222 3
4 230 1
4 232 3
4 233 5
4 236 2
4 238 1
4 243 1
4 245 1
4 253 1
4 254 3
4 258 1
4 259 2
4 270 2
4 271 2
4 276 2
4 284 1
4 312 1
4 316 9
4 338 1
4 339 2
4 340 3
4 351 1
4 367 21
4 385 1
4 386 1
4 387 1
4 388 2
4 389 1
4 390 1
4 391 1
4 392 1
4 393 1
4 394 1
4 395 2
4 396 1
4 397 1
4 398 1
4 399 1
4 400 3
4 401 1
4 402 1
4 403 1
4 404 10
4 405 2
4 406 1
4 407 1
4 408 1
4 409 1
4 410 1
4 411 2
4 412 1
4 413 10
4 414 1
4 415 2
4 416 2
4 417 1
4 418 2
4 419 1
4 420 3
4 421 1
4 422 5
4 423 14
4 424 1
4 425 1
4 426 1
4 427 1
4 428 1
4 429 1
4 430 3
4 431 2
4 432 1
4 433 1
4 434 1
4 435 1
4 436 1
4 437 1
4 438 1
4 439 1
4 440 2
4 441 1
4 442 1
4 443 1
4 444 1
4 445 1
4 446 1
4 447 1
4 448 1
4 449 1
4 450 1
4 451 1
4 452 2
4 453 1
4 454 1
4 455 1
4 456 1
4 457 1
4 458 1
4 459 1
4 460 9
4 461 1
4 462 1
4 463 3
4 464 1
4 465 1
4 466 1
4 467 1
4 468 1
4 469 1
4 470 2
4 471 1
4 472 1
4 473 1
5 1 1
5 3 4
5 6 1
5 10 4
5 11 1
5 14 3
5 15 11
5 26 1
5 27 8
5 29 1
5 30 1
5 34 1
5 39 1
5 41 1
5 42 4
5 48 1
5 54 1
5 55 2
5 56 2
5 57 1
5 61 1
5 64 1
5 70 3
5 76 2
5 80 1
5 81 4
5 83 1
5 88 2
5 95 1
5 101 1
5 103 1
5 111 1
5 113 1
5 114 3
5 126 1
5 132 2
5 135 4
5 139 1
5 143 1
5 147 1
5 148 1
5 152 6
5 161 1
5 162 1
5 163 1
5 167 1
5 171 4
5 174 1
5 176 7
5 177 10
5 179 1
5 180 4
5 181 5
5 186 12
5 187 2
5 189 1
5 190 1
5 199 1
5 212 1
5 217 2
5 219 1
5 229 1
5 230 4
5 234 2
5 241 2
5 245 2
5 250 2
5 258 1
5 277 1
5 313 3
5 323 1
5 324 2
5 334 1
5 340 1
5 365 2
5 367 7
5 378 1
5 403 1
5 408 1
5 430 1
5 433 2
5 439 1
5 455 1
5 460 2
5 474 3
5 475 1
5 476 1
5 477 1
5 478 2
5 479 1
5 480 1
5 481 2
5 482 1
5 483 3
5 484 3
5 485 2
5 486 5
5 487 1
5 488 1
5 489 2
5 490 3
5 491 1
5 492 1
5 493 2
5 494 1
5 495 1
5 496 1
5 497 1
5 498 2
5 499 1
5 500 1
5 501 1
5 502 2
5 503 2
5 504 5
5 505 1
5 506 3
5 507 1
5 508 2
5 509 1
5 510 1
5 511 1
5 512 1
5 513 6
5 514 1
5 515 1
5 516 2
5 517 1
5 518 2
5 519 1
5 520 1
5 521 1
5 522 1
5 523 1
5 524 28
5 525 1
5 526 1
5 527 4
5 528 2
5 529 1
5 530 1
5 531 1
5 532 1
5 533 1
5 534 22
5 535 3
5 536 1
5 537 1
5 538 1
5 539 1
5 540 1
5 541 4
5 542 1
5 543 1
5 544 15
5 545 1
5 546 1
5 547 2
5 548 1
6 1 1
6 3 1
6 6 9
6 10 1
6 14 4
6 16 3
6 25 3
6 26 1
6 30 1
6 34 8
6 42 3
6 48 1
6 49 2
6 51 1
6 53 3
6 54 1
6 55 1
6 56 2
6 64 1
6 68 2
6 70 1
6 76 2
6 81 4
6 95 2
6 98 2
6 103 1
6 109 1
6 111 1
6 116 1
6 132 1
6 135 3
6 139 2
6 148 1
6 149 1
6 152 6
6 155 1
6 161 11
6 162 1
6 170 1
6 171 3
6 176 10
6 177 9
6 178 1
6 179 9
6 182 1
6 183 1
6 185 2
6 186 4
6 187 3
6 192 1
6 194 2
6 196 1
6 212 1
6 213 1
6 215 7
6 217 2
6 242 1
6 245 10
6 246 1
6 250 1
6 253 1
6 254 12
6 255 1
6 256 2
6 258 2
6 263 1
6 271 2
6 274 1
6 275 1
6 277 1
6 288 11
6 297 1
6 311 1
6 337 1
6 339 1
6 340 1
6 356 1
6 381 2
6 384 1
6 394 1
6 403 1
6 407 1
6 413 1
6 415 1
6 421 1
6 425 1
6 432 1
6 439 1
6 455 2
6 456 1
6 466 2
6 471 1
6 474 2
6 475 1
6 484 1
6 485 1
6 488 1
6 498 2
6 502 3
6 510 3
6 511 5
6 513 2
6 524 3
6 529 1
6 531 1
6 533 4
6 535 3
6 544 30
6 549 1
6 550 1
6 551 3
6 552 5
6 553 1
6 554 2
6 555 2
6 556 4
6 557 1
6 558 1
6 559 6
6 560 8
6 561 1
6 562 1
6 563 8
6 564 1
6 565 3
6 566 11
6 567 2
6 568 1
6 569 1
6 570 1
6 571 1
6 572 2
6 573 1
6 574 1
6 575 1
6 576 1
6 577 1
6 578 3
6 579 1
6 580 3
6 581 1
6 582 1
6 583 2
6 584 2
6 585 2
6 586 3
6 587 1
6 588 2
6 589 3
6 590 1
6 591 1
6 592 3
6 593 1
6 594 1
6 595 6
6 596 1
6 597 1
6 598 1
6 599 1
6 600 1
6 601 1
6 602 5
6 603 1
6 604 1
6 605 3
6 606 1
6 607 1
6 608 3
6 609 1
6 610 1
6 611 1
6 612 1
6 613 1
6 614 1
6 615 1
6 616 2
6 617 1
6 618 1
6 619 2
6 620 1
6 621 2
6 622 3
6 623 1
6 624 4
6 625 1
6 626 1
6 627 2
6 628 1
6 629 1
6 630 1
6 631 1
6 632 1
6 633 1
6 634 1
6 635 3
6 636 4
6 637 1
6 638 1
6 639 7
6 640 1
6 641 1
6 642 1
6 643 1
6 644 2
6 645 1
7 1 2
7 2 1
7 3 5
7 4 1
7 10 1
7 14 7
7 15 8
7 26 1
7 28 1
7 30 3
7 34 7
7 37 3
7 42 3
7 45 1
7 48 1
7 53 10
7 54 1
7 55 1
7 56 3
7 57 1
7 60 6
7 61 1
7 68 11
7 70 2
7 72 1
7 76 4
7 80 1
7 81 4
7 82 1
7 89 3
7 92 1
7 95 3
7 106 2
7 108 1
7 111 1
7 113 4
7 116 1
7 117 1
7 132 1
7 135 3
7 136 1
7 138 1
7 139 9
7 148 1
7 149 1
7 151 5
7 152 8
7 154 2
7 158 1
7 161 4
7 162 1
7 170 3
7 171 3
7 176 9
7 177 3
7 179 4
7 183 2
7 186 7
7 187 6
7 193 2
7 194 6
7 196 2
7 198 1
7 199 3
7 201 1
7 206 1
7 208 6
7 212 2
7 213 3
7 215 3
7 217 2
7 230 2
7 232 2
7 233 2
7 236 2
7 241 3
7 242 1
7 243 10
7 245 1
7 246 1
7 250 1
7 254 8
7 255 1
7 256 5
7 258 1
7 264 1
7 275 5
7 276 2
7 278 3
7 281 1
7 283 1
7 285 1
7 297 2
7 300 1
7 307 1
7 310 1
7 316 1
7 333 1
7 334 1
7 336 3
7 337 1
7 338 1
7 340 1
7 350 1
7 356 1
7 365 1
7 384 1
7 393 1
7 403 4
7 409 1
7 425 1
7 432 2
7 433 1
7 455 7
7 476 3
7 487 3
7 494 2
7 498 1
7 512 3
7 517 2
7 544 5
7 555 1
7 559 6
7 569 1
7 576 1
7 595 1
7 613 1
7 646 1
7 647 1
7 648 1
7 649 2
7 650 1
7 651 1
7 652 1
7 653 1
7 654 2
7 655 1
7 656 1
7 657 1
7 658 1
7 659 1
7 660 1
7 661 1
7 662 1
7 663 1
7 664 1
7 665 1
7 666 1
7 667 1
7 668 1
7 669 1
7 670 1
7 671 1
7 672 2
7 673 1
7 674 1
7 675 1
7 676 1
7 677 4
7 678 1
7 679 1
7 680 1
7 681 1
7 682 2
7 683 1
7 684 1
7 685 1
7 686 1
7 687 7
7 688 1
7 689 1
7 690 1
7 691 1
7 692 2
7 693 2
7 694 1
7 695 4
7 696 2
7 697 3
7 698 1
7 699 1
7 700 2
7 701 1
7 702 1
7 703 3
7 704 1
7 705 1
7 706 1
7 707 1
7 708 1
7 709 1
7 710 6
7 711 1
7 712 31
8 3 1
8 10 3
8 14 5
8 15 4
8 19 1
8 30 3
8 34 1
8 37 1
8 42 2
8 48 1
8 52 3
8 53 2
8 56 2
8 57 1
8 58 1
8 70 1
8 71 1
8 76 1
8 78 22
8 81 4
8 89 1
8 95 1
8 106 1
8 109 1
8 110 1
8 111 1
8 117 1
8 131 1
8 132 1
8 135 2
8 139 1
8 144 1
8 147 31
8 148 1
8 151 1
8 152 8
8 154 1
8 158 1
8 161 1
8 162 1
8 164 1
8 167 1
8 171 2
8 177 4
8 178 1
8 179 5
8 180 1
8 183 2
8 186 2
8 187 1
8 190 1
8 194 9
8 196 4
8 197 2
8 198 1
8 199 2
8 201 1
8 206 3
8 208 1
8 212 1
8 213 2
8 217 1
8 219 1
8 220 2
8 222 1
8 234 1
8 235 1
8 236 2
8 240 2
8 245 5
8 247 1
8 250 1
8 258 1
8 276 2
8 282 1
8 300 1
8 336 1
8 340 2
8 354 2
8 365 1
8 367 7
8 378 1
8 381 3
8 384 4
8 386 1
8 396 3
8 397 1
8 399 1
8 403 1
8 420 9
8 423 2
8 427 3
8 428 1
8 432 2
8 442 8
8 447 5
8 449 2
8 455 1
8 456 1
8 467 2
8 488 1
8 499 1
8 517 1
8 524 1
8 535 2
8 559 2
8 575 1
8 661 1
8 677 1
8 679 1
8 685 1
8 709 1
8 711 4
8 713 1
8 714 1
8 715 2
8 716 1
8 717 1
8 718 1
8 719 2
8 720 4
8 721 2
8 722 2
8 723 1
8 724 1
8 725 1
8 726 1
8 727 1
8 728 3
8 729 1
8 730 1
8 731 1
8 732 1
8 733 1
8 734 1
8 735 1
8 736 1
8 737 1
8 738 1
8 739 2
8 740 1
8 741 1
8 742 1
8 743 1
8 744 3
8 745 2
8 746 1
8 747 9
8 748 1
8 749 1
8 750 1
8 751 1
8 752 1
8 753 1
8 754 1
8 755 1
8 756 1
9 14 1
9 131 1
9 161 1
9 219 1
9 233 1
9 323 1
9 339 1
9 413 1
9 455 1
9 757 1
9 758 1
9 759 3
9 760 1
9 761 1
9 762 1
9 763 2
9 764 1
9 765 1
9 766 1
10 1 1
10 3 3
10 7 1
10 10 1
10 14 3
10 26 1
10 28 1
10 30 1
10 34 4
10 36 1
10 39 1
10 42 5
10 43 1
10 44 4
10 48 1
10 51 1
10 53 4
10 55 1
10 56 6
10 57 1
10 60 1
10 62 2
10 70 1
10 76 1
10 78 20
10 80 1
10 81 3
10 88 4
10 95 1
10 98 1
10 106 2
10 109 1
10 111 1
10 113 1
10 116 1
10 119 1
10 129 1
10 135 5
10 138 1
10 139 1
10 144 2
10 147 16
10 148 1
10 149 1
10 152 5
10 154 1
10 155 2
10 158 1
10 161 9
10 162 1
10 171 5
10 176 9
10 177 4
10 178 1
10 179 2
10 183 1
10 186 5
10 187 1
10 193 5
10 194 15
10 199 1
10 212 2
10 215 1
10 217 2
10 218 7
10 219 1
10 220 3
10 241 4
10 245 11
10 250 1
10 253 1
10 258 1
10 271 1
10 283 1
10 288 16
10 294 2
10 300 2
10 316 7
10 364 1
10 367 16
10 384 2
10 402 2
10 403 5
10 418 3
10 420 3
10 428 1
10 432 2
10 455 3
10 456 2
10 471 1
10 472 1
10 475 1
10 484 2
10 485 1
10 486 1
10 494 1
10 505 1
10 508 1
10 511 2
10 517 1
10 524 6
10 528 2
10 537 2
10 544 16
10 559 4
10 565 1
10 569 1
10 576 3
10 610 4
10 612 1
10 661 1
10 684 1
10 685 4
10 690 1
10 695 13
10 700 1
10 702 2
10 711 1
10 713 4
10 737 1
10 753 1
10 756 1
10 761 2
10 766 5
10 767 1
10 768 1
10 769 1
10 770 3
10 771 1
10 772 1
10 773 1
10 774 2
10 775 11
10 776 2
10 777 1
10 778 2
10 779 1
10 780 1
10 781 3
10 782 1
10 783 2
10 784 3
10 785 5
10 786 3
10 787 1
10 788 4
10 789 1
10 790 3
10 791 1
10 792 1
10 793 1
10 794 2
10 795 1
10 796 1
10 797 7
10 798 23
10 799 2
11 3 1
11 10 4
11 14 4
11 15 7
11 26 1
11 30 3
11 34 1
11 37 12
11 42 4
11 44 1
11 47 1
11 48 1
11 53 7
11 54 7
11 56 3
11 57 1
11 67 1
11 68 3
11 70 1
11 76 2
11 81 5
11 89 1
11 95 1
11 101 1
11 106 1
11 109 1
11 111 1
11 116 1
11 117 2
11 132 2
11 135 4
11 139 1
11 142 2
11 145 2
11 148 1
11 149 1
11 151 1
11 152 9
11 162 1
11 170 1
11 171 4
11 176 1
11 183 1
11 186 6
11 196 1
11 198 4
11 201 1
11 206 1
11 208 2
11 209 7
11 213 1
11 216 2
11 217 4
11 219 1
11 230 1
11 232 8
11 233 10
11 236 2
11 241 4
11 245 3
11 250 1
11 258 1
11 259 1
11 274 1
11 275 2
11 276 2
11 277 1
11 279 3
11 285 1
11 307 1
11 316 1
11 333 1
11 334 1
11 337 1
11 340 1
11 341 1
11 373 4
11 378 1
11 385 2
11 400 1
11 404 4
11 411 1
11 427 1
11 433 1
11 443 1
11 457 2
11 501 2
11 576 1
11 592 1
11 613 1
11 620 1
11 696 1
11 709 1
11 711 2
11 739 1
11 741 1
11 750 1
11 785 1
11 786 1
11 793 1
11 800 7
11 801 1
11 802 3
11 803 4
11 804 10
11 805 1
11 806 1
11 807 1
11 808 1
11 809 1
11 810 2
11 811 1
11 812 1
11 813 3
11 814 1
11 815 1
11 816 1
11 817 1
11 818 1
11 819 1
11 820 1
11 821 1
11 822 1
11 823 1
11 824 1
11 825 1
11 826 11
11 827 1
11 828 1
11 829 1
11 830 1
11 831 1
11 832 1
12 3 14
12 10 8
12 13 1
12 14 3
12 15 7
12 26 1
12 30 3
12 34 3
12 37 6
12 42 3
12 44 1
12 48 1
12 53 6
12 54 1
12 56 2
12 57 2
12 59 1
12 60 2
12 65 12
12 70 1
12 71 1
12 74 1
12 76 1
12 81 5
12 89 2
12 95 1
12 101 1
12 106 2
12 111 1
12 113 1
12 116 1
12 117 1
12 124 1
12 129 1
12 132 2
12 135 3
12 136 1
12 139 1
12 142 3
12 145 8
12 148 1
12 149 1
12 151 2
12 152 9
12 154 2
12 162 1
12 171 3
12 179 4
12 180 5
12 182 2
12 183 2
12 186 14
12 187 4
12 193 7
12 197 2
12 198 1
12 199 1
12 201 1
12 202 2
12 208 7
12 209 1
12 212 2
12 213 1
12 215 1
12 217 13
12 219 1
12 220 3
12 222 2
12 232 3
12 233 10
12 235 1
12 236 2
12 241 3
12 250 3
12 255 1
12 258 1
12 259 1
12 266 1
12 269 1
12 276 2
12 277 1
12 303 1
12 334 1
12 340 1
12 356 3
12 384 5
12 400 1
12 432 1
12 433 8
12 461 1
12 482 1
12 494 2
12 500 11
12 501 1
12 505 1
12 517 4
12 524 2
12 533 1
12 589 9
12 612 1
12 619 1
12 625 1
12 661 2
12 684 2
12 690 1
12 700 3
12 726 1
12 753 1
12 755 1
12 782 1
12 783 1
12 793 1
12 796 1
12 798 1
12 804 5
12 811 1
12 814 1
12 816 1
12 818 3
12 822 1
12 826 12
12 833 1
12 834 1
12 835 1
12 836 1
12 837 1
12 838 6
12 839 1
12 840 1
12 841 1
12 842 1
12 843 2
12 844 1
12 845 3
12 846 1
12 847 3
12 848 1
12 849 1
12 850 2
12 851 1
12 852 6
12 853 2
12 854 4
12 855 1
12 856 1
12 857 1
12 858 1
12 859 2
12 860 1
12 861 1
12 862 1
12 863 1
12 864 1
12 865 1
12 866 1
12 867 2
12 868 1
12 869 1
12 870 2
12 871 1
