%%MatrixMarket matrix coordinate real general
19 1200 3016                                      
1 1 1
1 2 1
1 3 20
1 4 2
1 5 4
1 6 3
1 7 4
1 8 3
1 9 1
1 10 8
1 11 1
1 12 4
1 13 1
1 14 3
1 15 8
1 16 2
1 17 1
1 18 1
1 19 2
1 20 1
1 21 3
1 22 1
1 23 1
1 24 1
1 25 1
1 26 1
1 27 1
1 28 1
1 29 1
1 30 1
1 31 1
1 32 3
1 33 1
1 34 1
1 35 2
1 36 3
1 37 1
1 38 2
1 39 1
1 40 1
1 41 1
1 42 1
1 43 3
1 44 1
1 45 2
1 46 1
1 47 1
1 48 1
1 49 1
1 50 3
1 51 1
1 52 1
1 53 3
1 54 2
1 55 1
1 56 1
1 57 1
1 58 2
1 59 1
1 60 1
1 61 1
1 62 1
1 63 1
1 64 1
1 65 2
1 66 2
1 67 2
1 68 6
1 69 1
1 70 1
1 71 1
1 72 2
1 73 1
1 74 3
1 75 1
1 76 2
1 77 1
1 78 1
1 79 1
1 80 1
1 81 1
1 82 1
1 83 1
1 84 1
1 85 2
1 86 1
1 87 1
1 88 1
1 89 1
1 90 2
1 91 1
1 92 1
1 93 2
1 94 1
1 95 1
1 96 2
1 97 1
1 98 1
1 99 1
1 100 1
1 101 1
1 102 1
1 103 1
1 104 1
1 105 1
1 106 1
1 107 4
1 108 1
1 109 1
1 110 4
1 111 1
1 112 2
1 113 1
1 114 1
1 115 1
1 116 1
1 117 2
1 118 1
1 119 1
1 120 1
1 121 1
1 122 1
1 123 1
1 124 3
1 125 1
1 126 1
1 127 1
1 128 4
1 129 2
1 130 2
1 131 1
1 132 3
1 133 1
1 134 1
1 135 1
1 136 1
1 137 3
1 138 1
1 139 2
1 140 1
1 141 2
1 142 1
1 143 1
1 144 1
1 145 2
1 146 1
1 147 9
1 148 1
1 149 2
1 150 1
1 151 3
1 152 1
1 153 2
1 154 1
1 155 1
1 156 5
1 157 2
1 158 1
1 159 1
1 160 1
1 161 2
1 162 1
1 163 1
1 164 1
1 165 1
1 166 1
1 167 1
1 168 1
1 169 1
1 170 1
1 171 2
1 172 1
1 173 1
1 174 2
1 175 2
1 176 1
1 177 1
1 178 1
1 179 6
1 180 1
1 181 1
1 182 2
1 183 1
1 184 1
1 185 3
1 186 1
1 187 7
1 188 1
1 189 2
1 190 1
1 191 1
1 192 1
1 193 2
1 194 5
2 3 2
2 10 3
2 12 1
2 14 5
2 15 6
2 31 3
2 35 1
2 38 4
2 43 3
2 48 2
2 52 1
2 53 14
2 54 3
2 55 1
2 56 1
2 57 2
2 58 1
2 59 3
2 60 1
2 61 2
2 70 1
2 76 3
2 77 1
2 82 5
2 89 1
2 90 1
2 96 3
2 97 1
2 102 1
2 110 1
2 117 1
2 118 1
2 131 1
2 132 1
2 135 1
2 141 1
2 151 9
2 161 3
2 163 2
2 171 1
2 176 1
2 177 2
2 178 1
2 180 1
2 182 2
2 186 3
2 187 3
2 195 1
2 196 1
2 197 2
2 198 1
2 199 1
2 200 1
2 201 1
2 202 1
2 203 4
2 204 10
2 205 2
2 206 3
2 207 4
2 208 1
2 209 1
2 210 1
2 211 1
2 212 1
2 213 1
2 214 1
2 215 2
2 216 2
2 217 1
2 218 1
2 219 1
2 220 2
2 221 1
2 222 1
2 223 2
2 224 1
2 225 1
2 226 1
2 227 1
2 228 1
2 229 2
2 230 1
2 231 1
2 232 2
2 233 1
2 234 1
2 235 2
2 236 1
2 237 1
2 238 2
2 239 1
2 240 1
2 241 1
2 242 2
2 243 1
2 244 1
2 245 1
2 246 1
2 247 1
2 248 1
2 249 1
2 250 1
2 251 1
2 252 1
2 253 2
2 254 1
2 255 1
2 256 1
2 257 1
2 258 1
2 259 1
2 260 1
2 261 1
2 262 1
2 263 1
2 264 1
2 265 1
2 266 1
2 267 1
2 268 1
2 269 1
2 270 1
2 271 1
2 272 1
2 273 1
2 274 1
2 275 1
2 276 2
2 277 1
2 278 1
2 279 2
2 280 1
2 281 2
2 282 1
2 283 16
2 284 1
2 285 1
2 286 3
2 287 1
2 288 1
3 1 1
3 2 1
3 3 2
3 10 4
3 14 7
3 25 1
3 28 3
3 31 3
3 35 2
3 38 3
3 43 5
3 44 1
3 49 1
3 52 1
3 54 4
3 55 6
3 56 1
3 57 4
3 58 2
3 62 1
3 67 2
3 68 1
3 70 1
3 76 3
3 77 1
3 81 3
3 82 3
3 90 6
3 96 4
3 102 1
3 107 1
3 110 2
3 111 1
3 113 1
3 116 1
3 117 1
3 128 1
3 132 3
3 137 1
3 138 1
3 145 1
3 147 1
3 148 1
3 150 1
3 151 7
3 153 2
3 157 1
3 161 4
3 163 5
3 169 1
3 171 2
3 176 5
3 177 10
3 178 2
3 180 1
3 183 1
3 185 1
3 186 1
3 187 4
3 193 1
3 194 4
3 196 1
3 197 1
3 198 1
3 199 2
3 201 4
3 202 2
3 203 15
3 204 7
3 205 3
3 206 7
3 207 7
3 209 2
3 212 5
3 214 2
3 223 2
3 224 3
3 228 1
3 232 5
3 233 1
3 236 1
3 237 1
3 238 1
3 239 1
3 241 1
3 242 2
3 245 2
3 253 8
3 254 1
3 256 1
3 258 3
3 259 1
3 260 3
3 261 1
3 264 1
3 269 1
3 270 2
3 271 1
3 272 1
3 277 1
3 279 2
3 280 1
3 283 1
3 284 1
3 286 1
3 288 1
3 289 1
3 290 1
3 291 16
3 292 1
3 293 1
3 294 1
3 295 1
3 296 3
3 297 1
3 298 1
3 299 1
3 300 1
3 301 1
3 302 2
3 303 1
3 304 1
3 305 1
3 306 1
3 307 1
3 308 2
3 309 1
3 310 1
3 311 1
3 312 4
3 313 1
3 314 1
3 315 2
3 316 1
3 317 1
3 318 2
3 319 1
3 320 1
3 321 1
3 322 1
3 323 1
3 324 1
3 325 1
3 326 1
3 327 1
3 328 1
3 329 1
3 330 1
3 331 1
3 332 1
3 333 1
3 334 1
3 335 1
3 336 1
3 337 2
3 338 1
3 339 2
3 340 1
3 341 1
3 342 1
3 343 2
3 344 1
3 345 2
3 346 1
3 347 1
3 348 2
3 349 1
3 350 1
3 351 4
3 352 1
3 353 1
3 354 3
3 355 1
3 356 1
3 357 1
3 358 1
3 359 1
3 360 1
3 361 1
3 362 1
3 363 1
3 364 2
3 365 1
3 366 2
3 367 1
3 368 1
3 369 2
3 370 1
3 371 1
3 372 3
3 373 1
3 374 1
3 375 2
3 376 1
3 377 1
3 378 1
3 379 1
3 380 1
3 381 1
3 382 1
3 383 1
3 384 1
3 385 1
3 386 1
3 387 1
3 388 1
3 389 1
3 390 1
4 2 1
4 3 2
4 10 3
4 14 3
4 15 8
4 22 1
4 24 1
4 26 1
4 28 1
4 29 1
4 31 2
4 42 2
4 43 3
4 51 1
4 52 1
4 54 9
4 55 2
4 58 3
4 61 1
4 64 3
4 68 1
4 76 1
4 77 1
4 79 3
4 81 1
4 82 2
4 89 1
4 90 4
4 96 1
4 98 1
4 99 5
4 110 3
4 111 2
4 113 3
4 116 1
4 117 3
4 121 1
4 124 1
4 128 2
4 129 1
4 145 2
4 146 2
4 148 1
4 150 1
4 151 4
4 154 1
4 157 1
4 161 1
4 165 3
4 166 1
4 168 1
4 171 2
4 177 1
4 178 2
4 179 4
4 180 4
4 182 1
4 183 2
4 185 3
4 187 4
4 191 1
4 194 11
4 196 2
4 198 1
4 207 3
4 208 2
4 214 1
4 216 1
4 219 5
4 221 3
4 226 1
4 230 1
4 232 3
4 233 5
4 236 1
4 237 1
4 239 1
4 244 1
4 246 1
4 254 1
4 255 3
4 259 1
4 260 1
4 261 2
4 264 1
4 273 2
4 274 2
4 279 2
4 287 1
4 296 1
4 316 1
4 321 9
4 343 1
4 344 2
4 345 3
4 356 1
4 372 21
4 391 1
4 392 1
4 393 1
4 394 2
4 395 1
4 396 1
4 397 1
4 398 1
4 399 1
4 400 1
4 401 2
4 402 1
4 403 1
4 404 1
4 405 1
4 406 3
4 407 1
4 408 1
4 409 1
4 410 10
4 411 2
4 412 1
4 413 1
4 414 1
4 415 1
4 416 1
4 417 2
4 418 1
4 419 10
4 420 1
4 421 2
4 422 2
4 423 1
4 424 2
4 425 1
4 426 3
4 427 1
4 428 5
4 429 14
4 430 1
4 431 1
4 432 1
4 433 1
4 434 1
4 435 1
4 436 3
4 437 2
4 438 1
4 439 1
4 440 1
4 441 1
4 442 1
4 443 1
4 444 1
4 445 1
4 446 2
4 447 1
4 448 1
4 449 1
4 450 1
4 451 1
4 452 1
4 453 1
4 454 1
4 455 1
4 456 1
4 457 1
4 458 2
4 459 1
4 460 1
4 461 1
4 462 1
4 463 1
4 464 1
4 465 1
4 466 1
4 467 9
4 468 1
4 469 1
4 470 3
4 471 1
4 472 1
4 473 1
4 474 1
4 475 1
4 476 1
4 477 2
4 478 1
4 479 1
4 480 1
5 1 1
5 3 4
5 6 1
5 10 4
5 11 1
5 14 3
5 15 11
5 27 8
5 30 1
5 31 1
5 35 1
5 40 1
5 42 1
5 43 4
5 55 1
5 56 2
5 57 2
5 58 1
5 62 1
5 64 1
5 70 1
5 76 1
5 77 1
5 81 1
5 82 4
5 84 1
5 89 2
5 96 1
5 102 1
5 104 1
5 113 1
5 114 3
5 126 1
5 132 2
5 142 1
5 146 1
5 151 6
5 161 1
5 162 1
5 166 1
5 171 2
5 174 1
5 176 7
5 177 10
5 179 1
5 180 4
5 181 5
5 186 12
5 187 2
5 189 1
5 190 1
5 198 1
5 211 1
5 216 2
5 218 1
5 226 2
5 229 1
5 230 4
5 234 2
5 242 2
5 246 2
5 251 2
5 259 1
5 260 1
5 280 1
5 318 3
5 328 1
5 329 2
5 339 1
5 345 1
5 370 2
5 372 7
5 383 1
5 384 1
5 409 1
5 414 1
5 436 1
5 439 2
5 445 1
5 461 1
5 467 2
5 481 3
5 482 1
5 483 1
5 484 1
5 485 2
5 486 1
5 487 1
5 488 2
5 489 1
5 490 3
5 491 3
5 492 2
5 493 5
5 494 1
5 495 1
5 496 2
5 497 3
5 498 1
5 499 1
5 500 2
5 501 1
5 502 1
5 503 1
5 504 1
5 505 2
5 506 1
5 507 1
5 508 1
5 509 2
5 510 2
5 511 5
5 512 1
5 513 3
5 514 1
5 515 2
5 516 1
5 517 1
5 518 1
5 519 1
5 520 6
5 521 1
5 522 1
5 523 2
5 524 1
5 525 2
5 526 1
5 527 1
5 528 1
5 529 1
5 530 1
5 531 28
5 532 2
5 533 4
5 534 2
5 535 1
5 536 1
5 537 1
5 538 1
5 539 22
5 540 3
5 541 1
5 542 1
5 543 1
5 544 1
5 545 1
5 546 4
5 547 1
5 548 1
5 549 15
5 550 1
5 551 1
5 552 2
5 553 1
6 1 1
6 3 1
6 6 9
6 10 1
6 14 4
6 16 3
6 25 3
6 31 1
6 35 8
6 43 3
6 49 1
6 50 2
6 52 1
6 54 3
6 55 1
6 56 1
6 57 2
6 64 1
6 68 2
6 70 1
6 76 1
6 77 1
6 82 4
6 96 2
6 99 2
6 104 1
6 110 1
6 116 1
6 132 1
6 138 1
6 148 1
6 151 6
6 154 1
6 160 10
6 161 1
6 169 1
6 171 2
6 176 10
6 177 9
6 178 1
6 179 9
6 182 1
6 183 1
6 185 2
6 186 4
6 187 3
6 192 1
6 194 2
6 196 1
6 211 1
6 212 1
6 214 7
6 216 2
6 243 1
6 246 10
6 247 1
6 251 1
6 254 1
6 255 12
6 256 1
6 257 2
6 259 2
6 266 1
6 274 2
6 277 1
6 278 1
6 280 1
6 291 11
6 301 1
6 315 1
6 342 1
6 344 1
6 345 1
6 361 1
6 387 2
6 390 1
6 400 1
6 409 1
6 413 1
6 419 1
6 421 1
6 427 1
6 431 1
6 438 1
6 445 1
6 462 2
6 463 1
6 473 2
6 478 1
6 481 2
6 482 1
6 491 1
6 492 1
6 495 1
6 505 2
6 509 3
6 517 3
6 518 5
6 520 2
6 531 3
6 535 1
6 536 1
6 538 4
6 540 3
6 549 30
6 554 1
6 555 1
6 556 3
6 557 5
6 558 1
6 559 2
6 560 2
6 561 4
6 562 1
6 563 1
6 564 6
6 565 8
6 566 1
6 567 1
6 568 8
6 569 1
6 570 3
6 571 10
6 572 3
6 573 1
6 574 1
6 575 1
6 576 1
6 577 2
6 578 1
6 579 1
6 580 1
6 581 1
6 582 1
6 583 3
6 584 1
6 585 3
6 586 1
6 587 1
6 588 2
6 589 2
6 590 2
6 591 3
6 592 1
6 593 2
6 594 3
6 595 1
6 596 1
6 597 3
6 598 1
6 599 1
6 600 6
6 601 1
6 602 1
6 603 1
6 604 1
6 605 1
6 606 1
6 607 5
6 608 1
6 609 1
6 610 3
6 611 1
6 612 1
6 613 3
6 614 1
6 615 1
6 616 1
6 617 1
6 618 1
6 619 1
6 620 1
6 621 2
6 622 1
6 623 1
6 624 2
6 625 1
6 626 2
6 627 3
6 628 1
6 629 4
6 630 1
6 631 1
6 632 2
6 633 1
6 634 1
6 635 1
6 636 1
6 637 1
6 638 1
6 639 1
6 640 3
6 641 4
6 642 1
6 643 1
6 644 7
6 645 1
6 646 1
6 647 1
6 648 1
6 649 2
6 650 1
7 1 2
7 2 1
7 3 5
7 4 1
7 10 1
7 14 7
7 15 8
7 28 1
7 31 3
7 35 7
7 38 3
7 43 3
7 46 1
7 49 1
7 54 10
7 55 1
7 56 1
7 57 3
7 58 1
7 61 6
7 62 1
7 68 11
7 70 1
7 72 1
7 76 3
7 77 1
7 81 1
7 82 4
7 83 1
7 90 3
7 93 1
7 96 3
7 107 2
7 109 1
7 113 4
7 116 1
7 117 1
7 132 1
7 135 1
7 137 1
7 138 8
7 148 1
7 150 4
7 151 8
7 153 2
7 157 1
7 160 1
7 161 1
7 169 3
7 171 1
7 176 9
7 177 3
7 179 4
7 183 2
7 186 7
7 187 6
7 193 2
7 194 6
7 196 2
7 198 3
7 205 1
7 207 6
7 211 2
7 212 3
7 214 3
7 216 2
7 226 1
7 230 2
7 232 2
7 233 2
7 236 1
7 237 1
7 242 3
7 243 1
7 244 10
7 246 1
7 247 1
7 251 1
7 255 8
7 256 1
7 257 5
7 259 1
7 264 1
7 267 1
7 278 5
7 279 2
7 281 3
7 284 1
7 286 1
7 288 1
7 301 2
7 304 1
7 311 1
7 314 1
7 321 1
7 338 1
7 339 1
7 341 3
7 342 1
7 343 1
7 345 1
7 355 1
7 361 1
7 370 1
7 390 1
7 399 1
7 409 2
7 415 1
7 431 1
7 438 2
7 439 1
7 461 5
7 462 6
7 483 3
7 494 3
7 501 2
7 505 1
7 519 3
7 524 2
7 549 5
7 560 1
7 564 6
7 574 1
7 581 1
7 600 1
7 618 1
7 651 1
7 652 1
7 653 1
7 654 2
7 655 1
7 656 1
7 657 1
7 658 1
7 659 2
7 660 1
7 661 1
7 662 1
7 663 1
7 664 1
7 665 1
7 666 1
7 667 1
7 668 1
7 669 1
7 670 1
7 671 1
7 672 1
7 673 1
7 674 1
7 675 1
7 676 1
7 677 1
7 678 2
7 679 1
7 680 1
7 681 1
7 682 1
7 683 4
7 684 1
7 685 1
7 686 1
7 687 1
7 688 2
7 689 1
7 690 1
7 691 1
7 692 1
7 693 7
7 694 1
7 695 1
7 696 1
7 697 1
7 698 2
7 699 2
7 700 1
7 701 2
7 702 3
7 703 1
7 704 1
7 705 2
7 706 1
7 707 1
7 708 3
7 709 1
7 710 1
7 711 1
7 712 1
7 713 1
7 714 1
7 715 6
7 716 1
7 717 31
8 3 1
8 10 3
8 14 5
8 15 4
8 19 1
8 31 3
8 35 1
8 38 1
8 43 2
8 53 3
8 54 2
8 57 2
8 58 1
8 59 1
8 70 1
8 71 1
8 77 1
8 79 21
8 82 4
8 90 1
8 96 1
8 107 1
8 110 1
8 117 1
8 131 1
8 132 1
8 143 1
8 146 31
8 151 8
8 153 1
8 157 1
8 161 1
8 163 1
8 166 1
8 177 4
8 178 1
8 179 5
8 180 1
8 183 2
8 186 2
8 187 1
8 190 1
8 194 9
8 196 4
8 197 2
8 198 2
8 205 3
8 207 1
8 211 1
8 212 2
8 216 1
8 219 2
8 221 1
8 234 1
8 235 1
8 236 1
8 237 1
8 241 2
8 246 5
8 248 1
8 251 1
8 259 1
8 260 1
8 264 1
8 279 2
8 285 1
8 304 1
8 341 1
8 345 2
8 359 2
8 370 1
8 372 7
8 383 1
8 387 3
8 390 4
8 392 1
8 402 3
8 403 1
8 405 1
8 426 9
8 429 2
8 433 3
8 434 1
8 438 2
8 448 8
8 453 5
8 455 2
8 461 1
8 463 1
8 474 2
8 495 1
8 506 1
8 524 1
8 531 1
8 540 2
8 564 2
8 580 1
8 667 1
8 683 1
8 685 1
8 691 1
8 714 1
8 716 4
8 718 1
8 719 1
8 720 2
8 721 1
8 722 1
8 723 1
8 724 2
8 725 4
8 726 2
8 727 2
8 728 1
8 729 1
8 730 1
8 731 1
8 732 1
8 733 3
8 734 1
8 735 1
8 736 1
8 737 1
8 738 1
8 739 1
8 740 1
8 741 1
8 742 1
8 743 1
8 744 2
8 745 1
8 746 1
8 747 1
8 748 1
8 749 3
8 750 2
8 751 10
8 752 1
8 753 1
8 754 1
8 755 1
8 756 1
8 757 1
8 758 1
8 759 1
8 760 1
9 14 1
9 131 1
9 233 1
9 317 1
9 328 1
9 344 1
9 419 1
9 462 1
9 761 1
9 762 1
9 763 3
9 764 1
9 765 1
9 766 1
9 767 2
9 768 1
9 769 1
9 770 1
10 1 1
10 3 3
10 7 1
10 10 1
10 14 3
10 28 1
10 31 1
10 35 4
10 37 1
10 40 1
10 43 5
10 44 1
10 45 4
10 52 1
10 54 4
10 56 1
10 57 6
10 58 1
10 61 1
10 70 1
10 77 1
10 79 20
10 81 1
10 82 3
10 89 4
10 96 1
10 99 1
10 107 2
10 110 1
10 113 1
10 116 1
10 119 1
10 129 1
10 137 1
10 143 2
10 146 16
10 148 1
10 151 5
10 153 1
10 154 2
10 157 1
10 160 4
10 161 1
10 171 1
10 176 9
10 177 4
10 178 1
10 179 2
10 183 1
10 186 5
10 187 1
10 193 5
10 194 15
10 198 1
10 211 2
10 214 1
10 216 2
10 217 7
10 219 3
10 242 4
10 246 11
10 251 1
10 254 1
10 259 1
10 274 1
10 286 1
10 291 16
10 298 2
10 304 2
10 321 7
10 369 1
10 372 16
10 390 2
10 408 2
10 409 3
10 424 3
10 426 3
10 434 1
10 438 2
10 461 15
10 462 1
10 463 2
10 478 1
10 479 1
10 482 1
10 491 2
10 492 1
10 493 1
10 501 1
10 512 1
10 515 1
10 518 2
10 524 1
10 531 6
10 534 2
10 542 2
10 549 16
10 564 4
10 570 1
10 574 1
10 581 3
10 617 1
10 667 1
10 690 1
10 691 4
10 696 1
10 705 1
10 707 2
10 716 1
10 718 4
10 742 1
10 757 1
10 760 1
10 765 2
10 770 5
10 771 1
10 772 1
10 773 1
10 774 3
10 775 1
10 776 1
10 777 1
10 778 2
10 779 11
10 780 2
10 781 1
10 782 2
10 783 1
10 784 2
10 785 1
10 786 3
10 787 1
10 788 2
10 789 3
10 790 5
10 791 3
10 792 1
10 793 1
10 794 1
10 795 3
10 796 1
10 797 1
10 798 1
10 799 2
10 800 1
10 801 1
10 802 8
10 803 23
10 804 2
11 3 1
11 10 4
11 14 4
11 15 7
11 31 3
11 35 1
11 38 12
11 43 4
11 45 1
11 48 1
11 54 7
11 55 7
11 57 3
11 58 1
11 67 1
11 68 3
11 70 1
11 76 1
11 77 1
11 82 5
11 90 1
11 96 1
11 102 1
11 107 1
11 110 1
11 116 1
11 117 2
11 132 2
11 141 2
11 144 2
11 148 1
11 151 9
11 161 1
11 169 1
11 171 1
11 176 1
11 183 1
11 186 6
11 196 1
11 205 1
11 207 2
11 208 7
11 212 1
11 215 2
11 216 4
11 230 1
11 232 8
11 233 10
11 236 1
11 237 1
11 242 4
11 246 3
11 251 1
11 259 1
11 261 1
11 264 1
11 277 1
11 278 2
11 279 2
11 280 1
11 282 3
11 288 1
11 296 3
11 311 1
11 321 1
11 338 1
11 339 1
11 342 1
11 345 1
11 346 1
11 378 4
11 383 1
11 391 2
11 406 1
11 410 4
11 417 1
11 433 1
11 439 1
11 449 1
11 464 2
11 508 2
11 581 1
11 597 1
11 618 1
11 625 1
11 701 1
11 714 1
11 716 2
11 744 1
11 746 1
11 754 1
11 790 1
11 791 1
11 798 1
11 805 7
11 806 1
11 807 3
11 808 4
11 809 10
11 810 1
11 811 1
11 812 1
11 813 1
11 814 1
11 815 2
11 816 1
11 817 1
11 818 3
11 819 1
11 820 1
11 821 1
11 822 1
11 823 1
11 824 1
11 825 1
11 826 1
11 827 1
11 828 1
11 829 1
11 830 1
11 831 11
11 832 1
11 833 1
11 834 1
11 835 1
11 836 1
11 837 1
12 3 14
12 10 8
12 13 1
12 14 3
12 15 7
12 31 3
12 35 3
12 38 6
12 43 3
12 45 1
12 54 6
12 55 1
12 57 2
12 58 2
12 60 1
12 61 2
12 65 12
12 70 1
12 71 1
12 74 1
12 77 1
12 82 5
12 90 2
12 96 1
12 102 1
12 107 2
12 113 1
12 116 1
12 117 1
12 124 1
12 129 1
12 132 2
12 135 1
12 141 3
12 144 8
12 148 1
12 150 1
12 151 9
12 153 2
12 161 1
12 171 2
12 179 4
12 180 5
12 182 2
12 183 2
12 186 14
12 187 4
12 193 7
12 197 2
12 198 1
12 200 2
12 207 7
12 208 1
12 211 2
12 212 1
12 214 1
12 216 13
12 218 1
12 219 3
12 221 2
12 232 3
12 233 10
12 235 1
12 236 1
12 237 1
12 242 3
12 251 3
12 256 1
12 259 1
12 261 1
12 264 1
12 269 1
12 272 1
12 279 2
12 280 1
12 307 1
12 339 1
12 345 1
12 361 3
12 390 5
12 406 1
12 438 1
12 439 8
12 468 1
12 489 1
12 501 2
12 507 11
12 508 1
12 512 1
12 524 4
12 531 2
12 538 1
12 594 9
12 617 1
12 624 1
12 630 1
12 667 2
12 690 2
12 696 1
12 705 3
12 731 1
12 757 1
12 759 1
12 787 1
12 788 1
12 798 1
12 801 1
12 803 1
12 809 5
12 816 1
12 819 1
12 821 1
12 823 3
12 827 1
12 831 12
12 838 1
12 839 1
12 840 1
12 841 1
12 842 1
12 843 6
12 844 1
12 845 1
12 846 1
12 847 1
12 848 2
12 849 1
12 850 3
12 851 1
12 852 3
12 853 1
12 854 1
12 855 2
12 856 1
12 857 6
12 858 2
12 859 4
12 860 1
12 861 1
12 862 1
12 863 1
12 864 2
12 865 1
12 866 1
12 867 1
12 868 1
12 869 1
12 870 1
12 871 1
12 872 2
12 873 1
12 874 1
12 875 2
12 876 1
13 2 2
13 3 4
13 6 3
13 10 6
13 12 1
13 14 4
13 15 16
13 28 1
13 31 1
13 35 4
13 38 2
13 43 4
13 45 2
13 54 4
13 56 2
13 57 2
13 58 2
13 61 1
13 68 1
13 70 1
13 77 1
13 79 3
13 81 2
13 82 2
13 89 4
13 90 4
13 95 2
13 96 2
13 102 1
13 110 4
13 116 1
13 124 1
13 125 1
13 142 1
13 143 1
13 146 5
13 147 1
13 148 1
13 151 4
13 161 2
13 163 1
13 165 2
13 169 1
13 171 2
13 174 1
13 176 1
13 177 3
13 179 10
13 180 2
13 183 14
13 186 4
13 187 2
13 194 18
13 200 1
13 205 2
13 207 1
13 212 2
13 214 3
13 216 2
13 218 1
13 219 2
13 246 3
13 248 3
13 251 2
13 255 1
13 256 1
13 259 1
13 266 1
13 269 1
13 271 2
13 284 1
13 286 1
13 301 2
13 343 1
13 345 3
13 346 1
13 351 1
13 356 1
13 359 4
13 369 1
13 372 29
13 379 1
13 385 1
13 388 2
13 402 1
13 403 3
13 411 1
13 412 1
13 413 1
13 419 30
13 423 1
13 429 1
13 436 1
13 438 2
13 439 1
13 463 2
13 467 1
13 483 2
13 489 2
13 493 1
13 494 1
13 530 1
13 535 2
13 580 2
13 693 4
13 701 1
13 705 1
13 716 1
13 746 2
13 752 6
13 757 1
13 784 2
13 790 2
13 822 1
13 877 1
13 878 3
13 879 1
13 880 1
13 881 1
13 882 1
13 883 1
13 884 1
13 885 2
13 886 1
13 887 1
13 888 1
13 889 2
13 890 1
13 891 2
13 892 1
13 893 1
13 894 1
13 895 1
13 896 10
13 897 2
13 898 4
13 899 1
13 900 1
13 901 1
13 902 1
13 903 1
13 904 1
13 905 5
13 906 2
13 907 2
13 908 3
13 909 1
13 910 4
13 911 1
13 912 1
13 913 1
13 914 2
13 915 1
13 916 1
13 917 1
13 918 1
13 919 1
13 920 1
13 921 1
13 922 1
13 923 1
13 924 1
13 925 1
13 926 1
13 927 1
13 928 1
13 929 2
13 930 1
14 2 1
14 3 2
14 10 2
14 14 5
14 15 17
14 19 1
14 24 1
14 26 1
14 29 1
14 31 3
14 35 3
14 38 1
14 43 3
14 45 1
14 54 5
14 55 2
14 56 1
14 57 2
14 58 3
14 60 1
14 70 1
14 76 2
14 77 1
14 81 2
14 82 5
14 89 1
14 90 2
14 96 3
14 102 1
14 107 3
14 111 1
14 113 3
14 116 1
14 117 1
14 119 1
14 124 1
14 128 17
14 129 1
14 131 1
14 132 3
14 138 1
14 141 4
14 144 8
14 148 1
14 150 1
14 151 9
14 159 1
14 161 2
14 165 1
14 171 2
14 176 8
14 177 1
14 179 2
14 183 1
14 186 5
14 187 2
14 191 1
14 193 1
14 194 1
14 197 1
14 200 3
14 205 1
14 207 1
14 214 1
14 216 2
14 226 1
14 232 5
14 233 8
14 236 1
14 237 1
14 242 2
14 246 1
14 251 5
14 259 1
14 261 1
14 264 1
14 279 2
14 280 1
14 282 3
14 284 1
14 286 2
14 287 1
14 311 1
14 318 1
14 321 3
14 339 1
14 350 1
14 351 1
14 387 1
14 390 2
14 402 1
14 403 2
14 412 1
14 417 1
14 424 1
14 429 1
14 436 2
14 438 1
14 439 1
14 448 1
14 456 1
14 459 1
14 463 2
14 467 1
14 476 1
14 491 1
14 493 2
14 501 2
14 505 1
14 507 1
14 517 1
14 524 1
14 540 1
14 613 4
14 625 1
14 627 3
14 680 1
14 689 1
14 693 1
14 701 1
14 705 1
14 716 1
14 725 1
14 734 1
14 757 1
14 758 1
14 769 5
14 791 1
14 797 2
14 798 1
14 807 1
14 809 9
14 816 1
14 818 1
14 831 14
14 834 2
14 835 1
14 872 2
14 880 2
14 882 1
14 884 1
14 894 1
14 901 1
14 931 1
14 932 1
14 933 3
14 934 1
14 935 1
14 936 1
14 937 2
14 938 2
14 939 1
14 940 1
14 941 1
14 942 1
14 943 1
14 944 1
14 945 1
14 946 1
14 947 1
14 948 8
14 949 1
14 950 1
14 951 1
14 952 1
14 953 2
14 954 1
14 955 1
14 956 1
14 957 1
14 958 1
14 959 2
14 960 1
14 961 1
14 962 1
14 963 1
14 964 2
14 965 4
14 966 16
14 967 1
14 968 1
14 969 3
14 970 1
14 971 1
15 1 1
15 3 9
15 14 4
15 15 26
15 16 1
15 27 2
15 35 3
15 38 4
15 43 3
15 49 1
15 53 2
15 54 4
15 56 1
15 57 3
15 58 2
15 61 1
15 67 1
15 68 1
15 74 1
15 75 1
15 76 1
15 82 1
15 89 4
15 91 1
15 96 1
15 99 2
15 100 1
15 107 4
15 109 2
15 113 4
15 116 1
15 119 1
15 124 2
15 131 1
15 135 1
15 137 3
15 140 1
15 141 1
15 142 2
15 146 15
15 148 1
15 149 1
15 151 1
15 153 1
15 154 3
15 157 2
15 160 4
15 161 1
15 169 2
15 170 2
15 171 2
15 176 13
15 177 10
15 179 4
15 182 1
15 183 1
15 185 5
15 186 10
15 187 2
15 193 1
15 194 1
15 196 1
15 197 1
15 207 9
15 211 9
15 212 9
15 214 3
15 226 1
15 235 1
15 242 2
15 243 1
15 244 1
15 246 16
15 251 1
15 255 3
15 259 3
15 261 2
15 271 2
15 283 2
15 286 5
15 289 3
15 307 1
15 311 1
15 316 1
15 319 1
15 321 1
15 338 1
15 339 1
15 344 2
15 345 3
15 355 1
15 361 2
15 363 1
15 369 4
15 372 17
15 375 1
15 385 2
15 390 1
15 391 1
15 408 3
15 409 1
15 417 1
15 424 8
15 429 2
15 434 1
15 438 1
15 461 8
15 463 2
15 467 3
15 468 3
15 478 2
15 479 6
15 481 2
15 483 1
15 484 1
15 485 1
15 491 7
15 501 3
15 505 1
15 509 1
15 510 2
15 520 2
15 524 1
15 531 4
15 534 2
15 535 2
15 537 1
15 540 1
15 542 4
15 549 13
15 564 4
15 568 1
15 574 2
15 576 1
15 580 2
15 593 12
15 596 1
15 600 2
15 622 1
15 627 2
15 654 2
15 660 1
15 665 1
15 667 1
15 678 1
15 690 10
15 726 1
15 731 1
15 735 1
15 757 3
15 758 1
15 764 2
15 771 1
15 773 1
15 775 2
15 779 1
15 781 6
15 789 4
15 791 1
15 793 1
15 794 2
15 797 2
15 799 1
15 802 5
15 806 1
15 821 2
15 849 1
15 861 1
15 906 2
15 915 1
15 924 1
15 927 9
15 935 1
15 946 2
15 951 1
15 960 1
15 967 1
15 972 1
15 973 1
15 974 2
15 975 1
15 976 1
15 977 2
15 978 2
15 979 2
15 980 1
15 981 1
15 982 1
15 983 1
15 984 2
15 985 1
15 986 1
15 987 1
15 988 1
15 989 1
15 990 2
15 991 5
15 992 1
15 993 2
15 994 1
15 995 1
15 996 9
15 997 9
15 998 1
15 999 1
15 1000 2
15 1001 1
15 1002 3
15 1003 2
15 1004 1
15 1005 1
15 1006 1
15 1007 1
15 1008 1
15 1009 1
15 1010 1
15 1011 1
15 1012 3
15 1013 1
15 1014 1
15 1015 1
15 1016 1
15 1017 1
15 1018 1
15 1019 1
16 1 2
16 2 4
16 3 3
16 11 1
16 13 1
16 14 18
16 15 18
16 19 2
16 21 8
16 27 1
16 31 1
16 35 1
16 38 1
16 43 4
16 45 1
16 46 4
16 49 1
16 52 1
16 54 1
16 57 1
16 58 6
16 61 3
16 67 3
16 68 1
16 70 1
16 74 5
16 76 1
16 82 2
16 89 4
16 96 1
16 98 1
16 102 1
16 110 2
16 113 7
16 116 1
16 118 3
16 131 6
16 132 2
16 135 1
16 142 3
16 144 1
16 147 7
16 148 1
16 151 4
16 157 1
16 159 1
16 161 1
16 166 1
16 171 3
16 177 2
16 178 2
16 179 7
16 183 3
16 186 6
16 187 1
16 198 3
16 206 3
16 211 1
16 212 1
16 216 1
16 219 13
16 221 1
16 222 1
16 223 6
16 226 1
16 227 2
16 240 5
16 241 1
16 248 1
16 249 1
16 254 1
16 259 2
16 260 1
16 261 3
16 269 2
16 270 5
16 271 1
16 287 1
16 290 1
16 299 1
16 303 1
16 307 2
16 327 1
16 342 3
16 345 4
16 346 1
16 355 1
16 356 1
16 361 2
16 363 1
16 367 1
16 382 1
16 383 1
16 386 2
16 390 6
16 403 2
16 408 1
16 413 1
16 416 1
16 419 4
16 429 2
16 431 2
16 434 5
16 436 1
16 439 2
16 441 2
16 450 5
16 462 1
16 476 2
16 481 1
16 484 1
16 487 1
16 489 1
16 498 1
16 500 1
16 508 1
16 524 8
16 535 1
16 538 4
16 542 1
16 559 1
16 560 2
16 562 1
16 567 1
16 576 1
16 598 1
16 603 1
16 608 1
16 616 2
16 635 1
16 643 2
16 651 2
16 680 1
16 681 1
16 701 10
16 726 1
16 741 2
16 752 1
16 784 1
16 809 1
16 813 1
16 816 2
16 832 1
16 841 1
16 852 1
16 870 1
16 903 3
16 919 1
16 924 21
16 933 2
16 938 1
16 961 1
16 1000 2
16 1020 1
16 1021 2
16 1022 1
16 1023 1
16 1024 3
16 1025 1
16 1026 1
16 1027 1
16 1028 1
16 1029 1
16 1030 1
16 1031 1
16 1032 3
16 1033 3
16 1034 1
16 1035 1
16 1036 2
16 1037 1
16 1038 1
16 1039 2
16 1040 1
16 1041 3
16 1042 1
16 1043 1
16 1044 1
16 1045 1
16 1046 1
16 1047 2
16 1048 1
16 1049 1
16 1050 2
16 1051 1
16 1052 1
16 1053 3
16 1054 1
16 1055 1
16 1056 1
16 1057 1
16 1058 1
16 1059 1
16 1060 1
16 1061 2
16 1062 1
16 1063 1
16 1064 6
16 1065 1
16 1066 1
16 1067 2
16 1068 1
16 1069 1
16 1070 1
16 1071 2
16 1072 1
16 1073 1
16 1074 1
16 1075 1
16 1076 1
16 1077 2
16 1078 2
16 1079 1
16 1080 1
16 1081 1
16 1082 2
16 1083 1
16 1084 1
16 1085 2
16 1086 2
16 1087 2
16 1088 1
16 1089 3
16 1090 2
16 1091 1
16 1092 1
16 1093 1
16 1094 1
16 1095 1
16 1096 1
16 1097 1
16 1098 1
16 1099 1
16 1100 1
16 1101 2
16 1102 1
16 1103 1
16 1104 1
16 1105 1
16 1106 1
16 1107 1
16 1108 1
16 1109 1
16 1110 1
16 1111 1
16 1112 2
16 1113 1
16 1114 1
16 1115 1
16 1116 3
16 1117 1
16 1118 1
16 1119 2
16 1120 1
16 1121 1
16 1122 11
16 1123 3
16 1124 3
16 1125 47
16 1126 1
16 1127 3
16 1128 5
16 1129 1
16 1130 4
16 1131 1
16 1132 2
16 1133 3
16 1134 1
16 1135 1
16 1136 1
16 1137 3
16 1138 1
16 1139 1
16 1140 1
16 1141 4
16 1142 1
16 1143 3
16 1144 2
16 1145 1
16 1146 1
16 1147 1
16 1148 1
16 1149 1
16 1150 1
16 1151 13
16 1152 3
16 1153 1
16 1154 1
16 1155 1
16 1156 1
16 1157 1
17 3 1
17 8 3
17 10 3
17 14 1
17 30 1
17 35 1
17 38 1
17 46 1
17 49 1
17 53 2
17 54 2
17 55 1
17 59 2
17 64 1
17 68 3
17 79 1
17 82 1
17 83 1
17 90 1
17 91 2
17 104 1
17 111 1
17 118 2
17 137 1
17 139 3
17 146 1
17 153 1
17 154 1
17 169 1
17 176 4
17 177 1
17 194 1
17 196 2
17 208 1
17 211 1
17 216 1
17 223 1
17 233 2
17 239 1
17 242 2
17 248 3
17 249 2
17 259 1
17 260 2
17 261 3
17 282 1
17 291 6
17 304 1
17 313 1
17 315 1
17 345 1
17 359 1
17 372 1
17 388 1
17 390 1
17 392 1
17 404 1
17 421 1
17 429 2
17 434 1
17 438 2
17 439 1
17 461 1
17 462 1
17 476 1
17 491 1
17 535 1
17 564 1
17 581 1
17 594 1
17 705 1
17 724 2
17 727 1
17 784 1
17 831 1
17 902 1
17 915 1
17 918 1
17 929 1
17 1054 1
17 1095 1
17 1100 1
17 1144 1
17 1158 1
17 1159 1
17 1160 1
17 1161 1
17 1162 1
17 1163 1
17 1164 1
17 1165 1
17 1166 1
17 1167 1
17 1168 1
17 1169 1
17 1170 11
17 1171 1
17 1172 1
17 1173 2
17 1174 1
17 1175 1
17 1176 1
17 1177 2
17 1178 1
18 3 4
18 10 2
18 14 7
18 15 3
18 16 2
18 35 2
18 37 1
18 49 1
18 52 2
18 57 2
18 64 1
18 67 1
18 72 1
18 80 1
18 83 1
18 107 6
18 110 1
18 120 1
18 131 1
18 142 1
18 147 1
18 153 1
18 177 1
18 178 1
18 187 4
18 189 1
18 193 1
18 196 2
18 205 1
18 239 1
18 278 2
18 283 1
18 298 12
18 304 2
18 326 1
18 329 1
18 339 1
18 345 1
18 390 1
18 438 1
18 450 1
18 462 1
18 491 1
18 518 1
18 530 1
18 531 2
18 544 1
18 627 1
18 666 1
18 668 1
18 724 1
18 744 1
18 768 1
18 808 1
18 812 1
18 848 1
18 881 1
18 902 1
18 919 2
18 1000 1
18 1094 1
18 1095 1
18 1116 1
18 1125 1
18 1142 1
18 1151 1
18 1165 1
18 1179 3
18 1180 3
18 1181 1
18 1182 1
18 1183 1
18 1184 2
18 1185 1
18 1186 1
18 1187 1
18 1188 1
18 1189 1
18 1190 2
18 1191 1
18 1192 1
19 2 2
19 3 4
19 10 2
19 13 1
19 14 4
19 15 5
19 16 2
19 35 1
19 37 1
19 38 1
19 49 1
19 52 2
19 57 1
19 64 1
19 80 1
19 83 1
19 99 3
19 107 3
19 110 1
19 121 1
19 124 1
19 131 2
19 135 1
19 138 1
19 142 1
19 153 1
19 160 1
19 177 1
19 178 1
19 186 1
19 187 4
19 194 3
19 206 1
19 212 2
19 223 1
19 226 2
19 239 1
19 257 1
19 261 1
19 269 1
19 298 12
19 304 1
19 323 1
19 370 2
19 386 1
19 424 1
19 438 1
19 450 1
19 456 2
19 461 1
19 491 1
19 508 1
19 512 1
19 518 1
19 534 1
19 535 1
19 536 1
19 564 1
19 568 3
19 618 1
19 627 1
19 666 1
19 668 1
19 724 1
19 766 2
19 767 1
19 778 1
19 812 2
19 846 2
19 895 1
19 906 1
19 929 1
19 1055 1
19 1094 1
19 1095 1
19 1116 2
19 1165 1
19 1179 1
19 1181 1
19 1183 1
19 1185 1
19 1192 1
19 1193 1
19 1194 2
19 1195 1
19 1196 1
19 1197 1
19 1198 1
19 1199 1
19 1200 1
