%%MatrixMarket matrix coordinate real general
7 713 1289                                        
1 1 1
1 2 1
1 3 20
1 4 2
1 5 4
1 6 3
1 7 4
1 8 3
1 9 1
1 10 8
1 11 1
1 12 4
1 13 1
1 14 3
1 15 8
1 16 2
1 17 1
1 18 1
1 19 2
1 20 1
1 21 3
1 22 1
1 23 1
1 24 1
1 25 1
1 26 1
1 27 1
1 28 1
1 29 1
1 30 1
1 31 1
1 32 3
1 33 1
1 34 1
1 35 2
1 36 3
1 37 1
1 38 2
1 39 1
1 40 1
1 41 1
1 42 1
1 43 3
1 44 1
1 45 2
1 46 1
1 47 1
1 48 1
1 49 1
1 50 3
1 51 1
1 52 1
1 53 3
1 54 2
1 55 1
1 56 1
1 57 1
1 58 2
1 59 1
1 60 1
1 61 1
1 62 1
1 63 3
1 64 1
1 65 1
1 66 2
1 67 2
1 68 2
1 69 6
1 70 1
1 71 1
1 72 1
1 73 2
1 74 1
1 75 3
1 76 1
1 77 3
1 78 1
1 79 1
1 80 2
1 81 1
1 82 1
1 83 1
1 84 1
1 85 2
1 86 1
1 87 1
1 88 1
1 89 1
1 90 2
1 91 1
1 92 1
1 93 2
1 94 1
1 95 1
1 96 2
1 97 1
1 98 1
1 99 1
1 100 1
1 101 1
1 102 1
1 103 1
1 104 1
1 105 1
1 106 1
1 107 4
1 108 1
1 109 1
1 110 5
1 111 2
1 112 2
1 113 1
1 114 1
1 115 1
1 116 1
1 117 2
1 118 1
1 119 1
1 120 1
1 121 1
1 122 1
1 123 1
1 124 3
1 125 1
1 126 1
1 127 1
1 128 4
1 129 2
1 130 2
1 131 1
1 132 3
1 133 1
1 134 1
1 135 1
1 136 1
1 137 3
1 138 2
1 139 2
1 140 1
1 141 2
1 142 1
1 143 1
1 144 1
1 145 2
1 146 1
1 147 1
1 148 10
1 149 2
1 150 1
1 151 3
1 152 1
1 153 2
1 154 1
1 155 1
1 156 5
1 157 2
1 158 1
1 159 1
1 160 1
1 161 2
1 162 1
1 163 1
1 164 1
1 165 1
1 166 1
1 167 1
1 168 1
1 169 1
1 170 1
1 171 1
1 172 2
1 173 1
1 174 1
1 175 2
1 176 2
1 177 1
1 178 1
1 179 1
1 180 6
1 181 1
1 182 1
1 183 2
1 184 1
1 185 1
1 186 3
1 187 1
1 188 7
1 189 1
1 190 2
1 191 1
1 192 1
1 193 1
1 194 2
1 195 5
2 3 2
2 10 3
2 12 1
2 14 5
2 15 6
2 29 1
2 31 3
2 35 1
2 38 4
2 43 3
2 48 2
2 49 1
2 52 1
2 53 14
2 54 3
2 55 1
2 56 1
2 57 2
2 58 1
2 59 3
2 60 1
2 61 2
2 71 2
2 77 4
2 82 5
2 89 1
2 90 1
2 96 3
2 97 1
2 102 1
2 110 2
2 111 1
2 117 1
2 118 1
2 131 1
2 132 1
2 135 1
2 138 1
2 141 1
2 147 1
2 150 1
2 151 9
2 161 3
2 163 2
2 177 1
2 178 2
2 179 1
2 181 1
2 183 2
2 187 3
2 188 3
2 196 1
2 197 1
2 198 2
2 199 1
2 200 1
2 201 1
2 202 1
2 203 1
2 204 1
2 205 1
2 206 16
2 207 2
2 208 3
2 209 4
2 210 1
2 211 1
2 212 1
2 213 1
2 214 1
2 215 1
2 216 1
2 217 2
2 218 2
2 219 1
2 220 1
2 221 1
2 222 2
2 223 1
2 224 1
2 225 2
2 226 1
2 227 1
2 228 1
2 229 1
2 230 2
2 231 1
2 232 1
2 233 2
2 234 1
2 235 1
2 236 2
2 237 2
2 238 2
2 239 1
2 240 1
2 241 1
2 242 2
2 243 1
2 244 1
2 245 1
2 246 1
2 247 1
2 248 1
2 249 1
2 250 1
2 251 1
2 252 1
2 253 14
2 254 1
2 255 1
2 256 1
2 257 1
2 258 1
2 259 1
2 260 1
2 261 1
2 262 1
2 263 1
2 264 1
2 265 1
2 266 1
2 267 1
2 268 1
2 269 1
2 270 1
2 271 1
2 272 1
2 273 1
2 274 2
2 275 1
2 276 1
2 277 2
2 278 1
2 279 2
2 280 1
2 281 16
2 282 1
2 283 1
2 284 3
2 285 1
2 286 1
3 1 1
3 2 1
3 3 2
3 10 4
3 14 7
3 25 1
3 28 3
3 29 1
3 31 3
3 35 2
3 38 3
3 43 5
3 44 1
3 49 1
3 52 1
3 54 4
3 55 6
3 56 1
3 57 4
3 58 2
3 62 1
3 68 2
3 69 1
3 71 1
3 77 4
3 81 3
3 82 3
3 90 6
3 96 4
3 102 1
3 107 1
3 110 4
3 111 2
3 113 1
3 116 1
3 117 1
3 128 1
3 132 3
3 137 1
3 138 2
3 145 1
3 147 4
3 148 2
3 150 2
3 151 7
3 153 2
3 157 1
3 161 4
3 163 5
3 166 1
3 170 1
3 172 2
3 177 5
3 178 10
3 179 2
3 181 1
3 184 1
3 186 1
3 187 1
3 188 4
3 194 1
3 195 4
3 197 1
3 198 1
3 199 4
3 200 1
3 201 2
3 202 1
3 204 4
3 205 2
3 206 22
3 207 3
3 208 7
3 209 7
3 211 2
3 214 5
3 216 2
3 220 1
3 225 2
3 226 3
3 229 1
3 233 5
3 234 1
3 237 2
3 238 1
3 239 1
3 241 1
3 242 2
3 245 2
3 253 15
3 254 1
3 256 1
3 258 3
3 259 1
3 260 1
3 267 1
3 268 2
3 269 1
3 270 1
3 275 1
3 277 2
3 278 1
3 281 1
3 282 1
3 284 1
3 286 1
3 287 1
3 288 1
3 289 16
3 290 1
3 291 1
3 292 1
3 293 1
3 294 1
3 295 1
3 296 1
3 297 1
3 298 1
3 299 2
3 300 1
3 301 1
3 302 1
3 303 1
3 304 1
3 305 2
3 306 1
3 307 1
3 308 1
3 309 4
3 310 1
3 311 1
3 312 2
3 313 1
3 314 2
3 315 1
3 316 1
3 317 1
3 318 1
3 319 1
3 320 1
3 321 1
3 322 1
3 323 1
3 324 1
3 325 1
3 326 1
3 327 1
3 328 1
3 329 1
3 330 1
3 331 1
3 332 1
3 333 2
3 334 1
3 335 1
3 336 2
3 337 1
3 338 1
3 339 1
3 340 2
3 341 1
3 342 2
3 343 1
3 344 1
3 345 2
3 346 1
3 347 1
3 348 4
3 349 1
3 350 1
3 351 3
3 352 1
3 353 1
3 354 1
3 355 1
3 356 1
3 357 1
3 358 1
3 359 1
3 360 1
3 361 2
3 362 1
3 363 2
3 364 1
3 365 1
3 366 2
3 367 1
3 368 1
3 369 3
3 370 1
3 371 1
3 372 2
3 373 1
3 374 1
3 375 1
3 376 1
3 377 1
3 378 1
3 379 1
3 380 1
3 381 1
3 382 1
3 383 1
3 384 1
3 385 1
3 386 1
3 387 1
4 2 1
4 3 2
4 10 3
4 14 3
4 15 9
4 22 1
4 24 1
4 26 1
4 28 1
4 29 1
4 31 2
4 42 2
4 43 3
4 49 1
4 51 1
4 52 1
4 54 9
4 55 2
4 58 3
4 61 1
4 65 3
4 69 1
4 71 1
4 77 2
4 79 3
4 80 1
4 81 1
4 82 2
4 89 1
4 90 4
4 96 1
4 98 1
4 99 5
4 110 5
4 111 3
4 113 3
4 116 1
4 117 3
4 121 1
4 124 1
4 128 2
4 129 1
4 145 2
4 146 2
4 147 2
4 148 1
4 150 2
4 151 4
4 154 1
4 157 1
4 160 1
4 161 1
4 165 3
4 166 1
4 167 1
4 169 1
4 172 2
4 178 1
4 179 2
4 180 4
4 181 4
4 183 1
4 184 2
4 186 3
4 188 4
4 192 1
4 195 11
4 197 2
4 199 2
4 200 1
4 202 1
4 209 3
4 210 2
4 216 1
4 218 1
4 220 1
4 221 5
4 223 3
4 231 1
4 233 3
4 234 5
4 237 2
4 239 1
4 244 1
4 246 1
4 254 1
4 255 3
4 259 1
4 260 2
4 271 2
4 272 2
4 277 2
4 285 1
4 313 1
4 317 9
4 340 1
4 341 2
4 342 3
4 353 1
4 369 21
4 388 1
4 389 1
4 390 1
4 391 2
4 392 1
4 393 1
4 394 1
4 395 1
4 396 1
4 397 1
4 398 2
4 399 1
4 400 1
4 401 1
4 402 1
4 403 3
4 404 1
4 405 1
4 406 1
4 407 10
4 408 2
4 409 1
4 410 1
4 411 1
4 412 1
4 413 1
4 414 2
4 415 1
4 416 10
4 417 1
4 418 2
4 419 2
4 420 1
4 421 2
4 422 1
4 423 3
4 424 1
4 425 5
4 426 14
4 427 1
4 428 1
4 429 1
4 430 1
4 431 1
4 432 1
4 433 3
4 434 2
4 435 1
4 436 1
4 437 1
4 438 1
4 439 1
4 440 1
4 441 1
4 442 1
4 443 2
4 444 1
4 445 1
4 446 1
4 447 1
4 448 1
4 449 1
4 450 1
4 451 1
4 452 1
4 453 1
4 454 1
4 455 2
4 456 1
4 457 1
4 458 1
4 459 1
4 460 1
4 461 1
4 462 1
4 463 9
4 464 1
4 465 1
4 466 3
4 467 1
4 468 1
4 469 1
4 470 1
4 471 1
4 472 1
4 473 2
4 474 1
4 475 1
4 476 1
5 1 1
5 3 4
5 6 1
5 10 4
5 11 1
5 14 3
5 15 11
5 27 8
5 29 1
5 30 1
5 31 1
5 35 1
5 40 1
5 42 1
5 43 4
5 49 1
5 55 1
5 56 2
5 57 2
5 58 1
5 62 1
5 65 1
5 71 3
5 77 2
5 81 1
5 82 4
5 84 1
5 89 2
5 96 1
5 102 1
5 104 1
5 111 1
5 113 1
5 114 3
5 126 1
5 132 2
5 138 1
5 142 1
5 146 1
5 147 1
5 151 6
5 160 1
5 161 1
5 162 1
5 167 1
5 172 2
5 175 1
5 177 7
5 178 10
5 180 1
5 181 4
5 182 5
5 187 12
5 188 2
5 190 1
5 191 1
5 200 1
5 213 1
5 218 2
5 220 1
5 230 1
5 231 4
5 235 2
5 242 2
5 246 2
5 251 2
5 259 1
5 278 1
5 314 3
5 324 1
5 325 2
5 336 1
5 342 1
5 367 2
5 369 7
5 380 1
5 381 1
5 406 1
5 411 1
5 433 1
5 436 2
5 442 1
5 458 1
5 463 2
5 477 3
5 478 1
5 479 1
5 480 1
5 481 2
5 482 1
5 483 1
5 484 2
5 485 1
5 486 3
5 487 3
5 488 2
5 489 5
5 490 1
5 491 1
5 492 2
5 493 3
5 494 1
5 495 1
5 496 2
5 497 1
5 498 1
5 499 1
5 500 1
5 501 2
5 502 1
5 503 1
5 504 1
5 505 2
5 506 2
5 507 5
5 508 1
5 509 3
5 510 1
5 511 2
5 512 1
5 513 1
5 514 1
5 515 1
5 516 6
5 517 1
5 518 1
5 519 2
5 520 1
5 521 2
5 522 1
5 523 1
5 524 1
5 525 1
5 526 1
5 527 28
5 528 1
5 529 1
5 530 4
5 531 2
5 532 1
5 533 1
5 534 1
5 535 1
5 536 22
5 537 3
5 538 1
5 539 1
5 540 1
5 541 1
5 542 1
5 543 4
5 544 1
5 545 1
5 546 15
5 547 1
5 548 1
5 549 2
5 550 1
6 1 1
6 3 1
6 6 9
6 10 1
6 14 4
6 16 3
6 25 3
6 29 1
6 31 1
6 35 8
6 43 3
6 49 1
6 50 2
6 52 1
6 54 3
6 55 1
6 56 1
6 57 2
6 65 1
6 69 2
6 71 1
6 77 2
6 82 4
6 96 2
6 99 2
6 104 1
6 110 2
6 111 1
6 116 1
6 132 1
6 138 2
6 147 1
6 148 1
6 151 6
6 154 1
6 160 11
6 161 1
6 166 1
6 170 1
6 172 2
6 177 10
6 178 9
6 179 1
6 180 9
6 183 1
6 184 1
6 186 2
6 187 4
6 188 3
6 193 1
6 195 2
6 197 1
6 213 1
6 214 1
6 216 7
6 218 2
6 243 1
6 246 10
6 247 1
6 251 1
6 254 1
6 255 12
6 256 1
6 257 2
6 259 2
6 264 1
6 272 2
6 275 1
6 276 1
6 278 1
6 289 11
6 298 1
6 312 1
6 339 1
6 341 1
6 342 1
6 358 1
6 384 2
6 387 1
6 397 1
6 406 1
6 410 1
6 416 1
6 418 1
6 424 1
6 428 1
6 435 1
6 442 1
6 458 2
6 459 1
6 469 2
6 474 1
6 477 2
6 478 1
6 487 1
6 488 1
6 491 1
6 501 2
6 505 3
6 513 3
6 514 5
6 516 2
6 527 3
6 532 1
6 533 1
6 535 4
6 537 3
6 546 30
6 551 1
6 552 1
6 553 3
6 554 5
6 555 1
6 556 2
6 557 2
6 558 4
6 559 1
6 560 1
6 561 6
6 562 8
6 563 1
6 564 1
6 565 8
6 566 1
6 567 3
6 568 10
6 569 3
6 570 1
6 571 1
6 572 1
6 573 1
6 574 2
6 575 1
6 576 1
6 577 1
6 578 1
6 579 1
6 580 3
6 581 1
6 582 3
6 583 1
6 584 2
6 585 2
6 586 2
6 587 3
6 588 1
6 589 2
6 590 3
6 591 1
6 592 1
6 593 3
6 594 1
6 595 1
6 596 6
6 597 1
6 598 1
6 599 1
6 600 1
6 601 1
6 602 1
6 603 5
6 604 1
6 605 1
6 606 3
6 607 1
6 608 1
6 609 3
6 610 1
6 611 1
6 612 1
6 613 1
6 614 1
6 615 1
6 616 1
6 617 2
6 618 1
6 619 1
6 620 2
6 621 1
6 622 2
6 623 3
6 624 1
6 625 4
6 626 1
6 627 1
6 628 2
6 629 1
6 630 1
6 631 1
6 632 1
6 633 1
6 634 1
6 635 1
6 636 3
6 637 4
6 638 1
6 639 1
6 640 7
6 641 1
6 642 1
6 643 1
6 644 1
6 645 2
6 646 1
7 1 2
7 2 1
7 3 5
7 4 1
7 10 1
7 14 7
7 15 8
7 28 1
7 29 1
7 31 3
7 35 7
7 38 3
7 43 3
7 46 1
7 49 1
7 54 10
7 55 1
7 56 1
7 57 3
7 58 1
7 61 6
7 62 1
7 69 11
7 71 2
7 73 1
7 77 4
7 81 1
7 82 4
7 83 1
7 90 3
7 93 1
7 96 3
7 107 2
7 109 1
7 111 1
7 113 4
7 116 1
7 117 1
7 132 1
7 135 1
7 137 1
7 138 9
7 147 1
7 148 1
7 150 5
7 151 8
7 153 2
7 157 1
7 160 4
7 161 1
7 166 1
7 170 3
7 172 1
7 177 9
7 178 3
7 180 4
7 184 2
7 187 7
7 188 6
7 194 2
7 195 6
7 197 2
7 199 1
7 200 3
7 202 1
7 207 1
7 209 6
7 213 2
7 214 3
7 216 3
7 218 2
7 231 2
7 233 2
7 234 2
7 237 2
7 242 3
7 243 1
7 244 10
7 246 1
7 247 1
7 251 1
7 255 8
7 256 1
7 257 5
7 259 1
7 265 1
7 276 5
7 277 2
7 279 3
7 282 1
7 284 1
7 286 1
7 298 2
7 301 1
7 308 1
7 311 1
7 317 1
7 334 1
7 336 1
7 338 3
7 339 1
7 340 1
7 342 1
7 352 1
7 358 1
7 367 1
7 387 1
7 396 1
7 406 4
7 412 1
7 428 1
7 435 2
7 436 1
7 458 7
7 479 3
7 490 3
7 497 2
7 501 1
7 515 3
7 520 2
7 546 5
7 557 1
7 561 6
7 571 1
7 578 1
7 596 1
7 614 1
7 647 1
7 648 1
7 649 1
7 650 2
7 651 1
7 652 1
7 653 1
7 654 1
7 655 2
7 656 1
7 657 1
7 658 1
7 659 1
7 660 1
7 661 1
7 662 1
7 663 1
7 664 1
7 665 1
7 666 1
7 667 1
7 668 1
7 669 1
7 670 1
7 671 1
7 672 1
7 673 2
7 674 1
7 675 1
7 676 1
7 677 1
7 678 4
7 679 1
7 680 1
7 681 1
7 682 1
7 683 2
7 684 1
7 685 1
7 686 1
7 687 1
7 688 7
7 689 1
7 690 1
7 691 1
7 692 1
7 693 2
7 694 2
7 695 1
7 696 4
7 697 2
7 698 3
7 699 1
7 700 1
7 701 2
7 702 1
7 703 1
7 704 3
7 705 1
7 706 1
7 707 1
7 708 1
7 709 1
7 710 1
7 711 6
7 712 1
7 713 31
