%%MatrixMarket matrix coordinate real general
39 1600 5572                                      
1 1 1
1 2 1
1 3 20
1 4 2
1 5 5
1 6 3
1 7 4
1 8 3
1 9 1
1 10 8
1 11 1
1 12 4
1 13 1
1 14 3
1 15 8
1 16 2
1 17 1
1 18 1
1 19 2
1 20 1
1 21 3
1 22 1
1 23 1
1 24 1
1 25 1
1 26 1
1 27 1
1 28 1
1 29 1
1 30 1
1 31 3
1 32 1
1 33 1
1 34 2
1 35 3
1 36 1
1 37 2
1 38 1
1 39 1
1 40 1
1 41 1
1 42 2
1 43 1
1 44 2
1 45 1
1 46 1
1 47 1
1 48 3
1 49 1
1 50 1
1 51 3
1 52 2
1 53 1
1 54 1
1 55 1
1 56 2
1 57 1
1 58 1
1 59 1
1 60 1
1 61 1
1 62 1
1 63 2
1 64 2
1 65 2
1 66 6
1 67 1
1 68 1
1 69 1
1 70 2
1 71 1
1 72 3
1 73 1
1 74 3
1 75 1
1 76 1
1 77 1
1 78 1
1 79 1
1 80 1
1 81 1
1 82 2
1 83 1
1 84 1
1 85 1
1 86 1
1 87 2
1 88 1
1 89 1
1 90 2
1 91 1
1 92 1
1 93 2
1 94 1
1 95 1
1 96 1
1 97 1
1 98 1
1 99 1
1 100 1
1 101 1
1 102 1
1 103 1
1 104 4
1 105 1
1 106 1
1 107 4
1 108 1
1 109 1
1 110 2
1 111 1
1 112 1
1 113 1
1 114 1
1 115 2
1 116 1
1 117 1
1 118 1
1 119 1
1 120 1
1 121 1
1 122 3
1 123 1
1 124 1
1 125 1
1 126 4
1 127 2
1 128 2
1 129 1
1 130 3
1 131 1
1 132 1
1 133 1
1 134 1
1 135 3
1 136 1
1 137 2
1 138 1
1 139 2
1 140 1
1 141 1
1 142 1
1 143 2
1 144 1
1 145 1
1 146 10
1 147 2
1 148 1
1 149 3
1 150 1
1 151 2
1 152 1
1 153 1
1 154 5
1 155 2
1 156 1
1 157 1
1 158 1
1 159 2
1 160 1
1 161 1
1 162 1
1 163 1
1 164 1
1 165 1
1 166 1
1 167 1
1 168 1
1 169 1
1 170 1
1 171 1
1 172 2
1 173 2
1 174 1
1 175 1
1 176 1
1 177 6
1 178 1
1 179 1
1 180 2
1 181 1
1 182 1
1 183 3
1 184 1
1 185 7
1 186 1
1 187 2
1 188 1
1 189 1
1 190 1
1 191 2
1 192 5
2 3 2
2 10 3
2 12 1
2 14 5
2 15 6
2 26 1
2 30 3
2 34 1
2 37 4
2 42 2
2 47 2
2 50 1
2 51 8
2 52 1
2 54 1
2 55 2
2 56 1
2 57 3
2 58 1
2 59 2
2 68 1
2 74 4
2 79 5
2 86 1
2 87 1
2 93 3
2 94 1
2 99 1
2 107 1
2 109 1
2 115 1
2 116 1
2 129 1
2 130 1
2 133 1
2 139 1
2 145 1
2 149 9
2 159 3
2 161 2
2 169 3
2 174 1
2 175 2
2 176 1
2 178 1
2 180 2
2 184 3
2 185 3
2 193 1
2 194 1
2 195 2
2 196 1
2 197 1
2 198 1
2 199 1
2 200 1
2 201 1
2 202 1
2 203 4
2 204 10
2 205 2
2 206 3
2 207 3
2 208 2
2 209 1
2 210 1
2 211 1
2 212 1
2 213 1
2 214 1
2 215 1
2 216 2
2 217 3
2 218 1
2 219 1
2 220 1
2 221 8
2 222 2
2 223 1
2 224 1
2 225 2
2 226 1
2 227 2
2 228 1
2 229 1
2 230 1
2 231 1
2 232 2
2 233 1
2 234 1
2 235 2
2 236 1
2 237 1
2 238 2
2 239 2
2 240 2
2 241 1
2 242 1
2 243 1
2 244 2
2 245 1
2 246 1
2 247 1
2 248 1
2 249 1
2 250 1
2 251 1
2 252 1
2 253 2
2 254 1
2 255 2
2 256 1
2 257 1
2 258 1
2 259 1
2 260 1
2 261 1
2 262 1
2 263 1
2 264 1
2 265 1
2 266 1
2 267 1
2 268 1
2 269 1
2 270 2
2 271 1
2 272 1
2 273 1
2 274 1
2 275 1
2 276 1
2 277 1
2 278 2
2 279 1
2 280 1
2 281 1
2 282 2
2 283 1
2 284 9
2 285 1
2 286 1
2 287 3
2 288 1
2 289 1
3 1 1
3 2 1
3 3 2
3 10 4
3 14 7
3 25 1
3 26 1
3 28 3
3 30 3
3 34 2
3 37 3
3 42 4
3 43 1
3 50 1
3 52 2
3 53 5
3 54 1
3 55 4
3 56 2
3 60 1
3 65 2
3 66 1
3 68 1
3 74 4
3 78 3
3 79 3
3 87 6
3 93 4
3 99 1
3 104 1
3 107 2
3 108 1
3 109 1
3 111 1
3 114 1
3 115 1
3 126 1
3 130 3
3 135 1
3 136 1
3 143 1
3 145 4
3 146 2
3 148 1
3 149 7
3 151 2
3 155 1
3 159 4
3 161 5
3 167 1
3 169 3
3 174 5
3 175 10
3 176 2
3 178 1
3 181 1
3 183 1
3 184 1
3 185 4
3 191 1
3 192 4
3 194 1
3 195 1
3 196 4
3 197 1
3 198 2
3 199 1
3 201 4
3 202 2
3 203 15
3 204 7
3 205 3
3 206 7
3 207 3
3 208 1
3 209 1
3 210 2
3 213 6
3 215 2
3 225 2
3 226 3
3 227 2
3 231 1
3 235 5
3 236 1
3 239 2
3 240 1
3 241 1
3 243 1
3 244 2
3 247 2
3 255 8
3 256 1
3 257 1
3 259 1
3 261 3
3 262 1
3 264 1
3 271 1
3 272 2
3 273 1
3 274 1
3 279 1
3 281 1
3 284 1
3 285 1
3 287 1
3 289 1
3 290 1
3 291 1
3 292 16
3 293 1
3 294 1
3 295 1
3 296 1
3 297 1
3 298 1
3 299 1
3 300 1
3 301 1
3 302 2
3 303 1
3 304 1
3 305 1
3 306 2
3 307 1
3 308 2
3 309 1
3 310 1
3 311 1
3 312 4
3 313 1
3 314 1
3 315 2
3 316 1
3 317 1
3 318 2
3 319 1
3 320 1
3 321 1
3 322 1
3 323 1
3 324 1
3 325 1
3 326 1
3 327 1
3 328 1
3 329 1
3 330 1
3 331 1
3 332 1
3 333 1
3 334 1
3 335 1
3 336 1
3 337 2
3 338 1
3 339 2
3 340 1
3 341 1
3 342 1
3 343 2
3 344 1
3 345 2
3 346 1
3 347 1
3 348 2
3 349 1
3 350 1
3 351 4
3 352 1
3 353 3
3 354 1
3 355 1
3 356 1
3 357 1
3 358 1
3 359 1
3 360 1
3 361 1
3 362 1
3 363 2
3 364 1
3 365 2
3 366 1
3 367 1
3 368 2
3 369 1
3 370 1
3 371 3
3 372 1
3 373 1
3 374 2
3 375 1
3 376 1
3 377 1
3 378 1
3 379 1
3 380 1
3 381 1
3 382 1
3 383 1
3 384 1
3 385 1
3 386 1
3 387 1
3 388 1
3 389 1
4 2 1
4 3 2
4 10 3
4 14 3
4 15 8
4 22 1
4 24 1
4 26 1
4 28 1
4 30 2
4 41 2
4 42 3
4 49 1
4 50 1
4 52 7
4 53 2
4 56 3
4 59 1
4 62 3
4 66 1
4 74 2
4 76 3
4 78 1
4 79 2
4 86 1
4 87 4
4 93 1
4 95 1
4 96 5
4 107 3
4 108 2
4 109 1
4 111 3
4 114 1
4 115 3
4 119 1
4 122 1
4 126 2
4 127 1
4 143 2
4 144 2
4 145 2
4 146 1
4 148 1
4 149 4
4 152 1
4 155 1
4 159 1
4 163 3
4 164 1
4 166 1
4 169 2
4 175 1
4 176 2
4 177 4
4 178 4
4 180 1
4 181 2
4 183 3
4 185 4
4 189 1
4 192 11
4 194 2
4 196 1
4 197 1
4 199 1
4 207 1
4 208 3
4 209 1
4 215 1
4 217 1
4 220 5
4 223 3
4 227 2
4 229 1
4 233 1
4 235 3
4 236 5
4 239 2
4 241 1
4 246 1
4 248 1
4 257 1
4 258 3
4 262 1
4 264 2
4 275 2
4 276 2
4 288 1
4 316 1
4 321 9
4 343 1
4 344 2
4 345 3
4 355 1
4 371 21
4 390 1
4 391 1
4 392 1
4 393 2
4 394 1
4 395 1
4 396 1
4 397 1
4 398 1
4 399 1
4 400 2
4 401 1
4 402 1
4 403 1
4 404 1
4 405 3
4 406 1
4 407 1
4 408 1
4 409 10
4 410 2
4 411 1
4 412 1
4 413 1
4 414 1
4 415 1
4 416 2
4 417 1
4 418 10
4 419 1
4 420 2
4 421 2
4 422 1
4 423 2
4 424 1
4 425 3
4 426 1
4 427 5
4 428 14
4 429 1
4 430 1
4 431 1
4 432 1
4 433 1
4 434 1
4 435 3
4 436 2
4 437 1
4 438 1
4 439 1
4 440 1
4 441 1
4 442 1
4 443 1
4 444 1
4 445 2
4 446 1
4 447 1
4 448 1
4 449 1
4 450 1
4 451 1
4 452 1
4 453 1
4 454 1
4 455 1
4 456 1
4 457 2
4 458 1
4 459 1
4 460 1
4 461 1
4 462 1
4 463 1
4 464 1
4 465 1
4 466 9
4 467 1
4 468 1
4 469 3
4 470 1
4 471 1
4 472 1
4 473 1
4 474 1
4 475 1
4 476 2
4 477 1
4 478 1
4 479 1
5 1 1
5 3 4
5 6 1
5 10 4
5 11 1
5 14 3
5 15 11
5 26 1
5 27 8
5 29 1
5 30 1
5 34 1
5 39 1
5 41 1
5 42 2
5 54 2
5 55 2
5 56 1
5 60 1
5 62 1
5 68 1
5 74 2
5 78 1
5 79 4
5 81 1
5 86 2
5 93 1
5 99 1
5 101 1
5 109 1
5 111 1
5 112 3
5 124 1
5 130 2
5 140 1
5 144 1
5 145 1
5 149 6
5 159 1
5 160 1
5 164 1
5 169 3
5 172 1
5 174 7
5 175 10
5 177 1
5 178 4
5 179 5
5 184 12
5 185 2
5 187 1
5 188 1
5 197 1
5 212 1
5 217 2
5 219 1
5 229 2
5 232 1
5 233 4
5 237 2
5 244 2
5 248 2
5 253 2
5 262 1
5 281 1
5 318 3
5 328 1
5 329 2
5 339 1
5 345 1
5 369 2
5 371 7
5 382 1
5 383 1
5 408 1
5 413 1
5 435 1
5 438 2
5 444 1
5 460 1
5 466 2
5 480 3
5 481 1
5 482 1
5 483 1
5 484 2
5 485 1
5 486 1
5 487 2
5 488 1
5 489 3
5 490 3
5 491 2
5 492 5
5 493 1
5 494 1
5 495 2
5 496 3
5 497 1
5 498 1
5 499 2
5 500 1
5 501 1
5 502 1
5 503 1
5 504 2
5 505 1
5 506 1
5 507 1
5 508 2
5 509 2
5 510 5
5 511 1
5 512 3
5 513 1
5 514 2
5 515 1
5 516 1
5 517 1
5 518 1
5 519 6
5 520 1
5 521 1
5 522 2
5 523 1
5 524 2
5 525 1
5 526 1
5 527 1
5 528 1
5 529 1
5 530 12
5 531 15
5 532 2
5 533 4
5 534 2
5 535 1
5 536 1
5 537 1
5 538 1
5 539 6
5 540 3
5 541 1
5 542 1
5 543 1
5 544 1
5 545 1
5 546 4
5 547 1
5 548 1
5 549 15
5 550 1
5 551 1
5 552 2
5 553 1
6 1 1
6 3 1
6 6 9
6 10 1
6 14 4
6 16 3
6 25 3
6 26 1
6 30 1
6 34 8
6 42 2
6 48 2
6 50 1
6 52 3
6 54 1
6 55 2
6 62 1
6 66 2
6 68 1
6 74 2
6 79 4
6 93 2
6 96 2
6 101 1
6 107 1
6 109 1
6 114 1
6 130 1
6 136 1
6 145 1
6 146 1
6 149 6
6 152 1
6 158 10
6 159 1
6 167 1
6 169 2
6 174 10
6 175 9
6 176 1
6 177 9
6 180 1
6 181 1
6 183 2
6 184 4
6 185 3
6 190 1
6 192 2
6 194 1
6 212 1
6 213 1
6 215 7
6 217 2
6 244 1
6 245 1
6 248 10
6 249 1
6 253 1
6 257 1
6 258 4
6 259 1
6 260 2
6 262 2
6 268 1
6 276 2
6 279 1
6 280 1
6 281 1
6 292 11
6 301 1
6 315 1
6 342 1
6 344 1
6 345 1
6 360 1
6 386 2
6 389 1
6 399 1
6 408 1
6 412 1
6 418 1
6 420 1
6 426 1
6 430 1
6 437 1
6 444 1
6 461 2
6 462 1
6 472 2
6 477 1
6 480 2
6 481 1
6 490 1
6 491 1
6 494 1
6 504 2
6 508 3
6 516 3
6 517 5
6 519 2
6 530 3
6 535 1
6 536 1
6 538 4
6 540 3
6 549 30
6 554 1
6 555 1
6 556 3
6 557 5
6 558 1
6 559 2
6 560 2
6 561 4
6 562 1
6 563 1
6 564 6
6 565 8
6 566 1
6 567 1
6 568 8
6 569 1
6 570 3
6 571 5
6 572 8
6 573 1
6 574 1
6 575 1
6 576 1
6 577 2
6 578 1
6 579 1
6 580 1
6 581 1
6 582 1
6 583 3
6 584 1
6 585 3
6 586 1
6 587 1
6 588 2
6 589 2
6 590 2
6 591 3
6 592 1
6 593 2
6 594 3
6 595 1
6 596 1
6 597 3
6 598 1
6 599 1
6 600 6
6 601 1
6 602 1
6 603 1
6 604 1
6 605 1
6 606 1
6 607 5
6 608 1
6 609 1
6 610 1
6 611 3
6 612 1
6 613 1
6 614 3
6 615 1
6 616 1
6 617 1
6 618 1
6 619 1
6 620 1
6 621 1
6 622 2
6 623 1
6 624 1
6 625 2
6 626 1
6 627 2
6 628 3
6 629 1
6 630 4
6 631 1
6 632 1
6 633 2
6 634 1
6 635 1
6 636 1
6 637 1
6 638 1
6 639 1
6 640 1
6 641 3
6 642 4
6 643 1
6 644 1
6 645 7
6 646 1
6 647 1
6 648 1
6 649 1
6 650 2
6 651 1
7 1 2
7 2 1
7 3 5
7 4 1
7 10 1
7 14 7
7 15 8
7 26 1
7 28 1
7 30 3
7 34 7
7 37 3
7 42 2
7 45 1
7 52 8
7 53 1
7 54 1
7 55 3
7 56 1
7 59 6
7 60 1
7 66 11
7 68 1
7 70 1
7 74 4
7 78 1
7 79 4
7 80 1
7 87 3
7 90 1
7 93 3
7 104 2
7 106 1
7 109 1
7 111 4
7 114 1
7 115 1
7 130 1
7 133 1
7 135 1
7 136 8
7 145 1
7 146 1
7 148 4
7 149 8
7 151 2
7 155 1
7 158 1
7 159 1
7 167 1
7 169 1
7 174 9
7 175 3
7 177 4
7 181 2
7 184 7
7 185 6
7 191 2
7 192 6
7 194 2
7 196 1
7 197 3
7 199 1
7 205 1
7 207 5
7 208 1
7 209 1
7 212 2
7 213 3
7 215 3
7 217 2
7 227 2
7 229 1
7 233 2
7 235 2
7 236 2
7 239 2
7 244 3
7 245 1
7 246 10
7 248 1
7 249 1
7 253 1
7 258 8
7 259 1
7 260 5
7 262 1
7 269 1
7 280 5
7 282 3
7 285 1
7 287 1
7 289 1
7 301 2
7 304 1
7 311 1
7 314 1
7 321 1
7 338 1
7 339 1
7 341 3
7 342 1
7 343 1
7 345 1
7 354 1
7 360 1
7 369 1
7 389 1
7 398 1
7 408 2
7 414 1
7 430 1
7 437 2
7 438 1
7 460 5
7 461 7
7 482 3
7 493 3
7 500 2
7 504 1
7 518 3
7 523 2
7 549 5
7 560 1
7 564 6
7 574 1
7 581 1
7 600 1
7 619 1
7 652 1
7 653 1
7 654 1
7 655 2
7 656 1
7 657 1
7 658 1
7 659 1
7 660 2
7 661 1
7 662 1
7 663 1
7 664 1
7 665 1
7 666 1
7 667 1
7 668 1
7 669 1
7 670 1
7 671 1
7 672 1
7 673 1
7 674 1
7 675 1
7 676 1
7 677 1
7 678 1
7 679 2
7 680 1
7 681 1
7 682 1
7 683 1
7 684 4
7 685 1
7 686 1
7 687 1
7 688 1
7 689 2
7 690 1
7 691 1
7 692 1
7 693 1
7 694 7
7 695 1
7 696 1
7 697 1
7 698 1
7 699 2
7 700 2
7 701 1
7 702 2
7 703 3
7 704 2
7 705 1
7 706 1
7 707 2
7 708 1
7 709 1
7 710 3
7 711 1
7 712 1
7 713 1
7 714 1
7 715 1
7 716 1
7 717 6
7 718 1
7 719 32
8 3 1
8 10 3
8 14 5
8 15 4
8 19 1
8 30 3
8 34 1
8 37 1
8 42 2
8 51 3
8 55 2
8 56 1
8 57 1
8 68 1
8 69 1
8 74 1
8 76 21
8 79 4
8 87 1
8 93 1
8 104 1
8 107 1
8 108 1
8 109 1
8 115 1
8 129 1
8 130 1
8 141 1
8 144 31
8 145 1
8 149 8
8 151 1
8 155 1
8 159 1
8 161 1
8 164 1
8 175 4
8 176 1
8 177 5
8 178 1
8 181 2
8 184 2
8 185 1
8 188 1
8 192 9
8 194 4
8 195 2
8 196 1
8 197 2
8 199 1
8 205 3
8 208 1
8 209 1
8 212 1
8 213 2
8 217 1
8 220 2
8 223 1
8 227 2
8 237 1
8 238 1
8 239 2
8 243 2
8 248 5
8 250 1
8 253 1
8 262 1
8 286 1
8 304 1
8 341 1
8 345 2
8 358 2
8 369 1
8 371 7
8 382 1
8 386 3
8 389 4
8 391 1
8 401 3
8 402 1
8 404 1
8 425 9
8 428 2
8 432 3
8 433 1
8 437 2
8 447 8
8 452 5
8 454 2
8 460 1
8 462 1
8 473 2
8 494 1
8 505 1
8 523 1
8 530 1
8 540 2
8 564 2
8 580 1
8 668 1
8 684 1
8 686 1
8 692 1
8 716 1
8 718 4
8 720 1
8 721 1
8 722 2
8 723 1
8 724 1
8 725 1
8 726 2
8 727 4
8 728 2
8 729 2
8 730 1
8 731 1
8 732 1
8 733 1
8 734 1
8 735 3
8 736 1
8 737 1
8 738 1
8 739 1
8 740 1
8 741 1
8 742 1
8 743 1
8 744 1
8 745 1
8 746 2
8 747 1
8 748 1
8 749 1
8 750 1
8 751 3
8 752 2
8 753 10
8 754 1
8 755 1
8 756 1
8 757 1
8 758 1
8 759 1
8 760 1
8 761 1
8 762 1
9 14 1
9 129 1
9 236 1
9 317 1
9 328 1
9 344 1
9 418 1
9 461 1
9 763 1
9 764 1
9 765 3
9 766 1
9 767 1
9 768 1
9 769 2
9 770 1
9 771 1
9 772 1
10 1 1
10 3 3
10 7 1
10 10 1
10 14 3
10 26 1
10 28 1
10 30 1
10 34 4
10 36 1
10 39 1
10 42 4
10 43 1
10 44 4
10 50 1
10 52 4
10 54 1
10 55 6
10 56 1
10 59 1
10 68 1
10 74 1
10 76 6
10 78 1
10 79 3
10 86 4
10 93 1
10 96 1
10 104 2
10 107 1
10 109 1
10 111 1
10 114 1
10 117 1
10 127 1
10 135 1
10 141 2
10 144 16
10 145 1
10 146 1
10 149 5
10 151 1
10 152 2
10 155 1
10 158 4
10 159 1
10 169 2
10 174 9
10 175 4
10 176 1
10 177 2
10 181 1
10 184 5
10 185 1
10 191 5
10 192 15
10 212 2
10 215 1
10 217 2
10 218 7
10 220 3
10 244 4
10 248 11
10 253 1
10 257 1
10 262 1
10 276 1
10 287 1
10 292 18
10 298 2
10 304 2
10 321 7
10 368 1
10 371 16
10 389 2
10 407 2
10 408 3
10 423 3
10 425 2
10 433 1
10 437 2
10 460 15
10 461 1
10 462 2
10 477 1
10 478 1
10 481 1
10 490 2
10 491 1
10 492 1
10 500 1
10 511 1
10 514 1
10 517 2
10 523 1
10 530 6
10 534 2
10 542 2
10 549 17
10 564 6
10 570 1
10 574 1
10 581 3
10 618 1
10 668 1
10 691 1
10 692 4
10 697 1
10 707 1
10 709 2
10 718 1
10 720 4
10 744 1
10 759 1
10 762 1
10 767 2
10 772 5
10 773 1
10 774 1
10 775 1
10 776 3
10 777 1
10 778 1
10 779 1
10 780 2
10 781 11
10 782 2
10 783 1
10 784 2
10 785 1
10 786 2
10 787 1
10 788 16
10 789 3
10 790 1
10 791 2
10 792 3
10 793 7
10 794 3
10 795 1
10 796 1
10 797 1
10 798 3
10 799 1
10 800 1
10 801 1
10 802 2
10 803 1
10 804 1
10 805 10
10 806 4
10 807 2
11 3 1
11 10 4
11 14 4
11 15 7
11 26 1
11 30 3
11 34 1
11 37 12
11 42 4
11 44 1
11 47 1
11 52 5
11 53 6
11 55 3
11 56 1
11 65 1
11 66 3
11 68 1
11 74 2
11 79 5
11 87 1
11 93 1
11 99 1
11 104 1
11 107 1
11 109 1
11 114 1
11 115 2
11 130 2
11 139 2
11 142 2
11 145 1
11 146 1
11 149 9
11 159 1
11 169 2
11 174 1
11 181 1
11 184 6
11 194 1
11 196 1
11 199 1
11 205 1
11 207 1
11 208 8
11 209 1
11 213 1
11 216 2
11 217 4
11 227 2
11 233 1
11 235 8
11 236 10
11 239 2
11 244 4
11 248 3
11 253 1
11 262 1
11 264 1
11 279 1
11 280 2
11 281 1
11 283 3
11 289 1
11 311 1
11 321 1
11 338 1
11 339 1
11 342 1
11 345 1
11 346 1
11 377 4
11 382 1
11 390 2
11 405 1
11 409 4
11 416 1
11 432 1
11 438 1
11 448 1
11 463 2
11 507 2
11 581 1
11 597 1
11 619 1
11 626 1
11 702 1
11 704 1
11 716 1
11 718 2
11 746 1
11 748 1
11 756 1
11 793 1
11 794 1
11 801 1
11 808 3
11 809 7
11 810 1
11 811 3
11 812 4
11 813 10
11 814 1
11 815 1
11 816 1
11 817 1
11 818 1
11 819 2
11 820 1
11 821 1
11 822 3
11 823 1
11 824 1
11 825 1
11 826 1
11 827 1
11 828 1
11 829 1
11 830 1
11 831 1
11 832 1
11 833 1
11 834 1
11 835 11
11 836 1
11 837 1
11 838 1
11 839 1
11 840 1
11 841 1
12 3 14
12 10 8
12 13 1
12 14 3
12 15 7
12 26 1
12 30 3
12 34 3
12 37 6
12 42 3
12 44 1
12 52 4
12 55 2
12 56 2
12 58 1
12 59 2
12 63 12
12 68 1
12 69 1
12 72 1
12 74 1
12 79 5
12 87 2
12 93 1
12 99 1
12 104 2
12 109 1
12 111 1
12 114 1
12 115 1
12 122 1
12 127 1
12 130 2
12 133 1
12 139 3
12 142 8
12 145 1
12 146 1
12 148 1
12 149 9
12 151 2
12 159 1
12 169 3
12 177 4
12 178 5
12 180 2
12 181 2
12 184 14
12 185 4
12 191 7
12 195 2
12 196 1
12 197 1
12 199 1
12 200 2
12 207 6
12 208 2
12 209 1
12 212 2
12 213 1
12 215 1
12 217 13
12 219 1
12 220 3
12 223 2
12 227 2
12 235 3
12 236 10
12 238 1
12 239 2
12 244 3
12 253 3
12 259 1
12 262 1
12 264 1
12 271 1
12 274 1
12 281 1
12 307 1
12 339 1
12 345 1
12 360 3
12 389 5
12 405 1
12 437 1
12 438 8
12 467 1
12 488 1
12 500 2
12 506 11
12 507 1
12 511 1
12 523 4
12 530 2
12 538 1
12 594 9
12 618 1
12 625 1
12 631 1
12 668 2
12 691 2
12 697 1
12 707 3
12 733 1
12 759 1
12 761 1
12 790 1
12 791 1
12 801 1
12 804 1
12 806 1
12 813 5
12 820 1
12 823 1
12 825 1
12 827 3
12 831 1
12 835 12
12 842 1
12 843 1
12 844 1
12 845 1
12 846 1
12 847 6
12 848 1
12 849 1
12 850 1
12 851 1
12 852 2
12 853 1
12 854 3
12 855 1
12 856 3
12 857 1
12 858 1
12 859 2
12 860 1
12 861 6
12 862 2
12 863 4
12 864 1
12 865 1
12 866 1
12 867 1
12 868 2
12 869 1
12 870 1
12 871 1
12 872 1
12 873 1
12 874 1
12 875 1
12 876 2
12 877 1
12 878 1
12 879 2
12 880 1
13 2 2
13 3 4
13 6 3
13 10 6
13 12 1
13 14 4
13 15 16
13 26 1
13 28 1
13 30 1
13 34 4
13 37 2
13 42 2
13 44 2
13 52 4
13 54 2
13 55 2
13 56 2
13 59 1
13 66 1
13 68 1
13 74 1
13 76 3
13 78 2
13 79 2
13 86 4
13 87 4
13 92 2
13 93 2
13 99 1
13 107 4
13 109 1
13 114 1
13 122 1
13 123 1
13 140 1
13 141 1
13 144 5
13 145 1
13 146 2
13 149 4
13 159 2
13 161 1
13 163 2
13 169 3
13 172 1
13 174 1
13 175 3
13 177 10
13 178 2
13 181 14
13 184 4
13 185 2
13 192 18
13 200 1
13 205 2
13 207 1
13 213 2
13 215 3
13 217 2
13 219 1
13 220 2
13 248 3
13 250 3
13 253 2
13 258 1
13 259 1
13 262 1
13 263 1
13 268 1
13 271 1
13 273 2
13 285 1
13 287 1
13 301 2
13 343 1
13 345 3
13 346 1
13 351 1
13 355 1
13 358 4
13 368 1
13 371 29
13 378 1
13 384 1
13 387 2
13 401 1
13 402 3
13 410 1
13 411 1
13 412 1
13 418 30
13 422 1
13 428 1
13 435 1
13 437 2
13 438 1
13 462 2
13 466 1
13 482 2
13 488 2
13 492 1
13 493 1
13 529 1
13 535 2
13 580 2
13 694 4
13 702 1
13 704 1
13 707 1
13 718 1
13 748 2
13 754 6
13 759 1
13 786 2
13 793 2
13 826 1
13 881 1
13 882 3
13 883 1
13 884 1
13 885 1
13 886 1
13 887 1
13 888 1
13 889 2
13 890 1
13 891 1
13 892 1
13 893 2
13 894 1
13 895 2
13 896 1
13 897 1
13 898 1
13 899 1
13 900 10
13 901 2
13 902 4
13 903 1
13 904 1
13 905 1
13 906 1
13 907 1
13 908 1
13 909 5
13 910 2
13 911 2
13 912 3
13 913 1
13 914 4
13 915 1
13 916 1
13 917 1
13 918 2
13 919 1
13 920 1
13 921 1
13 922 1
13 923 1
13 924 1
13 925 1
13 926 1
13 927 1
13 928 1
13 929 1
13 930 1
13 931 1
13 932 2
13 933 1
14 2 1
14 3 2
14 10 2
14 14 5
14 15 17
14 19 1
14 24 1
14 26 1
14 30 3
14 34 3
14 37 1
14 42 2
14 44 1
14 52 3
14 53 1
14 54 1
14 55 2
14 56 3
14 58 1
14 68 1
14 74 3
14 78 2
14 79 5
14 86 1
14 87 2
14 93 3
14 99 1
14 104 3
14 108 1
14 109 1
14 111 3
14 114 1
14 115 1
14 117 1
14 122 1
14 126 17
14 127 1
14 129 1
14 130 3
14 136 1
14 139 4
14 142 8
14 145 1
14 146 1
14 148 1
14 149 9
14 157 1
14 159 2
14 163 1
14 169 1
14 174 8
14 175 1
14 177 2
14 181 1
14 184 5
14 185 2
14 189 1
14 191 1
14 192 1
14 195 1
14 196 1
14 199 1
14 200 3
14 205 1
14 208 1
14 209 1
14 215 1
14 217 2
14 227 2
14 229 1
14 235 5
14 236 8
14 239 2
14 244 2
14 248 1
14 253 5
14 262 1
14 264 1
14 281 1
14 283 3
14 285 1
14 287 2
14 288 1
14 311 1
14 318 1
14 321 3
14 339 1
14 350 1
14 351 1
14 386 1
14 389 2
14 401 1
14 402 2
14 411 1
14 416 1
14 423 1
14 428 1
14 435 2
14 437 1
14 438 1
14 447 1
14 455 1
14 458 1
14 462 2
14 466 1
14 475 1
14 490 1
14 492 2
14 500 2
14 504 1
14 506 1
14 516 1
14 523 1
14 540 1
14 614 4
14 626 1
14 628 10
14 681 1
14 690 1
14 694 1
14 702 1
14 707 1
14 718 1
14 727 1
14 736 1
14 759 1
14 760 1
14 771 5
14 794 1
14 800 2
14 801 1
14 811 1
14 813 9
14 820 1
14 822 1
14 835 14
14 838 2
14 839 1
14 876 2
14 884 2
14 886 1
14 888 1
14 898 1
14 905 1
14 934 1
14 935 1
14 936 3
14 937 1
14 938 1
14 939 1
14 940 2
14 941 2
14 942 1
14 943 1
14 944 1
14 945 1
14 946 1
14 947 1
14 948 1
14 949 1
14 950 1
14 951 8
14 952 1
14 953 1
14 954 1
14 955 1
14 956 2
14 957 1
14 958 1
14 959 1
14 960 1
14 961 7
14 962 1
14 963 2
14 964 1
14 965 1
14 966 1
14 967 1
14 968 16
14 969 1
14 970 1
14 971 3
14 972 1
14 973 1
15 1 1
15 3 9
15 14 4
15 15 26
15 16 1
15 26 1
15 27 2
15 34 3
15 37 4
15 42 2
15 51 2
15 52 4
15 54 1
15 55 3
15 56 2
15 59 1
15 65 1
15 66 1
15 72 1
15 73 1
15 74 1
15 79 1
15 86 4
15 88 1
15 93 1
15 96 2
15 97 1
15 104 4
15 106 2
15 109 1
15 111 4
15 114 1
15 117 1
15 122 2
15 129 1
15 133 1
15 135 3
15 138 1
15 139 1
15 140 2
15 144 15
15 145 1
15 146 1
15 147 1
15 149 1
15 151 1
15 152 3
15 155 2
15 158 4
15 159 1
15 167 1
15 168 2
15 169 2
15 174 13
15 175 10
15 177 4
15 180 1
15 181 1
15 183 5
15 184 10
15 185 2
15 191 1
15 192 1
15 194 1
15 195 1
15 207 9
15 212 9
15 213 9
15 215 3
15 229 1
15 238 1
15 244 2
15 245 1
15 246 1
15 248 16
15 253 1
15 258 3
15 262 3
15 264 2
15 273 2
15 284 2
15 287 5
15 290 3
15 307 1
15 311 1
15 316 1
15 319 1
15 321 1
15 338 1
15 339 1
15 344 2
15 345 3
15 354 1
15 360 2
15 362 1
15 368 4
15 371 17
15 374 1
15 384 2
15 389 1
15 390 1
15 407 3
15 408 1
15 416 1
15 423 8
15 428 2
15 433 1
15 437 1
15 460 1
15 462 2
15 466 3
15 467 3
15 477 2
15 478 6
15 480 2
15 482 1
15 483 1
15 484 1
15 490 7
15 500 3
15 504 1
15 508 1
15 509 2
15 519 2
15 523 1
15 530 4
15 534 2
15 535 2
15 537 1
15 540 1
15 542 4
15 549 13
15 564 4
15 568 1
15 574 2
15 576 1
15 580 2
15 593 12
15 596 1
15 600 2
15 623 1
15 628 2
15 655 2
15 661 1
15 666 1
15 668 1
15 679 1
15 691 10
15 704 1
15 728 1
15 733 1
15 737 1
15 759 3
15 760 1
15 766 2
15 773 1
15 775 1
15 777 2
15 781 1
15 783 6
15 792 4
15 794 1
15 796 1
15 797 2
15 800 2
15 802 1
15 805 5
15 810 1
15 825 2
15 853 1
15 865 1
15 910 2
15 919 1
15 927 1
15 930 2
15 938 1
15 949 2
15 954 1
15 964 1
15 969 1
15 974 1
15 975 1
15 976 2
15 977 1
15 978 1
15 979 2
15 980 2
15 981 2
15 982 1
15 983 1
15 984 1
15 985 1
15 986 2
15 987 1
15 988 1
15 989 1
15 990 1
15 991 1
15 992 2
15 993 5
15 994 1
15 995 2
15 996 1
15 997 1
15 998 9
15 999 9
15 1000 1
15 1001 1
15 1002 2
15 1003 1
15 1004 3
15 1005 2
15 1006 1
15 1007 1
15 1008 1
15 1009 1
15 1010 1
15 1011 1
15 1012 1
15 1013 1
15 1014 3
15 1015 1
15 1016 6
15 1017 1
15 1018 1
15 1019 1
15 1020 1
15 1021 1
15 1022 1
16 1 2
16 2 4
16 3 3
16 11 1
16 13 1
16 14 18
16 15 18
16 19 2
16 21 8
16 27 1
16 30 1
16 34 1
16 37 1
16 42 4
16 44 1
16 45 4
16 50 1
16 52 1
16 55 1
16 56 6
16 59 3
16 65 3
16 66 1
16 68 1
16 72 5
16 74 1
16 79 2
16 86 4
16 93 1
16 95 1
16 99 1
16 107 2
16 111 7
16 114 1
16 116 3
16 129 6
16 130 2
16 133 1
16 140 3
16 142 1
16 145 2
16 146 8
16 149 4
16 155 1
16 157 1
16 159 1
16 164 1
16 169 3
16 175 2
16 176 2
16 177 7
16 181 3
16 184 6
16 185 1
16 197 3
16 206 3
16 212 1
16 213 1
16 217 1
16 220 13
16 223 1
16 224 1
16 225 6
16 229 1
16 230 2
16 242 5
16 243 1
16 250 1
16 251 1
16 257 1
16 262 2
16 264 3
16 271 2
16 272 5
16 273 1
16 288 1
16 291 1
16 299 1
16 303 1
16 307 2
16 327 1
16 342 3
16 345 4
16 346 1
16 354 1
16 355 1
16 360 2
16 362 1
16 366 1
16 381 1
16 382 1
16 385 2
16 389 6
16 402 2
16 407 1
16 412 1
16 415 1
16 418 4
16 428 2
16 430 2
16 433 5
16 435 1
16 438 2
16 440 2
16 449 5
16 461 1
16 475 2
16 480 1
16 483 1
16 486 1
16 488 1
16 497 1
16 499 1
16 507 1
16 523 8
16 535 1
16 538 4
16 542 1
16 559 1
16 560 2
16 562 1
16 567 1
16 576 1
16 598 1
16 603 1
16 609 1
16 617 2
16 636 1
16 644 2
16 652 2
16 681 1
16 682 1
16 702 10
16 728 1
16 743 2
16 754 1
16 786 1
16 813 1
16 817 1
16 820 2
16 836 1
16 845 1
16 856 1
16 874 1
16 907 3
16 922 1
16 927 21
16 936 2
16 941 1
16 965 1
16 1002 2
16 1023 1
16 1024 2
16 1025 1
16 1026 1
16 1027 3
16 1028 1
16 1029 1
16 1030 1
16 1031 1
16 1032 1
16 1033 1
16 1034 1
16 1035 3
16 1036 3
16 1037 1
16 1038 1
16 1039 2
16 1040 1
16 1041 1
16 1042 2
16 1043 1
16 1044 3
16 1045 1
16 1046 1
16 1047 1
16 1048 1
16 1049 1
16 1050 2
16 1051 1
16 1052 1
16 1053 1
16 1054 2
16 1055 1
16 1056 1
16 1057 3
16 1058 1
16 1059 1
16 1060 1
16 1061 1
16 1062 1
16 1063 1
16 1064 1
16 1065 2
16 1066 1
16 1067 1
16 1068 6
16 1069 1
16 1070 1
16 1071 2
16 1072 1
16 1073 1
16 1074 1
16 1075 2
16 1076 1
16 1077 1
16 1078 1
16 1079 1
16 1080 1
16 1081 2
16 1082 2
16 1083 1
16 1084 1
16 1085 1
16 1086 2
16 1087 1
16 1088 1
16 1089 2
16 1090 2
16 1091 2
16 1092 1
16 1093 3
16 1094 2
16 1095 1
16 1096 1
16 1097 1
16 1098 1
16 1099 1
16 1100 1
16 1101 1
16 1102 1
16 1103 1
16 1104 1
16 1105 2
16 1106 1
16 1107 1
16 1108 1
16 1109 1
16 1110 1
16 1111 1
16 1112 1
16 1113 1
16 1114 1
16 1115 1
16 1116 2
16 1117 1
16 1118 1
16 1119 1
16 1120 3
16 1121 1
16 1122 1
16 1123 2
16 1124 1
16 1125 1
16 1126 11
16 1127 3
16 1128 3
16 1129 47
16 1130 1
16 1131 3
16 1132 5
16 1133 1
16 1134 4
16 1135 1
16 1136 2
16 1137 3
16 1138 1
16 1139 1
16 1140 1
16 1141 3
16 1142 1
16 1143 1
16 1144 1
16 1145 4
16 1146 1
16 1147 3
16 1148 2
16 1149 1
16 1150 1
16 1151 1
16 1152 1
16 1153 1
16 1154 1
16 1155 13
16 1156 3
16 1157 1
16 1158 1
16 1159 1
16 1160 1
16 1161 1
17 3 1
17 8 3
17 10 3
17 14 1
17 29 1
17 34 1
17 37 1
17 45 1
17 51 2
17 52 2
17 53 1
17 57 2
17 62 1
17 66 3
17 76 1
17 79 1
17 80 1
17 87 1
17 88 2
17 101 1
17 108 1
17 116 2
17 135 1
17 137 3
17 144 1
17 145 2
17 151 1
17 152 1
17 174 4
17 175 1
17 192 1
17 194 2
17 208 1
17 212 1
17 217 1
17 225 1
17 236 2
17 241 1
17 244 2
17 250 3
17 251 2
17 262 1
17 264 3
17 283 1
17 292 6
17 304 1
17 313 1
17 315 1
17 345 1
17 358 1
17 371 1
17 387 1
17 389 1
17 391 1
17 403 1
17 420 1
17 428 2
17 433 1
17 437 2
17 438 1
17 460 1
17 461 1
17 475 1
17 490 1
17 535 1
17 564 1
17 581 1
17 594 1
17 704 1
17 707 1
17 726 2
17 729 1
17 786 1
17 835 1
17 906 1
17 919 1
17 921 1
17 932 1
17 1052 1
17 1058 1
17 1099 1
17 1104 1
17 1148 1
17 1162 1
17 1163 1
17 1164 1
17 1165 1
17 1166 1
17 1167 1
17 1168 1
17 1169 1
17 1170 1
17 1171 1
17 1172 1
17 1173 1
17 1174 11
17 1175 1
17 1176 1
17 1177 2
17 1178 1
17 1179 1
17 1180 1
17 1181 2
17 1182 1
18 3 4
18 10 2
18 14 7
18 15 3
18 16 2
18 34 2
18 36 1
18 50 2
18 55 2
18 62 1
18 65 1
18 70 1
18 77 1
18 80 1
18 104 6
18 107 1
18 118 1
18 129 1
18 140 1
18 146 1
18 151 1
18 175 1
18 176 1
18 185 4
18 187 1
18 191 1
18 194 2
18 205 1
18 241 1
18 280 2
18 284 1
18 298 12
18 304 2
18 326 1
18 329 1
18 339 1
18 345 1
18 389 1
18 437 1
18 449 1
18 461 1
18 490 1
18 517 1
18 529 1
18 530 2
18 544 1
18 628 1
18 667 1
18 669 1
18 726 1
18 746 1
18 770 1
18 812 1
18 816 1
18 852 1
18 885 1
18 906 1
18 922 2
18 1002 1
18 1052 1
18 1098 1
18 1099 1
18 1120 1
18 1129 1
18 1146 1
18 1155 1
18 1169 1
18 1183 3
18 1184 3
18 1185 1
18 1186 1
18 1187 1
18 1188 2
18 1189 1
18 1190 1
18 1191 1
18 1192 1
18 1193 1
18 1194 2
18 1195 1
18 1196 1
19 2 2
19 3 4
19 10 2
19 13 1
19 14 4
19 15 5
19 16 2
19 34 1
19 36 1
19 37 1
19 50 2
19 55 1
19 62 1
19 77 1
19 80 1
19 96 3
19 104 3
19 107 1
19 119 1
19 122 1
19 129 2
19 133 1
19 136 1
19 140 1
19 151 1
19 158 1
19 175 1
19 176 1
19 184 1
19 185 4
19 192 3
19 206 1
19 213 2
19 225 1
19 229 2
19 241 1
19 260 1
19 264 1
19 271 1
19 298 12
19 304 1
19 323 1
19 369 2
19 385 1
19 423 1
19 437 1
19 449 1
19 455 2
19 460 1
19 490 1
19 507 1
19 511 1
19 517 1
19 534 1
19 535 1
19 536 1
19 564 1
19 568 3
19 619 1
19 628 1
19 667 1
19 669 1
19 726 1
19 768 2
19 769 1
19 780 1
19 816 2
19 850 2
19 899 1
19 910 1
19 932 1
19 1052 1
19 1059 1
19 1098 1
19 1099 1
19 1120 2
19 1169 1
19 1183 1
19 1185 1
19 1187 1
19 1189 1
19 1196 1
19 1197 1
19 1198 2
19 1199 1
19 1200 1
19 1201 1
19 1202 1
19 1203 1
19 1204 1
20 2 1
20 10 1
20 14 4
20 15 2
20 19 1
20 24 1
20 26 1
20 34 1
20 37 5
20 56 1
20 59 1
20 66 1
20 74 1
20 79 1
20 86 8
20 87 1
20 101 1
20 108 1
20 115 2
20 118 1
20 142 3
20 145 3
20 146 2
20 149 1
20 151 1
20 152 1
20 174 6
20 175 11
20 178 2
20 180 1
20 181 3
20 184 2
20 195 1
20 197 1
20 212 1
20 217 2
20 223 2
20 235 1
20 241 1
20 242 1
20 244 1
20 248 1
20 251 1
20 254 1
20 259 1
20 262 1
20 264 1
20 271 1
20 274 1
20 275 1
20 279 1
20 292 6
20 296 1
20 316 2
20 318 1
20 321 1
20 345 1
20 355 1
20 361 1
20 368 1
20 371 1
20 389 1
20 390 1
20 428 1
20 437 1
20 440 2
20 455 1
20 462 1
20 493 1
20 506 1
20 517 1
20 578 1
20 592 2
20 619 1
20 667 1
20 693 1
20 704 1
20 718 1
20 801 1
20 805 2
20 806 1
20 813 1
20 835 1
20 837 1
20 871 2
20 951 1
20 1013 1
20 1044 1
20 1077 1
20 1085 1
20 1099 1
20 1104 1
20 1121 2
20 1155 1
20 1168 1
20 1185 1
20 1202 2
20 1205 2
20 1206 1
20 1207 1
20 1208 1
20 1209 1
20 1210 1
20 1211 1
20 1212 1
20 1213 1
20 1214 1
20 1215 1
20 1216 1
20 1217 1
20 1218 1
20 1219 1
20 1220 1
20 1221 1
20 1222 2
20 1223 1
20 1224 1
20 1225 1
20 1226 2
20 1227 1
20 1228 1
20 1229 1
20 1230 1
20 1231 1
20 1232 1
20 1233 1
21 4 2
21 14 6
21 25 1
21 37 7
21 79 1
21 86 4
21 88 2
21 99 1
21 112 3
21 117 2
21 129 1
21 148 1
21 149 1
21 152 1
21 175 5
21 179 2
21 181 1
21 197 1
21 213 2
21 217 3
21 230 2
21 240 1
21 244 1
21 262 2
21 276 1
21 292 7
21 315 1
21 345 1
21 373 1
21 414 1
21 437 2
21 440 1
21 473 1
21 475 1
21 489 1
21 492 2
21 511 1
21 516 1
21 520 1
21 533 1
21 541 1
21 542 1
21 667 1
21 767 1
21 792 1
21 886 1
21 954 1
21 1002 1
21 1012 2
21 1057 1
21 1099 1
21 1115 1
21 1178 1
21 1205 1
21 1218 1
21 1221 1
21 1226 1
21 1228 1
21 1231 1
21 1234 1
21 1235 1
21 1236 1
21 1237 1
21 1238 1
21 1239 1
21 1240 1
21 1241 1
21 1242 1
21 1243 1
21 1244 1
21 1245 1
21 1246 3
21 1247 1
21 1248 1
21 1249 1
21 1250 1
21 1251 1
21 1252 1
22 1 1
22 3 4
22 10 2
22 12 2
22 14 7
22 15 6
22 16 2
22 18 2
22 19 2
22 26 1
22 30 1
22 34 3
22 37 3
22 42 1
22 45 1
22 54 3
22 56 1
22 62 1
22 68 1
22 74 2
22 77 1
22 79 2
22 86 4
22 87 2
22 88 1
22 93 1
22 99 1
22 101 1
22 104 1
22 108 2
22 111 2
22 115 1
22 123 1
22 126 1
22 127 4
22 128 1
22 129 1
22 135 1
22 136 1
22 140 2
22 145 1
22 149 4
22 152 1
22 157 1
22 159 1
22 164 1
22 167 1
22 169 2
22 174 3
22 184 4
22 185 2
22 190 1
22 194 1
22 207 4
22 208 1
22 217 1
22 218 2
22 220 2
22 229 1
22 242 1
22 244 1
22 250 1
22 259 1
22 260 3
22 262 2
22 268 2
22 271 4
22 273 1
22 288 1
22 292 2
22 298 2
22 301 1
22 307 2
22 360 2
22 377 1
22 389 1
22 401 1
22 448 3
22 455 1
22 489 18
22 490 8
22 493 1
22 495 1
22 498 1
22 499 1
22 524 2
22 539 2
22 578 1
22 619 1
22 655 1
22 676 2
22 693 3
22 723 1
22 800 1
22 846 1
22 867 1
22 886 2
22 892 1
22 951 18
22 954 1
22 955 2
22 1002 6
22 1018 2
22 1131 2
22 1132 2
22 1135 1
22 1155 1
22 1170 6
22 1174 1
22 1197 1
22 1226 1
22 1253 1
22 1254 1
22 1255 1
22 1256 2
22 1257 1
22 1258 1
22 1259 1
22 1260 2
22 1261 7
22 1262 1
22 1263 1
22 1264 1
22 1265 2
22 1266 1
22 1267 1
22 1268 2
22 1269 1
22 1270 1
22 1271 1
22 1272 6
22 1273 1
22 1274 1
22 1275 1
22 1276 1
22 1277 1
22 1278 1
22 1279 1
23 2 2
23 3 1
23 10 7
23 13 1
23 14 8
23 15 1
23 18 1
23 19 1
23 26 1
23 27 1
23 37 6
23 42 1
23 50 5
23 52 2
23 54 1
23 56 2
23 58 2
23 59 2
23 62 2
23 76 2
23 87 8
23 88 1
23 96 2
23 99 1
23 109 1
23 115 1
23 119 1
23 122 1
23 126 1
23 127 1
23 129 2
23 130 2
23 140 1
23 143 3
23 144 5
23 145 1
23 146 1
23 151 2
23 155 1
23 161 1
23 163 1
23 169 1
23 171 1
23 173 1
23 174 2
23 175 2
23 177 6
23 178 6
23 180 4
23 183 11
23 184 7
23 185 2
23 187 3
23 192 5
23 194 3
23 195 1
23 197 2
23 205 1
23 206 1
23 207 1
23 208 1
23 217 1
23 225 1
23 236 4
23 238 1
23 248 3
23 250 1
23 254 4
23 258 2
23 264 1
23 275 5
23 283 1
23 290 1
23 292 6
23 296 1
23 299 1
23 301 2
23 304 4
23 318 2
23 323 1
23 331 9
23 345 1
23 346 2
23 352 1
23 353 1
23 354 5
23 358 5
23 371 2
23 386 1
23 398 1
23 401 1
23 402 10
23 405 1
23 407 1
23 414 15
23 420 1
23 423 3
23 428 1
23 432 2
23 436 1
23 437 1
23 438 4
23 448 1
23 450 1
23 452 1
23 454 1
23 460 1
23 468 1
23 475 1
23 476 3
23 477 1
23 478 1
23 479 1
23 488 3
23 490 1
23 506 1
23 511 2
23 523 1
23 563 2
23 564 3
23 598 1
23 628 1
23 631 3
23 700 1
23 711 1
23 716 2
23 718 1
23 727 7
23 729 6
23 734 1
23 754 1
23 769 1
23 772 4
23 779 3
23 786 1
23 791 1
23 800 1
23 801 1
23 831 1
23 835 1
23 846 1
23 882 1
23 888 1
23 912 2
23 923 1
23 1039 1
23 1043 6
23 1048 1
23 1054 1
23 1095 1
23 1128 2
23 1147 1
23 1172 1
23 1178 1
23 1198 1
23 1202 1
23 1204 1
23 1208 1
23 1209 2
23 1240 1
23 1263 1
23 1279 1
23 1280 1
23 1281 2
23 1282 1
23 1283 1
23 1284 1
23 1285 1
23 1286 1
23 1287 1
23 1288 1
23 1289 1
23 1290 3
23 1291 3
23 1292 1
23 1293 1
23 1294 1
23 1295 2
23 1296 1
23 1297 1
23 1298 2
23 1299 2
23 1300 1
23 1301 2
23 1302 1
23 1303 1
23 1304 2
23 1305 1
23 1306 1
23 1307 1
23 1308 1
23 1309 1
23 1310 1
23 1311 1
23 1312 1
23 1313 1
23 1314 1
23 1315 2
23 1316 1
23 1317 1
24 2 1
24 3 4
24 7 2
24 10 3
24 14 6
24 15 2
24 16 1
24 26 1
24 28 1
24 30 2
24 34 4
24 37 2
24 39 1
24 42 2
24 45 1
24 51 6
24 52 2
24 53 1
24 55 5
24 56 3
24 57 1
24 58 1
24 66 4
24 68 1
24 74 2
24 79 6
24 86 3
24 88 2
24 93 1
24 98 1
24 99 1
24 104 1
24 109 1
24 111 3
24 112 1
24 123 1
24 137 10
24 139 1
24 145 1
24 149 8
24 151 1
24 152 1
24 159 2
24 161 1
24 164 1
24 169 1
24 174 11
24 175 4
24 177 2
24 178 1
24 181 1
24 184 2
24 185 1
24 188 1
24 192 1
24 194 3
24 208 1
24 212 2
24 220 2
24 223 2
24 227 1
24 228 1
24 244 5
24 251 1
24 253 1
24 262 1
24 287 2
24 292 9
24 303 1
24 304 1
24 321 4
24 323 1
24 328 1
24 339 1
24 346 3
24 355 1
24 369 1
24 384 2
24 386 1
24 428 1
24 433 1
24 460 1
24 490 1
24 493 2
24 500 1
24 511 1
24 555 1
24 564 1
24 581 1
24 649 1
24 668 2
24 704 1
24 707 1
24 718 1
24 723 2
24 750 1
24 764 1
24 772 1
24 783 1
24 790 1
24 802 1
24 871 1
24 884 1
24 890 1
24 895 1
24 957 1
24 974 1
24 997 1
24 1013 1
24 1081 1
24 1082 1
24 1095 3
24 1133 1
24 1135 1
24 1147 5
24 1148 2
24 1153 1
24 1165 1
24 1169 1
24 1174 23
24 1177 1
24 1226 1
24 1228 1
24 1234 1
24 1255 1
24 1318 2
24 1319 1
24 1320 1
24 1321 1
24 1322 1
24 1323 1
24 1324 1
24 1325 1
24 1326 2
24 1327 1
24 1328 1
24 1329 1
24 1330 1
24 1331 4
24 1332 2
24 1333 2
24 1334 1
24 1335 10
24 1336 1
24 1337 2
24 1338 1
24 1339 2
24 1340 1
24 1341 1
24 1342 3
24 1343 1
24 1344 1
24 1345 3
24 1346 1
24 1347 1
24 1348 2
24 1349 1
24 1350 1
25 1 1
25 2 5
25 3 12
25 4 2
25 7 2
25 14 3
25 15 2
25 18 1
25 24 1
25 26 1
25 29 1
25 30 1
25 34 5
25 37 1
25 52 1
25 55 2
25 57 2
25 66 3
25 68 1
25 74 3
25 79 5
25 86 3
25 88 1
25 93 3
25 99 3
25 104 3
25 108 1
25 112 1
25 114 1
25 115 1
25 130 1
25 136 8
25 140 1
25 143 1
25 145 3
25 146 6
25 149 6
25 152 3
25 159 2
25 171 1
25 174 1
25 175 4
25 181 1
25 185 7
25 194 1
25 196 1
25 208 1
25 209 1
25 217 2
25 227 2
25 229 1
25 239 1
25 244 1
25 253 1
25 260 6
25 262 1
25 280 5
25 292 4
25 304 1
25 325 1
25 334 1
25 341 4
25 383 1
25 386 1
25 391 1
25 437 1
25 439 2
25 475 1
25 480 9
25 485 1
25 493 1
25 500 1
25 534 1
25 544 1
25 555 1
25 556 1
25 651 1
25 667 1
25 672 1
25 675 2
25 791 1
25 802 1
25 1004 1
25 1052 1
25 1055 1
25 1099 1
25 1104 2
25 1183 1
25 1197 1
25 1255 2
25 1319 3
25 1338 1
25 1339 3
25 1351 1
25 1352 1
25 1353 1
25 1354 1
25 1355 1
25 1356 1
25 1357 1
25 1358 1
25 1359 1
25 1360 1
25 1361 1
25 1362 1
26 1 1
26 2 1
26 3 1
26 10 5
26 11 1
26 14 7
26 30 1
26 37 4
26 53 1
26 65 2
26 66 1
26 74 2
26 78 2
26 79 4
26 87 2
26 92 1
26 93 1
26 104 1
26 115 2
26 116 3
26 121 1
26 130 1
26 133 1
26 139 1
26 140 2
26 149 2
26 174 1
26 175 1
26 184 4
26 197 1
26 199 1
26 201 1
26 202 1
26 203 17
26 207 3
26 208 2
26 210 2
26 213 2
26 217 1
26 227 2
26 240 1
26 241 2
26 244 1
26 250 1
26 251 5
26 253 3
26 254 2
26 259 1
26 261 1
26 262 3
26 264 2
26 281 2
26 287 2
26 292 2
26 294 1
26 301 1
26 307 1
26 312 1
26 313 1
26 332 1
26 340 1
26 345 1
26 347 2
26 355 2
26 357 1
26 359 1
26 360 2
26 369 1
26 375 1
26 377 1
26 379 1
26 382 1
26 388 1
26 404 2
26 426 2
26 455 1
26 517 1
26 592 2
26 619 1
26 668 1
26 689 1
26 709 1
26 791 2
26 793 2
26 847 1
26 888 1
26 921 1
26 927 1
26 1002 1
26 1008 1
26 1014 1
26 1052 1
26 1099 1
26 1101 1
26 1142 1
26 1206 1
26 1276 1
26 1324 1
26 1345 2
26 1363 1
26 1364 1
26 1365 1
26 1366 1
26 1367 1
26 1368 1
26 1369 1
26 1370 1
26 1371 1
26 1372 1
26 1373 1
26 1374 1
26 1375 1
26 1376 1
27 2 1
27 3 1
27 10 9
27 14 1
27 15 1
27 29 3
27 37 4
27 44 1
27 52 1
27 55 1
27 65 1
27 111 1
27 122 1
27 145 1
27 146 10
27 157 2
27 175 1
27 181 1
27 184 1
27 185 2
27 187 1
27 205 1
27 224 1
27 250 3
27 251 1
27 254 1
27 264 1
27 269 10
27 280 2
27 292 3
27 312 1
27 343 1
27 347 1
27 351 1
27 385 3
27 391 1
27 437 1
27 652 1
27 695 1
27 743 3
27 821 1
27 860 1
27 884 1
27 886 1
27 1052 1
27 1099 1
27 1184 1
27 1222 1
27 1280 1
27 1331 2
27 1367 1
27 1377 1
27 1378 1
27 1379 1
27 1380 1
27 1381 1
27 1382 1
27 1383 1
27 1384 1
27 1385 2
27 1386 1
27 1387 3
27 1388 1
27 1389 5
27 1390 1
28 3 1
28 14 10
28 19 1
28 25 1
28 29 1
28 43 1
28 50 2
28 57 1
28 60 1
28 74 1
28 77 1
28 79 2
28 93 1
28 107 3
28 112 3
28 115 1
28 116 3
28 122 1
28 141 1
28 144 6
28 146 7
28 149 1
28 164 1
28 165 1
28 174 1
28 175 9
28 176 3
28 179 1
28 181 1
28 185 1
28 191 1
28 199 2
28 205 1
28 211 2
28 242 1
28 251 1
28 257 1
28 261 1
28 281 2
28 287 1
28 292 2
28 312 1
28 319 1
28 342 1
28 345 4
28 351 1
28 381 2
28 437 1
28 459 2
28 460 1
28 500 1
28 507 2
28 538 1
28 592 1
28 628 5
28 667 1
28 687 1
28 689 3
28 691 1
28 791 1
28 800 1
28 836 1
28 884 1
28 897 1
28 904 1
28 905 1
28 910 1
28 918 1
28 922 1
28 1071 1
28 1076 1
28 1082 1
28 1093 1
28 1099 1
28 1124 1
28 1185 2
28 1203 1
28 1228 1
28 1241 1
28 1319 1
28 1345 1
28 1391 1
28 1392 2
28 1393 1
28 1394 2
28 1395 2
28 1396 1
28 1397 1
28 1398 1
28 1399 1
28 1400 3
28 1401 2
28 1402 1
28 1403 1
28 1404 1
28 1405 1
28 1406 1
28 1407 1
28 1408 1
28 1409 1
29 1 1
29 2 7
29 3 9
29 8 2
29 10 5
29 13 1
29 14 7
29 15 14
29 21 1
29 24 1
29 26 1
29 28 1
29 30 3
29 31 2
29 34 3
29 37 6
29 42 1
29 43 1
29 44 1
29 50 2
29 52 3
29 53 1
29 55 1
29 57 1
29 58 1
29 62 1
29 65 2
29 70 1
29 72 1
29 74 2
29 76 1
29 78 1
29 79 4
29 81 2
29 86 2
29 87 5
29 88 1
29 93 2
29 95 2
29 97 1
29 99 1
29 104 5
29 107 3
29 108 1
29 109 1
29 115 4
29 118 1
29 119 1
29 122 1
29 130 2
29 131 1
29 136 4
29 140 3
29 144 4
29 146 2
29 148 1
29 149 6
29 151 3
29 152 1
29 155 1
29 159 2
29 161 2
29 165 1
29 167 1
29 174 4
29 175 6
29 176 2
29 177 1
29 181 1
29 184 7
29 185 4
29 189 1
29 192 3
29 194 1
29 199 2
29 207 1
29 208 3
29 213 5
29 217 2
29 224 1
29 225 3
29 227 2
29 229 2
29 233 4
29 235 1
29 239 5
29 240 2
29 248 2
29 250 1
29 251 1
29 253 2
29 257 1
29 258 1
29 261 5
29 262 5
29 264 1
29 266 2
29 278 1
29 281 2
29 283 1
29 288 1
29 292 1
29 298 2
29 304 4
29 308 1
29 314 1
29 316 6
29 322 1
29 331 1
29 347 1
29 354 1
29 355 1
29 358 2
29 360 1
29 366 1
29 371 3
29 386 2
29 398 1
29 402 3
29 407 2
29 410 8
29 414 1
29 418 19
29 428 1
29 433 1
29 437 1
29 438 1
29 444 1
29 449 4
29 454 3
29 455 1
29 458 2
29 476 5
29 480 3
29 490 2
29 492 2
29 493 1
29 500 2
29 506 1
29 520 2
29 523 1
29 555 1
29 578 3
29 596 1
29 628 1
29 643 1
29 666 1
29 673 1
29 694 1
29 704 1
29 706 2
29 716 3
29 718 2
29 723 1
29 725 1
29 736 1
29 737 1
29 748 3
29 767 1
29 793 1
29 800 1
29 802 1
29 805 1
29 812 1
29 825 1
29 830 1
29 876 1
29 882 1
29 895 1
29 898 1
29 906 6
29 912 1
29 932 2
29 938 1
29 941 1
29 1008 3
29 1014 1
29 1081 1
29 1104 2
29 1135 1
29 1148 2
29 1167 1
29 1172 1
29 1174 2
29 1202 12
29 1203 1
29 1225 1
29 1280 1
29 1281 1
29 1290 3
29 1309 1
29 1310 1
29 1316 1
29 1319 1
29 1353 1
29 1391 1
29 1410 1
29 1411 1
29 1412 1
29 1413 1
29 1414 1
29 1415 5
29 1416 1
29 1417 1
29 1418 1
29 1419 1
29 1420 1
29 1421 1
29 1422 3
29 1423 1
29 1424 1
29 1425 1
29 1426 1
29 1427 1
29 1428 1
29 1429 1
29 1430 1
29 1431 1
29 1432 1
29 1433 1
29 1434 1
29 1435 1
29 1436 1
29 1437 1
29 1438 1
29 1439 1
29 1440 1
29 1441 1
30 1 1
30 2 1
30 3 10
30 5 4
30 7 1
30 10 6
30 12 1
30 14 4
30 15 2
30 26 1
30 27 1
30 30 1
30 34 2
30 37 4
30 42 3
30 43 2
30 45 7
30 50 2
30 54 1
30 55 3
30 56 4
30 58 3
30 59 1
30 67 1
30 74 2
30 76 2
30 77 1
30 79 1
30 86 1
30 88 1
30 93 5
30 97 8
30 99 1
30 107 10
30 109 1
30 115 1
30 118 1
30 127 1
30 132 1
30 135 1
30 136 1
30 139 1
30 140 1
30 144 21
30 149 1
30 152 2
30 158 1
30 159 2
30 164 1
30 169 2
30 175 7
30 176 1
30 177 14
30 178 1
30 180 3
30 181 4
30 183 5
30 184 8
30 185 2
30 189 2
30 192 3
30 194 4
30 197 6
30 205 2
30 212 1
30 213 12
30 215 1
30 217 2
30 219 1
30 223 3
30 225 3
30 238 2
30 253 1
30 254 1
30 259 1
30 262 3
30 264 1
30 271 2
30 272 1
30 279 1
30 286 1
30 288 2
30 289 1
30 292 7
30 301 3
30 304 6
30 328 2
30 341 1
30 345 1
30 346 1
30 360 1
30 368 1
30 371 11
30 385 1
30 391 1
30 407 1
30 410 45
30 412 1
30 418 20
30 420 1
30 427 2
30 428 2
30 433 3
30 436 3
30 437 1
30 438 4
30 445 1
30 455 2
30 460 2
30 462 2
30 478 1
30 480 1
30 482 1
30 488 3
30 490 1
30 493 1
30 507 1
30 511 1
30 524 1
30 564 1
30 586 1
30 590 1
30 623 4
30 651 3
30 661 4
30 668 1
30 679 1
30 693 3
30 702 2
30 706 1
30 743 2
30 744 1
30 793 3
30 800 3
30 801 1
30 805 1
30 826 1
30 867 2
30 871 3
30 876 1
30 882 4
30 888 1
30 893 1
30 895 6
30 912 1
30 916 1
30 950 1
30 951 3
30 956 1
30 1048 2
30 1076 1
30 1090 1
30 1094 2
30 1147 1
30 1202 2
30 1258 1
30 1284 2
30 1308 1
30 1309 2
30 1317 2
30 1319 2
30 1337 1
30 1436 1
30 1437 1
30 1442 2
30 1443 5
30 1444 2
30 1445 2
30 1446 1
30 1447 1
30 1448 1
30 1449 1
30 1450 5
30 1451 4
30 1452 1
30 1453 1
30 1454 1
30 1455 1
30 1456 1
30 1457 1
30 1458 4
30 1459 1
30 1460 1
30 1461 2
30 1462 1
30 1463 1
30 1464 1
30 1465 1
30 1466 1
30 1467 2
30 1468 1
30 1469 1
30 1470 1
30 1471 1
31 2 1
31 10 6
31 13 1
31 14 2
31 15 3
31 26 1
31 44 1
31 52 1
31 109 1
31 114 1
31 116 4
31 145 1
31 146 1
31 167 1
31 175 2
31 181 1
31 205 1
31 206 1
31 225 1
31 242 1
31 250 1
31 264 2
31 284 6
31 351 1
31 360 1
31 404 1
31 407 1
31 437 1
31 482 2
31 483 1
31 523 1
31 535 1
31 668 1
31 704 1
31 800 1
31 860 1
31 876 3
31 898 2
31 1104 1
31 1155 4
31 1263 1
31 1267 9
31 1298 1
31 1372 3
31 1472 2
31 1473 1
31 1474 2
32 3 2
32 10 4
32 14 4
32 15 1
32 37 1
32 52 1
32 53 1
32 114 1
32 129 1
32 145 1
32 146 1
32 175 2
32 181 1
32 184 1
32 196 1
32 240 1
32 251 1
32 254 1
32 264 2
32 271 1
32 284 2
32 292 1
32 312 1
32 336 1
32 343 1
32 347 1
32 401 1
32 437 1
32 523 1
32 602 1
32 808 1
32 1052 1
32 1099 1
32 1155 2
32 1264 1
32 1267 2
32 1375 1
32 1475 1
32 1476 6
33 3 4
33 4 2
33 10 3
33 11 1
33 13 1
33 14 4
33 15 8
33 24 1
33 26 1
33 30 3
33 34 6
33 37 3
33 39 2
33 42 2
33 44 1
33 47 1
33 50 3
33 51 4
33 53 2
33 54 1
33 55 1
33 56 1
33 59 1
33 60 3
33 65 1
33 74 3
33 75 2
33 77 3
33 79 5
33 86 1
33 87 4
33 93 2
33 99 1
33 101 1
33 104 3
33 107 3
33 108 1
33 109 1
33 115 1
33 121 1
33 122 1
33 135 1
33 136 2
33 139 2
33 140 2
33 141 1
33 145 2
33 146 1
33 148 1
33 149 9
33 155 6
33 156 1
33 159 2
33 161 3
33 164 1
33 169 1
33 171 1
33 174 5
33 175 4
33 176 3
33 177 1
33 180 3
33 184 4
33 185 6
33 187 1
33 190 1
33 192 1
33 194 1
33 195 2
33 196 1
33 197 1
33 199 1
33 205 2
33 207 1
33 208 6
33 209 1
33 212 1
33 216 1
33 217 2
33 221 11
33 225 1
33 227 2
33 229 2
33 238 1
33 239 2
33 248 3
33 250 1
33 251 1
33 253 2
33 260 1
33 262 4
33 268 1
33 271 2
33 276 1
33 277 1
33 281 1
33 283 1
33 284 8
33 286 2
33 289 2
33 290 1
33 291 1
33 292 1
33 298 2
33 299 1
33 301 2
33 304 2
33 317 1
33 323 1
33 328 1
33 339 1
33 343 1
33 344 3
33 345 1
33 351 1
33 358 3
33 371 1
33 407 1
33 415 1
33 418 6
33 426 1
33 428 2
33 433 1
33 449 1
33 450 1
33 456 1
33 462 1
33 490 1
33 493 1
33 507 1
33 509 1
33 524 1
33 544 1
33 555 1
33 590 1
33 596 1
33 707 1
33 715 1
33 748 1
33 754 1
33 759 1
33 801 2
33 802 1
33 806 1
33 821 1
33 846 1
33 858 1
33 860 1
33 886 1
33 898 1
33 910 1
33 927 2
33 1002 1
33 1015 1
33 1081 1
33 1095 1
33 1142 1
33 1155 1
33 1163 1
33 1178 1
33 1183 1
33 1192 1
33 1202 4
33 1208 1
33 1221 1
33 1228 1
33 1281 2
33 1301 1
33 1310 1
33 1319 1
33 1429 1
33 1447 1
33 1477 1
33 1478 1
33 1479 1
33 1480 1
33 1481 1
33 1482 1
33 1483 1
33 1484 1
33 1485 3
33 1486 3
33 1487 1
33 1488 1
33 1489 1
33 1490 2
33 1491 1
33 1492 1
33 1493 1
33 1494 1
33 1495 1
33 1496 1
33 1497 3
33 1498 1
33 1499 1
33 1500 1
33 1501 1
33 1502 1
33 1503 1
34 2 1
34 4 1
34 10 1
34 12 1
34 13 1
34 14 8
34 15 2
34 19 1
34 29 1
34 34 2
34 41 1
34 50 1
34 52 1
34 77 1
34 79 1
34 87 2
34 107 2
34 111 1
34 114 1
34 115 1
34 116 2
34 122 1
34 144 9
34 145 1
34 146 16
34 149 1
34 156 1
34 174 1
34 175 9
34 176 2
34 181 1
34 184 2
34 185 2
34 194 1
34 197 1
34 199 2
34 205 3
34 211 2
34 224 1
34 226 5
34 242 2
34 248 1
34 250 1
34 254 1
34 259 1
34 283 1
34 284 2
34 292 3
34 294 3
34 312 1
34 319 1
34 340 1
34 345 1
34 347 1
34 381 1
34 385 2
34 404 2
34 428 1
34 437 2
34 483 1
34 523 1
34 535 1
34 536 2
34 628 9
34 652 1
34 659 2
34 687 1
34 689 2
34 697 1
34 698 1
34 713 1
34 786 3
34 791 1
34 860 2
34 897 1
34 910 2
34 919 1
34 936 1
34 1045 1
34 1075 1
34 1076 1
34 1099 1
34 1119 1
34 1126 1
34 1137 1
34 1155 1
34 1186 1
34 1228 1
34 1263 1
34 1264 1
34 1267 1
34 1280 1
34 1346 1
34 1392 9
34 1394 1
34 1395 2
34 1396 1
34 1400 1
34 1401 1
34 1402 1
34 1404 1
34 1408 1
34 1504 1
34 1505 1
34 1506 1
34 1507 1
34 1508 1
34 1509 1
34 1510 1
34 1511 1
34 1512 1
34 1513 1
34 1514 1
35 2 1
35 14 8
35 19 1
35 29 1
35 34 1
35 50 1
35 52 1
35 58 1
35 62 1
35 65 2
35 77 1
35 79 2
35 80 1
35 92 1
35 100 1
35 107 2
35 111 1
35 114 1
35 115 1
35 116 1
35 119 1
35 130 1
35 144 3
35 145 2
35 146 19
35 149 1
35 174 1
35 175 10
35 176 2
35 181 1
35 184 1
35 191 1
35 194 2
35 198 1
35 199 2
35 207 1
35 211 2
35 220 1
35 241 1
35 242 2
35 244 1
35 247 1
35 254 1
35 264 1
35 272 2
35 279 2
35 281 2
35 292 6
35 294 4
35 345 1
35 347 6
35 351 1
35 354 1
35 361 1
35 381 1
35 382 1
35 383 1
35 385 1
35 386 2
35 415 1
35 428 1
35 437 2
35 474 1
35 475 1
35 500 1
35 511 2
35 523 1
35 555 2
35 563 1
35 574 1
35 628 4
35 631 1
35 667 2
35 668 1
35 691 1
35 736 1
35 747 4
35 791 1
35 825 1
35 860 1
35 904 1
35 910 1
35 922 1
35 1004 1
35 1099 1
35 1133 1
35 1137 1
35 1179 1
35 1210 1
35 1226 1
35 1228 1
35 1241 11
35 1339 2
35 1345 1
35 1377 1
35 1392 4
35 1395 2
35 1396 2
35 1400 2
35 1402 4
35 1405 1
35 1416 1
35 1508 1
35 1515 2
35 1516 1
35 1517 1
35 1518 1
35 1519 2
35 1520 1
35 1521 1
35 1522 2
35 1523 1
35 1524 1
35 1525 1
35 1526 1
35 1527 1
35 1528 1
35 1529 1
35 1530 1
35 1531 1
35 1532 1
35 1533 1
35 1534 1
35 1535 1
35 1536 1
35 1537 1
36 1 1
36 2 6
36 3 4
36 6 2
36 10 17
36 13 1
36 14 7
36 15 19
36 18 2
36 26 1
36 28 1
36 30 1
36 34 3
36 37 3
36 42 2
36 50 1
36 52 1
36 53 1
36 54 1
36 55 1
36 56 2
36 57 2
36 68 1
36 70 1
36 72 1
36 74 2
36 77 1
36 78 4
36 79 8
36 86 5
36 87 3
36 88 2
36 93 2
36 96 8
36 99 2
36 101 1
36 104 1
36 107 5
36 109 1
36 111 1
36 114 1
36 115 2
36 121 2
36 130 3
36 131 4
36 135 1
36 136 1
36 145 1
36 146 1
36 148 1
36 149 12
36 152 4
36 159 2
36 169 1
36 174 1
36 175 16
36 176 1
36 177 7
36 178 1
36 180 2
36 181 1
36 184 4
36 185 4
36 188 1
36 194 1
36 195 1
36 196 1
36 205 3
36 206 4
36 208 1
36 209 1
36 217 3
36 220 1
36 225 1
36 227 2
36 237 1
36 242 1
36 253 3
36 261 3
36 262 1
36 264 1
36 266 3
36 281 1
36 289 8
36 298 1
36 304 1
36 315 1
36 316 1
36 343 1
36 345 2
36 351 4
36 354 1
36 358 1
36 360 1
36 407 15
36 410 4
36 418 36
36 420 1
36 428 1
36 430 1
36 435 1
36 440 1
36 444 1
36 447 1
36 472 1
36 486 1
36 493 1
36 506 1
36 507 1
36 508 1
36 511 1
36 520 2
36 535 1
36 538 2
36 555 1
36 559 1
36 578 1
36 580 5
36 649 1
36 687 1
36 693 2
36 697 1
36 706 2
36 791 1
36 802 1
36 825 1
36 882 1
36 886 2
36 902 3
36 906 1
36 911 1
36 919 1
36 923 1
36 956 1
36 994 1
36 1008 1
36 1036 1
36 1060 1
36 1062 1
36 1096 1
36 1104 1
36 1115 1
36 1178 1
36 1226 1
36 1250 1
36 1252 1
36 1255 1
36 1305 1
36 1334 1
36 1364 1
36 1414 1
36 1424 1
36 1428 1
36 1436 1
36 1441 1
36 1457 1
36 1475 1
36 1508 6
36 1523 1
36 1538 1
36 1539 1
36 1540 1
36 1541 1
36 1542 1
36 1543 1
36 1544 1
36 1545 1
36 1546 2
36 1547 1
36 1548 1
36 1549 1
36 1550 1
36 1551 1
36 1552 1
36 1553 3
36 1554 4
36 1555 3
36 1556 1
36 1557 1
36 1558 1
36 1559 1
36 1560 1
36 1561 1
36 1562 1
36 1563 1
36 1564 1
36 1565 4
36 1566 14
36 1567 1
36 1568 1
36 1569 1
36 1570 1
36 1571 1
37 1 1
37 2 1
37 8 1
37 10 3
37 14 3
37 15 5
37 26 1
37 34 1
37 45 1
37 52 1
37 65 1
37 66 2
37 86 2
37 90 2
37 109 1
37 114 1
37 137 1
37 144 1
37 145 1
37 146 1
37 152 1
37 167 1
37 175 6
37 180 1
37 181 1
37 191 1
37 197 2
37 205 1
37 207 1
37 208 1
37 224 1
37 225 1
37 316 1
37 412 1
37 433 1
37 437 1
37 438 1
37 440 1
37 441 1
37 445 7
37 455 1
37 462 2
37 482 1
37 493 1
37 631 1
37 651 1
37 661 2
37 667 1
37 817 1
37 871 1
37 874 1
37 890 3
37 906 1
37 919 1
37 929 5
37 1013 1
37 1039 1
37 1085 1
37 1148 1
37 1178 1
37 1183 1
37 1223 1
37 1226 1
37 1572 1
37 1573 1
37 1574 1
37 1575 1
37 1576 1
38 1 1
38 3 1
38 10 4
38 14 3
38 15 3
38 26 1
38 37 1
38 50 1
38 52 1
38 58 1
38 86 2
38 87 1
38 96 1
38 107 1
38 109 1
38 114 1
38 129 1
38 141 1
38 145 2
38 146 1
38 158 2
38 165 1
38 167 1
38 175 2
38 176 1
38 181 1
38 184 1
38 185 4
38 192 2
38 194 2
38 208 2
38 213 4
38 225 1
38 235 3
38 236 3
38 250 1
38 264 1
38 269 1
38 271 1
38 290 1
38 292 1
38 346 1
38 360 1
38 368 3
38 391 1
38 402 2
38 425 6
38 437 1
38 458 1
38 462 2
38 482 2
38 483 1
38 519 4
38 535 1
38 596 1
38 651 1
38 676 4
38 707 2
38 711 1
38 720 5
38 733 1
38 825 2
38 860 1
38 872 1
38 888 1
38 916 1
38 951 7
38 1012 2
38 1434 1
38 1577 3
38 1578 1
38 1579 1
38 1580 6
38 1581 2
38 1582 1
38 1583 1
39 3 2
39 10 6
39 13 1
39 14 4
39 19 1
39 26 1
39 32 1
39 42 2
39 45 1
39 50 2
39 52 1
39 53 1
39 54 1
39 55 3
39 56 1
39 58 1
39 65 4
39 68 1
39 74 3
39 78 1
39 79 5
39 87 10
39 89 1
39 93 1
39 96 1
39 97 1
39 99 1
39 104 1
39 107 1
39 109 1
39 114 1
39 115 1
39 116 1
39 122 1
39 126 2
39 135 1
39 145 2
39 146 1
39 149 5
39 158 1
39 159 2
39 167 1
39 169 2
39 173 1
39 175 2
39 176 1
39 177 4
39 180 1
39 181 1
39 184 3
39 185 8
39 188 1
39 192 1
39 194 1
39 195 1
39 196 2
39 197 1
39 205 1
39 208 1
39 209 1
39 212 1
39 213 1
39 216 1
39 217 2
39 220 3
39 225 1
39 227 2
39 235 2
39 236 6
39 237 1
39 239 1
39 241 1
39 244 1
39 246 1
39 250 2
39 253 1
39 257 1
39 261 2
39 262 4
39 264 3
39 271 1
39 274 1
39 275 7
39 282 2
39 283 1
39 284 2
39 287 2
39 289 6
39 290 1
39 291 1
39 292 6
39 304 1
39 312 1
39 331 1
39 339 1
39 343 3
39 347 6
39 354 1
39 358 1
39 360 1
39 368 1
39 376 1
39 389 1
39 401 1
39 402 3
39 405 4
39 410 1
39 418 3
39 428 1
39 432 1
39 435 1
39 448 1
39 458 1
39 470 1
39 493 1
39 507 1
39 511 1
39 535 2
39 636 2
39 651 1
39 674 1
39 676 1
39 689 1
39 694 1
39 702 1
39 709 2
39 716 1
39 718 3
39 723 1
39 801 1
39 802 1
39 841 2
39 879 1
39 898 1
39 932 1
39 951 1
39 965 1
39 983 1
39 1008 1
39 1048 1
39 1081 1
39 1119 1
39 1155 1
39 1177 1
39 1202 1
39 1263 4
39 1280 1
39 1285 1
39 1298 1
39 1584 1
39 1585 1
39 1586 1
39 1587 2
39 1588 9
39 1589 8
39 1590 1
39 1591 1
39 1592 1
39 1593 1
39 1594 2
39 1595 2
39 1596 1
39 1597 1
39 1598 1
39 1599 1
39 1600 1
