%%MatrixMarket matrix coordinate real general
41 1625 5823                                      
1 1 1
1 2 1
1 3 20
1 4 2
1 5 5
1 6 3
1 7 4
1 8 3
1 9 1
1 10 8
1 11 1
1 12 4
1 13 1
1 14 3
1 15 8
1 16 2
1 17 1
1 18 1
1 19 2
1 20 1
1 21 3
1 22 1
1 23 1
1 24 1
1 25 1
1 26 1
1 27 1
1 28 1
1 29 1
1 30 1
1 31 3
1 32 1
1 33 1
1 34 2
1 35 3
1 36 1
1 37 2
1 38 1
1 39 1
1 40 1
1 41 1
1 42 2
1 43 1
1 44 2
1 45 1
1 46 1
1 47 1
1 48 3
1 49 1
1 50 1
1 51 3
1 52 2
1 53 1
1 54 1
1 55 1
1 56 2
1 57 1
1 58 1
1 59 1
1 60 1
1 61 1
1 62 1
1 63 2
1 64 2
1 65 2
1 66 6
1 67 1
1 68 1
1 69 1
1 70 2
1 71 1
1 72 3
1 73 1
1 74 3
1 75 1
1 76 1
1 77 1
1 78 1
1 79 1
1 80 1
1 81 1
1 82 2
1 83 1
1 84 1
1 85 1
1 86 1
1 87 2
1 88 1
1 89 1
1 90 2
1 91 1
1 92 1
1 93 2
1 94 1
1 95 1
1 96 1
1 97 1
1 98 1
1 99 1
1 100 1
1 101 1
1 102 1
1 103 1
1 104 4
1 105 1
1 106 1
1 107 4
1 108 1
1 109 1
1 110 2
1 111 1
1 112 1
1 113 1
1 114 1
1 115 2
1 116 1
1 117 1
1 118 1
1 119 1
1 120 1
1 121 1
1 122 3
1 123 1
1 124 1
1 125 1
1 126 4
1 127 2
1 128 2
1 129 1
1 130 3
1 131 1
1 132 1
1 133 1
1 134 1
1 135 3
1 136 1
1 137 2
1 138 1
1 139 2
1 140 1
1 141 1
1 142 1
1 143 2
1 144 1
1 145 9
1 146 1
1 147 2
1 148 1
1 149 3
1 150 1
1 151 2
1 152 1
1 153 1
1 154 5
1 155 2
1 156 1
1 157 1
1 158 1
1 159 2
1 160 1
1 161 1
1 162 1
1 163 1
1 164 1
1 165 1
1 166 1
1 167 1
1 168 1
1 169 1
1 170 1
1 171 1
1 172 2
1 173 2
1 174 1
1 175 1
1 176 1
1 177 6
1 178 1
1 179 1
1 180 2
1 181 1
1 182 1
1 183 3
1 184 1
1 185 7
1 186 1
1 187 2
1 188 1
1 189 1
1 190 1
1 191 2
1 192 5
2 3 2
2 10 3
2 12 1
2 14 4
2 15 6
2 26 1
2 30 3
2 34 1
2 37 4
2 42 2
2 47 2
2 50 1
2 51 8
2 52 1
2 54 1
2 55 2
2 56 1
2 57 3
2 58 1
2 59 2
2 68 1
2 74 4
2 79 5
2 86 1
2 87 1
2 93 3
2 94 1
2 99 1
2 107 1
2 109 1
2 115 1
2 116 1
2 129 1
2 130 1
2 133 1
2 139 1
2 149 9
2 159 3
2 161 2
2 169 3
2 174 1
2 175 2
2 176 1
2 178 1
2 180 2
2 184 3
2 185 3
2 193 1
2 194 1
2 195 2
2 196 1
2 197 1
2 198 1
2 199 1
2 200 1
2 201 1
2 202 1
2 203 4
2 204 10
2 205 2
2 206 3
2 207 3
2 208 2
2 209 1
2 210 1
2 211 1
2 212 1
2 213 1
2 214 1
2 215 1
2 216 2
2 217 3
2 218 1
2 219 1
2 220 1
2 221 8
2 222 2
2 223 1
2 224 1
2 225 2
2 226 1
2 227 2
2 228 1
2 229 1
2 230 1
2 231 1
2 232 2
2 233 1
2 234 1
2 235 2
2 236 1
2 237 1
2 238 2
2 239 2
2 240 2
2 241 1
2 242 1
2 243 1
2 244 2
2 245 1
2 246 1
2 247 1
2 248 1
2 249 1
2 250 1
2 251 1
2 252 1
2 253 2
2 254 1
2 255 2
2 256 1
2 257 1
2 258 1
2 259 1
2 260 1
2 261 1
2 262 1
2 263 1
2 264 1
2 265 1
2 266 1
2 267 1
2 268 1
2 269 2
2 270 1
2 271 2
2 272 1
2 273 1
2 274 1
2 275 1
2 276 1
2 277 1
2 278 1
2 279 2
2 280 1
2 281 1
2 282 1
2 283 2
2 284 1
2 285 9
2 286 1
2 287 1
2 288 3
2 289 1
2 290 1
3 1 1
3 2 1
3 3 2
3 10 4
3 14 6
3 25 1
3 26 1
3 28 3
3 30 3
3 34 2
3 37 3
3 42 4
3 43 1
3 50 2
3 52 2
3 53 5
3 54 1
3 55 4
3 56 2
3 60 1
3 65 2
3 66 1
3 68 1
3 74 4
3 78 3
3 79 3
3 87 6
3 93 4
3 99 1
3 104 1
3 107 2
3 108 1
3 109 1
3 111 1
3 114 1
3 115 1
3 126 1
3 130 3
3 135 1
3 136 1
3 143 1
3 145 1
3 146 1
3 148 1
3 149 7
3 151 2
3 155 1
3 159 4
3 161 5
3 167 1
3 169 3
3 174 5
3 175 10
3 176 2
3 178 1
3 181 1
3 183 1
3 184 1
3 185 4
3 191 1
3 192 4
3 194 1
3 195 1
3 196 4
3 197 1
3 198 2
3 199 1
3 201 4
3 202 2
3 203 15
3 204 7
3 205 3
3 206 7
3 207 3
3 208 1
3 209 1
3 210 2
3 213 6
3 215 2
3 225 2
3 226 3
3 227 2
3 231 1
3 235 5
3 236 1
3 239 2
3 240 1
3 241 1
3 243 1
3 244 2
3 247 2
3 255 8
3 256 1
3 257 1
3 259 1
3 261 3
3 262 1
3 264 3
3 265 1
3 272 1
3 273 2
3 274 1
3 275 1
3 280 1
3 282 1
3 285 1
3 286 1
3 288 1
3 290 1
3 291 1
3 292 1
3 293 16
3 294 1
3 295 1
3 296 1
3 297 1
3 298 1
3 299 1
3 300 1
3 301 1
3 302 1
3 303 2
3 304 1
3 305 1
3 306 1
3 307 2
3 308 1
3 309 2
3 310 1
3 311 1
3 312 1
3 313 4
3 314 1
3 315 1
3 316 2
3 317 1
3 318 1
3 319 2
3 320 1
3 321 1
3 322 1
3 323 1
3 324 1
3 325 1
3 326 1
3 327 1
3 328 1
3 329 1
3 330 1
3 331 1
3 332 1
3 333 1
3 334 1
3 335 1
3 336 1
3 337 1
3 338 2
3 339 1
3 340 2
3 341 1
3 342 1
3 343 1
3 344 2
3 345 1
3 346 2
3 347 1
3 348 1
3 349 2
3 350 1
3 351 1
3 352 4
3 353 1
3 354 3
3 355 1
3 356 1
3 357 1
3 358 1
3 359 1
3 360 1
3 361 1
3 362 1
3 363 1
3 364 2
3 365 1
3 366 2
3 367 1
3 368 1
3 369 2
3 370 1
3 371 1
3 372 3
3 373 1
3 374 1
3 375 2
3 376 1
3 377 1
3 378 1
3 379 1
3 380 1
3 381 1
3 382 1
3 383 1
3 384 1
3 385 1
3 386 1
3 387 1
3 388 1
3 389 1
3 390 1
4 2 1
4 3 2
4 10 3
4 14 2
4 15 8
4 22 1
4 24 1
4 26 1
4 28 1
4 30 2
4 41 2
4 42 3
4 49 1
4 50 1
4 52 7
4 53 2
4 56 3
4 59 1
4 62 3
4 66 1
4 74 2
4 76 3
4 78 1
4 79 2
4 86 1
4 87 4
4 93 1
4 95 1
4 96 5
4 107 3
4 108 2
4 109 1
4 111 3
4 114 1
4 115 3
4 119 1
4 122 1
4 126 2
4 127 1
4 143 2
4 144 2
4 146 1
4 148 1
4 149 4
4 152 1
4 155 1
4 159 1
4 163 3
4 164 1
4 166 1
4 169 2
4 175 1
4 176 2
4 177 4
4 178 4
4 180 1
4 181 2
4 183 3
4 185 4
4 189 1
4 192 11
4 194 2
4 196 1
4 197 1
4 199 1
4 207 1
4 208 3
4 209 1
4 215 1
4 217 1
4 220 5
4 223 3
4 227 2
4 229 1
4 233 1
4 235 3
4 236 5
4 239 2
4 241 1
4 246 1
4 248 1
4 257 1
4 258 3
4 262 1
4 264 1
4 265 2
4 276 2
4 277 2
4 289 1
4 317 1
4 322 9
4 344 1
4 345 2
4 346 3
4 356 1
4 372 21
4 391 1
4 392 1
4 393 1
4 394 2
4 395 1
4 396 1
4 397 1
4 398 1
4 399 1
4 400 1
4 401 2
4 402 1
4 403 1
4 404 1
4 405 1
4 406 3
4 407 1
4 408 1
4 409 1
4 410 10
4 411 2
4 412 1
4 413 1
4 414 1
4 415 1
4 416 1
4 417 2
4 418 1
4 419 10
4 420 1
4 421 2
4 422 2
4 423 1
4 424 2
4 425 1
4 426 3
4 427 1
4 428 5
4 429 14
4 430 1
4 431 1
4 432 1
4 433 1
4 434 1
4 435 1
4 436 3
4 437 2
4 438 1
4 439 1
4 440 1
4 441 1
4 442 1
4 443 1
4 444 1
4 445 1
4 446 2
4 447 1
4 448 1
4 449 1
4 450 1
4 451 1
4 452 1
4 453 1
4 454 1
4 455 1
4 456 1
4 457 1
4 458 2
4 459 1
4 460 1
4 461 1
4 462 1
4 463 1
4 464 1
4 465 1
4 466 1
4 467 9
4 468 1
4 469 1
4 470 3
4 471 1
4 472 1
4 473 1
4 474 1
4 475 1
4 476 1
4 477 2
4 478 1
4 479 1
4 480 1
5 1 1
5 3 4
5 6 1
5 10 4
5 11 1
5 14 3
5 15 11
5 26 1
5 27 8
5 29 1
5 30 1
5 34 1
5 39 1
5 41 1
5 42 2
5 54 2
5 55 2
5 56 1
5 60 1
5 62 1
5 68 1
5 74 2
5 78 1
5 79 4
5 81 1
5 86 2
5 93 1
5 99 1
5 101 1
5 109 1
5 111 1
5 112 3
5 124 1
5 130 2
5 140 1
5 144 1
5 149 6
5 159 1
5 160 1
5 164 1
5 169 3
5 172 1
5 174 7
5 175 10
5 177 1
5 178 4
5 179 5
5 184 12
5 185 2
5 187 1
5 188 1
5 197 1
5 212 1
5 217 2
5 219 1
5 229 2
5 232 1
5 233 4
5 237 2
5 244 2
5 248 2
5 253 2
5 262 1
5 264 1
5 282 1
5 319 3
5 329 1
5 330 2
5 340 1
5 346 1
5 370 2
5 372 7
5 383 1
5 384 1
5 409 1
5 414 1
5 436 1
5 439 2
5 445 1
5 461 1
5 467 2
5 481 3
5 482 1
5 483 1
5 484 1
5 485 2
5 486 1
5 487 1
5 488 2
5 489 1
5 490 3
5 491 3
5 492 2
5 493 5
5 494 1
5 495 1
5 496 2
5 497 3
5 498 1
5 499 1
5 500 2
5 501 1
5 502 1
5 503 1
5 504 1
5 505 2
5 506 1
5 507 1
5 508 1
5 509 2
5 510 2
5 511 5
5 512 1
5 513 3
5 514 1
5 515 2
5 516 1
5 517 1
5 518 1
5 519 1
5 520 6
5 521 1
5 522 1
5 523 2
5 524 1
5 525 2
5 526 1
5 527 1
5 528 1
5 529 1
5 530 1
5 531 12
5 532 15
5 533 2
5 534 4
5 535 2
5 536 1
5 537 1
5 538 1
5 539 1
5 540 6
5 541 3
5 542 1
5 543 1
5 544 1
5 545 1
5 546 1
5 547 4
5 548 1
5 549 1
5 550 15
5 551 1
5 552 1
5 553 2
5 554 1
6 1 1
6 3 1
6 6 9
6 10 1
6 14 3
6 16 3
6 25 3
6 26 1
6 30 1
6 34 8
6 42 2
6 48 2
6 50 1
6 52 3
6 54 1
6 55 2
6 62 1
6 66 2
6 68 1
6 74 2
6 79 4
6 93 2
6 96 2
6 101 1
6 107 1
6 109 1
6 114 1
6 130 1
6 136 1
6 146 1
6 149 6
6 152 1
6 158 10
6 159 1
6 167 1
6 169 2
6 174 10
6 175 9
6 176 1
6 177 9
6 180 1
6 181 1
6 183 2
6 184 4
6 185 3
6 190 1
6 192 2
6 194 1
6 212 1
6 213 1
6 215 7
6 217 2
6 244 1
6 245 1
6 248 10
6 249 1
6 253 1
6 257 1
6 258 4
6 259 1
6 260 2
6 262 2
6 269 1
6 277 2
6 280 1
6 281 1
6 282 1
6 293 11
6 302 1
6 316 1
6 343 1
6 345 1
6 346 1
6 361 1
6 387 2
6 390 1
6 400 1
6 409 1
6 413 1
6 419 1
6 421 1
6 427 1
6 431 1
6 438 1
6 445 1
6 462 2
6 463 1
6 473 2
6 478 1
6 481 2
6 482 1
6 491 1
6 492 1
6 495 1
6 505 2
6 509 3
6 517 3
6 518 5
6 520 2
6 531 3
6 536 1
6 537 1
6 539 4
6 541 3
6 550 30
6 555 1
6 556 1
6 557 3
6 558 5
6 559 1
6 560 2
6 561 2
6 562 4
6 563 1
6 564 1
6 565 6
6 566 8
6 567 1
6 568 1
6 569 8
6 570 1
6 571 3
6 572 5
6 573 8
6 574 1
6 575 1
6 576 1
6 577 1
6 578 2
6 579 1
6 580 1
6 581 1
6 582 1
6 583 1
6 584 3
6 585 1
6 586 3
6 587 1
6 588 1
6 589 2
6 590 2
6 591 2
6 592 3
6 593 1
6 594 2
6 595 3
6 596 1
6 597 1
6 598 3
6 599 1
6 600 1
6 601 6
6 602 1
6 603 1
6 604 1
6 605 1
6 606 1
6 607 1
6 608 5
6 609 1
6 610 1
6 611 1
6 612 3
6 613 1
6 614 1
6 615 3
6 616 1
6 617 1
6 618 1
6 619 1
6 620 1
6 621 1
6 622 1
6 623 2
6 624 1
6 625 1
6 626 2
6 627 1
6 628 2
6 629 3
6 630 1
6 631 4
6 632 1
6 633 1
6 634 2
6 635 1
6 636 1
6 637 1
6 638 1
6 639 1
6 640 1
6 641 1
6 642 3
6 643 4
6 644 1
6 645 1
6 646 7
6 647 1
6 648 1
6 649 1
6 650 1
6 651 2
6 652 1
7 1 2
7 2 1
7 3 5
7 4 1
7 10 1
7 14 7
7 15 8
7 26 1
7 28 1
7 30 3
7 34 7
7 37 3
7 42 2
7 45 1
7 52 8
7 53 1
7 54 1
7 55 3
7 56 1
7 59 6
7 60 1
7 66 11
7 68 1
7 70 1
7 74 4
7 78 1
7 79 4
7 80 1
7 87 3
7 90 1
7 93 3
7 104 2
7 106 1
7 109 1
7 111 4
7 114 1
7 115 1
7 130 1
7 133 1
7 135 1
7 136 8
7 146 1
7 148 4
7 149 8
7 151 2
7 155 1
7 158 1
7 159 1
7 167 1
7 169 1
7 174 9
7 175 3
7 177 4
7 181 2
7 184 7
7 185 6
7 191 2
7 192 6
7 194 2
7 196 1
7 197 3
7 199 1
7 205 1
7 207 5
7 208 1
7 209 1
7 212 2
7 213 3
7 215 3
7 217 2
7 227 2
7 229 1
7 233 2
7 235 2
7 236 2
7 239 2
7 244 3
7 245 1
7 246 10
7 248 1
7 249 1
7 253 1
7 258 8
7 259 1
7 260 5
7 262 1
7 270 1
7 281 5
7 283 3
7 286 1
7 288 1
7 290 1
7 302 2
7 305 1
7 312 1
7 315 1
7 322 1
7 339 1
7 340 1
7 342 3
7 343 1
7 344 1
7 346 1
7 355 1
7 361 1
7 370 1
7 390 1
7 399 1
7 409 2
7 415 1
7 431 1
7 438 2
7 439 1
7 461 5
7 462 7
7 483 3
7 494 3
7 501 2
7 505 1
7 519 3
7 524 2
7 550 5
7 561 1
7 565 6
7 575 1
7 582 1
7 601 1
7 620 1
7 653 1
7 654 1
7 655 1
7 656 2
7 657 1
7 658 1
7 659 1
7 660 1
7 661 2
7 662 1
7 663 1
7 664 1
7 665 1
7 666 1
7 667 1
7 668 1
7 669 1
7 670 1
7 671 1
7 672 1
7 673 1
7 674 1
7 675 1
7 676 1
7 677 1
7 678 1
7 679 1
7 680 2
7 681 1
7 682 1
7 683 1
7 684 1
7 685 4
7 686 1
7 687 1
7 688 1
7 689 1
7 690 2
7 691 1
7 692 1
7 693 1
7 694 1
7 695 7
7 696 1
7 697 1
7 698 1
7 699 1
7 700 2
7 701 2
7 702 1
7 703 2
7 704 3
7 705 2
7 706 1
7 707 1
7 708 2
7 709 1
7 710 1
7 711 3
7 712 1
7 713 1
7 714 1
7 715 1
7 716 1
7 717 1
7 718 6
7 719 1
7 720 32
8 3 1
8 10 3
8 14 5
8 15 4
8 19 1
8 30 3
8 34 1
8 37 1
8 42 2
8 51 3
8 55 2
8 56 1
8 57 1
8 68 1
8 69 1
8 74 1
8 76 21
8 79 4
8 87 1
8 93 1
8 104 1
8 107 1
8 108 1
8 109 1
8 115 1
8 129 1
8 130 1
8 141 1
8 144 31
8 149 8
8 151 1
8 155 1
8 159 1
8 161 1
8 164 1
8 175 4
8 176 1
8 177 5
8 178 1
8 181 2
8 184 2
8 185 1
8 188 1
8 192 9
8 194 4
8 195 2
8 196 1
8 197 2
8 199 1
8 205 3
8 208 1
8 209 1
8 212 1
8 213 2
8 217 1
8 220 2
8 223 1
8 227 2
8 237 1
8 238 1
8 239 2
8 243 2
8 248 5
8 250 1
8 253 1
8 262 1
8 264 1
8 287 1
8 305 1
8 342 1
8 346 2
8 359 2
8 370 1
8 372 7
8 383 1
8 387 3
8 390 4
8 392 1
8 402 3
8 403 1
8 405 1
8 426 9
8 429 2
8 433 3
8 434 1
8 438 2
8 448 8
8 453 5
8 455 2
8 461 1
8 463 1
8 474 2
8 495 1
8 506 1
8 524 1
8 531 1
8 541 2
8 565 2
8 581 1
8 669 1
8 685 1
8 687 1
8 693 1
8 717 1
8 719 4
8 721 1
8 722 1
8 723 2
8 724 1
8 725 1
8 726 1
8 727 2
8 728 4
8 729 2
8 730 2
8 731 1
8 732 1
8 733 1
8 734 1
8 735 1
8 736 3
8 737 1
8 738 1
8 739 1
8 740 1
8 741 1
8 742 1
8 743 1
8 744 1
8 745 1
8 746 1
8 747 2
8 748 1
8 749 1
8 750 1
8 751 1
8 752 3
8 753 2
8 754 10
8 755 1
8 756 1
8 757 1
8 758 1
8 759 1
8 760 1
8 761 1
8 762 1
8 763 1
9 14 1
9 129 1
9 236 1
9 318 1
9 329 1
9 345 1
9 419 1
9 462 1
9 764 1
9 765 1
9 766 3
9 767 1
9 768 1
9 769 1
9 770 2
9 771 1
9 772 1
9 773 1
10 1 1
10 3 3
10 7 1
10 10 1
10 14 2
10 26 1
10 28 1
10 30 1
10 34 4
10 36 1
10 39 1
10 42 4
10 43 1
10 44 4
10 50 1
10 52 4
10 54 1
10 55 6
10 56 1
10 59 1
10 68 1
10 74 1
10 76 6
10 78 1
10 79 3
10 86 4
10 93 1
10 96 1
10 104 2
10 107 1
10 109 1
10 111 1
10 114 1
10 117 1
10 127 1
10 135 1
10 141 2
10 144 16
10 146 1
10 149 5
10 151 1
10 152 2
10 155 1
10 158 4
10 159 1
10 169 2
10 174 9
10 175 4
10 176 1
10 177 2
10 181 1
10 184 5
10 185 1
10 191 5
10 192 15
10 212 2
10 215 1
10 217 2
10 218 7
10 220 3
10 244 4
10 248 11
10 253 1
10 257 1
10 262 1
10 277 1
10 288 1
10 293 18
10 299 2
10 305 2
10 322 7
10 369 1
10 372 16
10 390 2
10 408 2
10 409 3
10 424 3
10 426 2
10 434 1
10 438 2
10 461 15
10 462 1
10 463 2
10 478 1
10 479 1
10 482 1
10 491 2
10 492 1
10 493 1
10 501 1
10 512 1
10 515 1
10 518 2
10 524 1
10 531 6
10 535 2
10 543 2
10 550 17
10 565 6
10 571 1
10 575 1
10 582 3
10 619 1
10 669 1
10 692 1
10 693 4
10 698 1
10 708 1
10 710 2
10 719 1
10 721 4
10 745 1
10 760 1
10 763 1
10 768 2
10 773 5
10 774 1
10 775 1
10 776 1
10 777 3
10 778 1
10 779 1
10 780 1
10 781 2
10 782 11
10 783 2
10 784 1
10 785 2
10 786 1
10 787 2
10 788 1
10 789 16
10 790 3
10 791 1
10 792 2
10 793 3
10 794 7
10 795 3
10 796 1
10 797 1
10 798 1
10 799 3
10 800 1
10 801 1
10 802 1
10 803 2
10 804 1
10 805 1
10 806 10
10 807 4
10 808 2
11 3 1
11 10 4
11 14 4
11 15 7
11 26 1
11 30 3
11 34 1
11 37 12
11 42 4
11 44 1
11 47 1
11 52 5
11 53 6
11 55 3
11 56 1
11 65 1
11 66 3
11 68 1
11 74 2
11 79 5
11 87 1
11 93 1
11 99 1
11 104 1
11 107 1
11 109 1
11 114 1
11 115 2
11 130 2
11 139 2
11 142 2
11 146 1
11 149 9
11 159 1
11 169 2
11 174 1
11 181 1
11 184 6
11 194 1
11 196 1
11 199 1
11 205 1
11 207 1
11 208 8
11 209 1
11 213 1
11 216 2
11 217 4
11 227 2
11 233 1
11 235 8
11 236 10
11 239 2
11 244 4
11 248 3
11 253 1
11 262 1
11 265 1
11 280 1
11 281 2
11 282 1
11 284 3
11 290 1
11 312 1
11 322 1
11 339 1
11 340 1
11 343 1
11 346 1
11 347 1
11 378 4
11 383 1
11 391 2
11 406 1
11 410 4
11 417 1
11 433 1
11 439 1
11 449 1
11 464 2
11 508 2
11 582 1
11 598 1
11 620 1
11 627 1
11 703 1
11 705 1
11 717 1
11 719 2
11 747 1
11 749 1
11 757 1
11 794 1
11 795 1
11 802 1
11 809 3
11 810 7
11 811 1
11 812 3
11 813 4
11 814 10
11 815 1
11 816 1
11 817 1
11 818 1
11 819 1
11 820 2
11 821 1
11 822 1
11 823 3
11 824 1
11 825 1
11 826 1
11 827 1
11 828 1
11 829 1
11 830 1
11 831 1
11 832 1
11 833 1
11 834 1
11 835 1
11 836 11
11 837 1
11 838 1
11 839 1
11 840 1
11 841 1
11 842 1
12 3 14
12 10 8
12 13 1
12 14 3
12 15 7
12 26 1
12 30 3
12 34 3
12 37 6
12 42 3
12 44 1
12 52 4
12 55 2
12 56 2
12 58 1
12 59 2
12 63 12
12 68 1
12 69 1
12 72 1
12 74 1
12 79 5
12 87 2
12 93 1
12 99 1
12 104 2
12 109 1
12 111 1
12 114 1
12 115 1
12 122 1
12 127 1
12 130 2
12 133 1
12 139 3
12 142 8
12 146 1
12 148 1
12 149 9
12 151 2
12 159 1
12 169 3
12 177 4
12 178 5
12 180 2
12 181 2
12 184 14
12 185 4
12 191 7
12 195 2
12 196 1
12 197 1
12 199 1
12 200 2
12 207 6
12 208 2
12 209 1
12 212 2
12 213 1
12 215 1
12 217 13
12 219 1
12 220 3
12 223 2
12 227 2
12 235 3
12 236 10
12 238 1
12 239 2
12 244 3
12 253 3
12 259 1
12 262 1
12 265 1
12 272 1
12 275 1
12 282 1
12 308 1
12 340 1
12 346 1
12 361 3
12 390 5
12 406 1
12 438 1
12 439 8
12 468 1
12 489 1
12 501 2
12 507 11
12 508 1
12 512 1
12 524 4
12 531 2
12 539 1
12 595 9
12 619 1
12 626 1
12 632 1
12 669 2
12 692 2
12 698 1
12 708 3
12 734 1
12 760 1
12 762 1
12 791 1
12 792 1
12 802 1
12 805 1
12 807 1
12 814 5
12 821 1
12 824 1
12 826 1
12 828 3
12 832 1
12 836 12
12 843 1
12 844 1
12 845 1
12 846 1
12 847 1
12 848 6
12 849 1
12 850 1
12 851 1
12 852 1
12 853 2
12 854 1
12 855 3
12 856 1
12 857 3
12 858 1
12 859 1
12 860 2
12 861 1
12 862 6
12 863 2
12 864 4
12 865 1
12 866 1
12 867 1
12 868 1
12 869 2
12 870 1
12 871 1
12 872 1
12 873 1
12 874 1
12 875 1
12 876 1
12 877 2
12 878 1
12 879 1
12 880 2
12 881 1
13 2 2
13 3 4
13 6 3
13 10 6
13 12 1
13 14 4
13 15 16
13 26 1
13 28 1
13 30 1
13 34 4
13 37 2
13 42 2
13 44 2
13 52 4
13 54 2
13 55 2
13 56 2
13 59 1
13 66 1
13 68 1
13 74 1
13 76 3
13 78 2
13 79 2
13 86 4
13 87 4
13 92 2
13 93 2
13 99 1
13 107 4
13 109 1
13 114 1
13 122 1
13 123 1
13 140 1
13 141 1
13 144 5
13 145 1
13 146 1
13 149 4
13 159 2
13 161 1
13 163 2
13 169 3
13 172 1
13 174 1
13 175 3
13 177 10
13 178 2
13 181 14
13 184 4
13 185 2
13 192 18
13 200 1
13 205 2
13 207 1
13 213 2
13 215 3
13 217 2
13 219 1
13 220 2
13 248 3
13 250 3
13 253 2
13 258 1
13 259 1
13 262 1
13 263 1
13 269 1
13 272 1
13 274 2
13 286 1
13 288 1
13 302 2
13 344 1
13 346 3
13 347 1
13 352 1
13 356 1
13 359 4
13 369 1
13 372 29
13 379 1
13 385 1
13 388 2
13 402 1
13 403 3
13 411 1
13 412 1
13 413 1
13 419 30
13 423 1
13 429 1
13 436 1
13 438 2
13 439 1
13 463 2
13 467 1
13 483 2
13 489 2
13 493 1
13 494 1
13 530 1
13 536 2
13 581 2
13 695 4
13 703 1
13 705 1
13 708 1
13 719 1
13 749 2
13 755 6
13 760 1
13 787 2
13 794 2
13 827 1
13 882 1
13 883 3
13 884 1
13 885 1
13 886 1
13 887 1
13 888 1
13 889 1
13 890 2
13 891 1
13 892 1
13 893 1
13 894 2
13 895 1
13 896 2
13 897 1
13 898 1
13 899 1
13 900 1
13 901 10
13 902 2
13 903 4
13 904 1
13 905 1
13 906 1
13 907 1
13 908 1
13 909 1
13 910 5
13 911 2
13 912 2
13 913 3
13 914 1
13 915 4
13 916 1
13 917 1
13 918 1
13 919 2
13 920 1
13 921 1
13 922 1
13 923 1
13 924 1
13 925 1
13 926 1
13 927 1
13 928 1
13 929 1
13 930 1
13 931 1
13 932 1
13 933 2
13 934 1
14 2 1
14 3 2
14 10 2
14 14 5
14 15 17
14 19 1
14 24 1
14 26 1
14 30 3
14 34 3
14 37 1
14 42 2
14 44 1
14 52 3
14 53 1
14 54 1
14 55 2
14 56 3
14 58 1
14 68 1
14 74 3
14 78 2
14 79 5
14 86 1
14 87 2
14 93 3
14 99 1
14 104 3
14 108 1
14 109 1
14 111 3
14 114 1
14 115 1
14 117 1
14 122 1
14 126 17
14 127 1
14 129 1
14 130 3
14 136 1
14 139 4
14 142 8
14 146 1
14 148 1
14 149 9
14 157 1
14 159 2
14 163 1
14 169 1
14 174 8
14 175 1
14 177 2
14 181 1
14 184 5
14 185 2
14 189 1
14 191 1
14 192 1
14 195 1
14 196 1
14 199 1
14 200 3
14 205 1
14 208 1
14 209 1
14 215 1
14 217 2
14 227 2
14 229 1
14 235 5
14 236 8
14 239 2
14 244 2
14 248 1
14 253 5
14 262 1
14 265 1
14 282 1
14 284 3
14 286 1
14 288 2
14 289 1
14 312 1
14 319 1
14 322 3
14 340 1
14 351 1
14 352 1
14 387 1
14 390 2
14 402 1
14 403 2
14 412 1
14 417 1
14 424 1
14 429 1
14 436 2
14 438 1
14 439 1
14 448 1
14 456 1
14 459 1
14 463 2
14 467 1
14 476 1
14 491 1
14 493 2
14 501 2
14 505 1
14 507 1
14 517 1
14 524 1
14 541 1
14 615 4
14 627 1
14 629 10
14 682 1
14 691 1
14 695 1
14 703 1
14 708 1
14 719 1
14 728 1
14 737 1
14 760 1
14 761 1
14 772 5
14 795 1
14 801 2
14 802 1
14 812 1
14 814 9
14 821 1
14 823 1
14 836 14
14 839 2
14 840 1
14 877 2
14 885 2
14 887 1
14 889 1
14 899 1
14 906 1
14 935 1
14 936 1
14 937 3
14 938 1
14 939 1
14 940 1
14 941 2
14 942 2
14 943 1
14 944 1
14 945 1
14 946 1
14 947 1
14 948 1
14 949 1
14 950 1
14 951 1
14 952 8
14 953 1
14 954 1
14 955 1
14 956 1
14 957 2
14 958 1
14 959 1
14 960 1
14 961 1
14 962 7
14 963 1
14 964 2
14 965 1
14 966 1
14 967 1
14 968 1
14 969 16
14 970 1
14 971 1
14 972 3
14 973 1
14 974 1
15 1 1
15 3 9
15 14 4
15 15 26
15 16 1
15 26 1
15 27 2
15 34 3
15 37 4
15 42 2
15 51 2
15 52 4
15 54 1
15 55 3
15 56 2
15 59 1
15 65 1
15 66 1
15 72 1
15 73 1
15 74 1
15 79 1
15 86 4
15 88 1
15 93 1
15 96 2
15 97 1
15 104 4
15 106 2
15 109 1
15 111 4
15 114 1
15 117 1
15 122 2
15 129 1
15 133 1
15 135 3
15 138 1
15 139 1
15 140 2
15 144 15
15 146 1
15 147 1
15 149 1
15 151 1
15 152 3
15 155 2
15 158 4
15 159 1
15 167 1
15 168 2
15 169 2
15 174 13
15 175 10
15 177 4
15 180 1
15 181 1
15 183 5
15 184 10
15 185 2
15 191 1
15 192 1
15 194 1
15 195 1
15 207 9
15 212 9
15 213 9
15 215 3
15 229 1
15 238 1
15 244 2
15 245 1
15 246 1
15 248 16
15 253 1
15 258 3
15 262 3
15 265 2
15 274 2
15 285 2
15 288 5
15 291 3
15 308 1
15 312 1
15 317 1
15 320 1
15 322 1
15 339 1
15 340 1
15 345 2
15 346 3
15 355 1
15 361 2
15 363 1
15 369 4
15 372 17
15 375 1
15 385 2
15 390 1
15 391 1
15 408 3
15 409 1
15 417 1
15 424 8
15 429 2
15 434 1
15 438 1
15 461 1
15 463 2
15 467 3
15 468 3
15 478 2
15 479 6
15 481 2
15 483 1
15 484 1
15 485 1
15 491 7
15 501 3
15 505 1
15 509 1
15 510 2
15 520 2
15 524 1
15 531 4
15 535 2
15 536 2
15 538 1
15 541 1
15 543 4
15 550 13
15 565 4
15 569 1
15 575 2
15 577 1
15 581 2
15 594 12
15 597 1
15 601 2
15 624 1
15 629 2
15 656 2
15 662 1
15 667 1
15 669 1
15 680 1
15 692 10
15 705 1
15 729 1
15 734 1
15 738 1
15 760 3
15 761 1
15 767 2
15 774 1
15 776 1
15 778 2
15 782 1
15 784 6
15 793 4
15 795 1
15 797 1
15 798 2
15 801 2
15 803 1
15 806 5
15 811 1
15 826 2
15 854 1
15 866 1
15 911 2
15 920 1
15 928 1
15 931 2
15 939 1
15 950 2
15 955 1
15 965 1
15 970 1
15 975 1
15 976 1
15 977 2
15 978 1
15 979 1
15 980 2
15 981 2
15 982 2
15 983 1
15 984 1
15 985 1
15 986 1
15 987 2
15 988 1
15 989 1
15 990 1
15 991 1
15 992 1
15 993 2
15 994 5
15 995 1
15 996 2
15 997 1
15 998 1
15 999 9
15 1000 9
15 1001 1
15 1002 1
15 1003 2
15 1004 1
15 1005 3
15 1006 2
15 1007 1
15 1008 1
15 1009 1
15 1010 1
15 1011 1
15 1012 1
15 1013 1
15 1014 1
15 1015 3
15 1016 1
15 1017 6
15 1018 1
15 1019 1
15 1020 1
15 1021 1
15 1022 1
15 1023 1
16 1 2
16 2 4
16 3 3
16 11 1
16 13 1
16 14 17
16 15 18
16 19 2
16 21 8
16 27 1
16 30 1
16 34 1
16 37 1
16 42 4
16 44 1
16 45 4
16 50 2
16 52 1
16 55 1
16 56 6
16 59 3
16 65 3
16 66 1
16 68 1
16 72 5
16 74 1
16 79 2
16 86 4
16 93 1
16 95 1
16 99 1
16 107 2
16 111 7
16 114 1
16 116 3
16 129 6
16 130 2
16 133 1
16 140 3
16 142 1
16 145 7
16 146 1
16 149 4
16 155 1
16 157 1
16 159 1
16 164 1
16 169 3
16 175 2
16 176 2
16 177 7
16 181 3
16 184 6
16 185 1
16 197 3
16 206 3
16 212 1
16 213 1
16 217 1
16 220 13
16 223 1
16 224 1
16 225 6
16 229 1
16 230 2
16 242 5
16 243 1
16 250 1
16 251 1
16 257 1
16 262 2
16 264 1
16 265 3
16 272 2
16 273 5
16 274 1
16 289 1
16 292 1
16 300 1
16 304 1
16 308 2
16 328 1
16 343 3
16 346 4
16 347 1
16 355 1
16 356 1
16 361 2
16 363 1
16 367 1
16 382 1
16 383 1
16 386 2
16 390 6
16 403 2
16 408 1
16 413 1
16 416 1
16 419 4
16 429 2
16 431 2
16 434 5
16 436 1
16 439 2
16 441 2
16 450 5
16 462 1
16 476 2
16 481 1
16 484 1
16 487 1
16 489 1
16 498 1
16 500 1
16 508 1
16 524 8
16 536 1
16 539 4
16 543 1
16 560 1
16 561 2
16 563 1
16 568 1
16 577 1
16 599 1
16 604 1
16 610 1
16 618 2
16 637 1
16 645 2
16 653 2
16 682 1
16 683 1
16 703 10
16 729 1
16 744 2
16 755 1
16 787 1
16 814 1
16 818 1
16 821 2
16 837 1
16 846 1
16 857 1
16 875 1
16 908 3
16 923 1
16 928 21
16 937 2
16 942 1
16 966 1
16 1003 2
16 1024 1
16 1025 2
16 1026 1
16 1027 1
16 1028 3
16 1029 1
16 1030 1
16 1031 1
16 1032 1
16 1033 1
16 1034 1
16 1035 1
16 1036 3
16 1037 3
16 1038 1
16 1039 1
16 1040 2
16 1041 1
16 1042 1
16 1043 2
16 1044 1
16 1045 3
16 1046 1
16 1047 1
16 1048 1
16 1049 1
16 1050 1
16 1051 2
16 1052 1
16 1053 1
16 1054 1
16 1055 2
16 1056 1
16 1057 1
16 1058 3
16 1059 1
16 1060 1
16 1061 1
16 1062 1
16 1063 1
16 1064 1
16 1065 1
16 1066 2
16 1067 1
16 1068 1
16 1069 6
16 1070 1
16 1071 1
16 1072 2
16 1073 1
16 1074 1
16 1075 1
16 1076 2
16 1077 1
16 1078 1
16 1079 1
16 1080 1
16 1081 1
16 1082 2
16 1083 2
16 1084 1
16 1085 1
16 1086 1
16 1087 2
16 1088 1
16 1089 1
16 1090 2
16 1091 2
16 1092 2
16 1093 1
16 1094 3
16 1095 2
16 1096 1
16 1097 1
16 1098 1
16 1099 1
16 1100 1
16 1101 1
16 1102 1
16 1103 1
16 1104 1
16 1105 1
16 1106 2
16 1107 1
16 1108 1
16 1109 1
16 1110 1
16 1111 1
16 1112 1
16 1113 1
16 1114 1
16 1115 1
16 1116 1
16 1117 2
16 1118 1
16 1119 1
16 1120 1
16 1121 3
16 1122 1
16 1123 1
16 1124 2
16 1125 1
16 1126 1
16 1127 11
16 1128 3
16 1129 3
16 1130 47
16 1131 1
16 1132 3
16 1133 5
16 1134 1
16 1135 4
16 1136 1
16 1137 2
16 1138 3
16 1139 1
16 1140 1
16 1141 1
16 1142 3
16 1143 1
16 1144 1
16 1145 1
16 1146 4
16 1147 1
16 1148 3
16 1149 2
16 1150 1
16 1151 1
16 1152 1
16 1153 1
16 1154 1
16 1155 1
16 1156 13
16 1157 3
16 1158 1
16 1159 1
16 1160 1
16 1161 1
16 1162 1
17 3 1
17 8 3
17 10 3
17 14 1
17 29 1
17 34 1
17 37 1
17 45 1
17 51 2
17 52 2
17 53 1
17 57 2
17 62 1
17 66 3
17 76 1
17 79 1
17 80 1
17 87 1
17 88 2
17 101 1
17 108 1
17 116 2
17 135 1
17 137 3
17 144 1
17 151 1
17 152 1
17 174 4
17 175 1
17 192 1
17 194 2
17 208 1
17 212 1
17 217 1
17 225 1
17 236 2
17 241 1
17 244 2
17 250 3
17 251 2
17 262 1
17 264 2
17 265 3
17 284 1
17 293 6
17 305 1
17 314 1
17 316 1
17 346 1
17 359 1
17 372 1
17 388 1
17 390 1
17 392 1
17 404 1
17 421 1
17 429 2
17 434 1
17 438 2
17 439 1
17 461 1
17 462 1
17 476 1
17 491 1
17 536 1
17 565 1
17 582 1
17 595 1
17 705 1
17 708 1
17 727 2
17 730 1
17 787 1
17 836 1
17 907 1
17 920 1
17 922 1
17 933 1
17 1053 1
17 1059 1
17 1100 1
17 1105 1
17 1149 1
17 1163 1
17 1164 1
17 1165 1
17 1166 1
17 1167 1
17 1168 1
17 1169 1
17 1170 1
17 1171 1
17 1172 1
17 1173 1
17 1174 1
17 1175 11
17 1176 1
17 1177 1
17 1178 2
17 1179 1
17 1180 1
17 1181 1
17 1182 2
17 1183 1
18 3 4
18 10 2
18 14 7
18 15 3
18 16 2
18 34 2
18 36 1
18 50 2
18 55 2
18 62 1
18 65 1
18 70 1
18 77 1
18 80 1
18 104 6
18 107 1
18 118 1
18 129 1
18 140 1
18 145 1
18 151 1
18 175 1
18 176 1
18 185 4
18 187 1
18 191 1
18 194 2
18 205 1
18 241 1
18 281 2
18 285 1
18 299 12
18 305 2
18 327 1
18 330 1
18 340 1
18 346 1
18 390 1
18 438 1
18 450 1
18 462 1
18 491 1
18 518 1
18 530 1
18 531 2
18 545 1
18 629 1
18 668 1
18 670 1
18 727 1
18 747 1
18 771 1
18 813 1
18 817 1
18 853 1
18 886 1
18 907 1
18 923 2
18 1003 1
18 1053 1
18 1099 1
18 1100 1
18 1121 1
18 1130 1
18 1147 1
18 1156 1
18 1170 1
18 1184 3
18 1185 3
18 1186 1
18 1187 1
18 1188 1
18 1189 2
18 1190 1
18 1191 1
18 1192 1
18 1193 1
18 1194 1
18 1195 2
18 1196 1
18 1197 1
19 2 2
19 3 4
19 10 2
19 13 1
19 14 4
19 15 5
19 16 2
19 34 1
19 36 1
19 37 1
19 50 2
19 55 1
19 62 1
19 77 1
19 80 1
19 96 3
19 104 3
19 107 1
19 119 1
19 122 1
19 129 2
19 133 1
19 136 1
19 140 1
19 151 1
19 158 1
19 175 1
19 176 1
19 184 1
19 185 4
19 192 3
19 206 1
19 213 2
19 225 1
19 229 2
19 241 1
19 260 1
19 265 1
19 272 1
19 299 12
19 305 1
19 324 1
19 370 2
19 386 1
19 424 1
19 438 1
19 450 1
19 456 2
19 461 1
19 491 1
19 508 1
19 512 1
19 518 1
19 535 1
19 536 1
19 537 1
19 565 1
19 569 3
19 620 1
19 629 1
19 668 1
19 670 1
19 727 1
19 769 2
19 770 1
19 781 1
19 817 2
19 851 2
19 900 1
19 911 1
19 933 1
19 1053 1
19 1060 1
19 1099 1
19 1100 1
19 1121 2
19 1170 1
19 1184 1
19 1186 1
19 1188 1
19 1190 1
19 1197 1
19 1198 1
19 1199 2
19 1200 1
19 1201 1
19 1202 1
19 1203 1
19 1204 1
19 1205 1
20 2 1
20 10 1
20 14 4
20 15 2
20 19 1
20 24 1
20 26 1
20 34 1
20 37 5
20 56 1
20 59 1
20 66 1
20 74 1
20 79 1
20 86 8
20 87 1
20 101 1
20 108 1
20 115 2
20 118 1
20 142 3
20 145 2
20 149 1
20 151 1
20 152 1
20 174 6
20 175 11
20 178 2
20 180 1
20 181 3
20 184 2
20 195 1
20 197 1
20 212 1
20 217 2
20 223 2
20 235 1
20 241 1
20 242 1
20 244 1
20 248 1
20 251 1
20 254 1
20 259 1
20 262 1
20 264 3
20 265 1
20 272 1
20 275 1
20 276 1
20 280 1
20 293 6
20 297 1
20 317 2
20 319 1
20 322 1
20 346 1
20 356 1
20 362 1
20 369 1
20 372 1
20 390 1
20 391 1
20 429 1
20 438 1
20 441 2
20 456 1
20 463 1
20 494 1
20 507 1
20 518 1
20 579 1
20 593 2
20 620 1
20 668 1
20 694 1
20 705 1
20 719 1
20 802 1
20 806 2
20 807 1
20 814 1
20 836 1
20 838 1
20 872 2
20 952 1
20 1014 1
20 1045 1
20 1078 1
20 1086 1
20 1105 1
20 1122 2
20 1156 1
20 1169 1
20 1186 1
20 1203 2
20 1206 2
20 1207 1
20 1208 1
20 1209 1
20 1210 1
20 1211 1
20 1212 1
20 1213 1
20 1214 1
20 1215 1
20 1216 1
20 1217 1
20 1218 1
20 1219 1
20 1220 1
20 1221 1
20 1222 1
20 1223 2
20 1224 1
20 1225 1
20 1226 1
20 1227 1
20 1228 2
20 1229 1
20 1230 1
20 1231 1
20 1232 1
20 1233 1
20 1234 1
21 4 2
21 14 6
21 25 1
21 37 6
21 79 1
21 86 4
21 88 2
21 99 1
21 112 3
21 117 2
21 129 1
21 148 1
21 149 1
21 152 1
21 175 5
21 179 2
21 181 1
21 197 1
21 213 2
21 217 4
21 230 2
21 240 1
21 244 1
21 262 2
21 277 1
21 293 7
21 316 1
21 346 1
21 374 1
21 415 1
21 438 2
21 441 1
21 474 1
21 476 1
21 490 1
21 493 2
21 512 1
21 517 1
21 521 1
21 534 1
21 542 1
21 543 1
21 668 1
21 768 1
21 793 1
21 887 1
21 955 1
21 1003 1
21 1013 2
21 1058 1
21 1116 1
21 1179 1
21 1206 1
21 1219 1
21 1222 1
21 1224 1
21 1228 1
21 1232 1
21 1235 1
21 1236 1
21 1237 1
21 1238 1
21 1239 1
21 1240 1
21 1241 1
21 1242 1
21 1243 1
21 1244 1
21 1245 1
21 1246 1
21 1247 3
21 1248 1
21 1249 1
21 1250 1
21 1251 1
21 1252 1
21 1253 1
22 1 1
22 3 4
22 10 2
22 12 2
22 14 7
22 15 6
22 16 2
22 18 2
22 19 2
22 26 1
22 30 1
22 34 3
22 37 3
22 42 1
22 45 1
22 54 3
22 56 1
22 62 1
22 68 1
22 74 2
22 77 1
22 79 2
22 86 4
22 87 2
22 88 1
22 93 1
22 99 1
22 101 1
22 104 1
22 108 2
22 111 2
22 115 1
22 123 1
22 126 1
22 127 4
22 128 1
22 129 1
22 135 1
22 136 1
22 140 2
22 149 4
22 152 1
22 157 1
22 159 1
22 164 1
22 167 1
22 169 2
22 174 3
22 184 4
22 185 2
22 190 1
22 194 1
22 207 4
22 208 1
22 217 1
22 218 2
22 220 2
22 229 1
22 242 1
22 244 1
22 250 1
22 259 1
22 260 3
22 262 2
22 264 1
22 269 2
22 272 4
22 274 1
22 289 1
22 293 2
22 299 2
22 302 1
22 308 2
22 361 2
22 378 1
22 390 1
22 402 1
22 449 3
22 456 1
22 490 18
22 491 8
22 494 1
22 496 1
22 499 1
22 500 1
22 525 2
22 540 2
22 579 1
22 620 1
22 656 1
22 677 2
22 694 3
22 724 1
22 801 1
22 847 1
22 868 1
22 887 2
22 893 1
22 952 18
22 955 1
22 956 2
22 1003 6
22 1019 2
22 1132 2
22 1133 2
22 1136 1
22 1156 1
22 1171 6
22 1175 1
22 1198 1
22 1228 1
22 1254 1
22 1255 1
22 1256 1
22 1257 2
22 1258 1
22 1259 1
22 1260 1
22 1261 2
22 1262 7
22 1263 1
22 1264 1
22 1265 1
22 1266 2
22 1267 1
22 1268 1
22 1269 2
22 1270 1
22 1271 1
22 1272 1
22 1273 6
22 1274 1
22 1275 1
22 1276 1
22 1277 1
22 1278 1
22 1279 1
22 1280 1
23 2 2
23 3 1
23 10 7
23 13 1
23 14 8
23 15 1
23 18 1
23 19 1
23 26 1
23 27 1
23 37 6
23 42 1
23 50 5
23 52 2
23 54 1
23 56 2
23 58 2
23 59 2
23 62 2
23 76 2
23 87 8
23 88 1
23 96 2
23 99 1
23 109 1
23 115 1
23 119 1
23 122 1
23 126 1
23 127 1
23 129 2
23 130 2
23 140 1
23 143 3
23 144 5
23 145 1
23 151 2
23 155 1
23 161 1
23 163 1
23 169 1
23 171 1
23 173 1
23 174 2
23 175 2
23 177 6
23 178 6
23 180 4
23 183 11
23 184 7
23 185 2
23 187 3
23 192 5
23 194 3
23 195 1
23 197 2
23 205 1
23 206 1
23 207 1
23 208 1
23 217 1
23 225 1
23 236 4
23 238 1
23 248 3
23 250 1
23 254 4
23 258 2
23 264 1
23 265 1
23 276 5
23 284 1
23 291 1
23 293 6
23 297 1
23 300 1
23 302 2
23 305 4
23 319 2
23 324 1
23 332 9
23 346 1
23 347 2
23 353 1
23 354 1
23 355 5
23 359 5
23 372 2
23 387 1
23 399 1
23 402 1
23 403 10
23 406 1
23 408 1
23 415 15
23 421 1
23 424 3
23 429 1
23 433 2
23 437 1
23 438 1
23 439 4
23 449 1
23 451 1
23 453 1
23 455 1
23 461 1
23 469 1
23 476 1
23 477 3
23 478 1
23 479 1
23 480 1
23 489 3
23 491 1
23 507 1
23 512 2
23 524 1
23 564 2
23 565 3
23 599 1
23 629 1
23 632 3
23 701 1
23 712 1
23 717 2
23 719 1
23 728 7
23 730 6
23 735 1
23 755 1
23 770 1
23 773 4
23 780 3
23 787 1
23 792 1
23 801 1
23 802 1
23 832 1
23 836 1
23 847 1
23 883 1
23 889 1
23 913 2
23 924 1
23 1040 1
23 1044 6
23 1049 1
23 1055 1
23 1096 1
23 1129 2
23 1148 1
23 1173 1
23 1179 1
23 1199 1
23 1203 1
23 1205 1
23 1209 1
23 1210 2
23 1241 1
23 1264 1
23 1280 1
23 1281 1
23 1282 2
23 1283 1
23 1284 1
23 1285 1
23 1286 1
23 1287 1
23 1288 1
23 1289 1
23 1290 1
23 1291 3
23 1292 3
23 1293 1
23 1294 1
23 1295 1
23 1296 2
23 1297 1
23 1298 1
23 1299 2
23 1300 2
23 1301 1
23 1302 2
23 1303 1
23 1304 1
23 1305 2
23 1306 1
23 1307 1
23 1308 1
23 1309 1
23 1310 1
23 1311 1
23 1312 1
23 1313 1
23 1314 1
23 1315 1
23 1316 2
23 1317 1
23 1318 1
24 2 1
24 3 4
24 7 2
24 10 3
24 14 6
24 15 2
24 16 1
24 26 1
24 28 1
24 30 2
24 34 4
24 37 2
24 39 1
24 42 2
24 45 1
24 51 6
24 52 2
24 53 1
24 55 5
24 56 3
24 57 1
24 58 1
24 66 4
24 68 1
24 74 2
24 79 6
24 86 3
24 88 2
24 93 1
24 98 1
24 99 1
24 104 1
24 109 1
24 111 3
24 112 1
24 123 1
24 137 10
24 139 1
24 149 8
24 151 1
24 152 1
24 159 2
24 161 1
24 164 1
24 169 1
24 174 11
24 175 4
24 177 2
24 178 1
24 181 1
24 184 2
24 185 1
24 188 1
24 192 1
24 194 3
24 208 1
24 212 2
24 220 2
24 223 2
24 227 1
24 228 1
24 244 5
24 251 1
24 253 1
24 262 1
24 264 1
24 288 2
24 293 9
24 304 1
24 305 1
24 322 4
24 324 1
24 329 1
24 340 1
24 347 3
24 356 1
24 370 1
24 385 2
24 387 1
24 429 1
24 434 1
24 461 1
24 491 1
24 494 2
24 501 1
24 512 1
24 556 1
24 565 1
24 582 1
24 650 1
24 669 2
24 705 1
24 708 1
24 719 1
24 724 2
24 751 1
24 765 1
24 773 1
24 784 1
24 791 1
24 803 1
24 872 1
24 885 1
24 891 1
24 896 1
24 958 1
24 975 1
24 998 1
24 1014 1
24 1082 1
24 1083 1
24 1096 3
24 1134 1
24 1136 1
24 1148 5
24 1149 2
24 1154 1
24 1166 1
24 1170 1
24 1175 23
24 1178 1
24 1228 1
24 1235 1
24 1256 1
24 1319 2
24 1320 1
24 1321 1
24 1322 1
24 1323 1
24 1324 1
24 1325 1
24 1326 1
24 1327 2
24 1328 1
24 1329 1
24 1330 1
24 1331 1
24 1332 4
24 1333 2
24 1334 2
24 1335 1
24 1336 10
24 1337 1
24 1338 2
24 1339 1
24 1340 2
24 1341 1
24 1342 1
24 1343 3
24 1344 1
24 1345 1
24 1346 1
24 1347 3
24 1348 1
24 1349 1
24 1350 2
24 1351 1
24 1352 1
25 1 1
25 2 5
25 3 12
25 4 2
25 7 2
25 14 3
25 15 2
25 18 1
25 24 1
25 26 1
25 29 1
25 30 1
25 34 5
25 37 1
25 52 1
25 55 2
25 57 2
25 66 3
25 68 1
25 74 3
25 79 5
25 86 3
25 88 1
25 93 3
25 99 3
25 104 3
25 108 1
25 112 1
25 114 1
25 115 1
25 130 1
25 136 8
25 140 1
25 143 1
25 145 5
25 146 1
25 149 6
25 152 3
25 159 2
25 171 1
25 174 1
25 175 4
25 181 1
25 185 7
25 194 1
25 196 1
25 208 1
25 209 1
25 217 2
25 227 2
25 229 1
25 239 1
25 244 1
25 253 1
25 260 6
25 262 1
25 264 2
25 281 5
25 293 4
25 305 1
25 326 1
25 335 1
25 342 4
25 384 1
25 387 1
25 392 1
25 438 1
25 440 2
25 476 1
25 481 9
25 486 1
25 494 1
25 501 1
25 535 1
25 545 1
25 556 1
25 557 1
25 652 1
25 668 1
25 673 1
25 676 2
25 792 1
25 803 1
25 1005 1
25 1053 1
25 1056 1
25 1100 1
25 1105 2
25 1184 1
25 1198 1
25 1256 2
25 1320 3
25 1339 1
25 1340 3
25 1353 1
25 1354 1
25 1355 1
25 1356 1
25 1357 1
25 1358 1
25 1359 1
25 1360 1
25 1361 1
25 1362 1
25 1363 1
25 1364 1
26 1 1
26 2 1
26 3 1
26 10 5
26 11 1
26 14 7
26 30 1
26 37 4
26 53 1
26 65 2
26 66 1
26 74 2
26 78 2
26 79 4
26 87 2
26 92 1
26 93 1
26 104 1
26 115 2
26 116 3
26 121 1
26 130 1
26 133 1
26 139 1
26 140 2
26 149 2
26 174 1
26 175 1
26 184 4
26 197 1
26 199 1
26 201 1
26 202 1
26 203 17
26 207 3
26 208 2
26 210 2
26 213 2
26 217 1
26 227 2
26 240 1
26 241 2
26 244 1
26 250 1
26 251 5
26 253 3
26 254 2
26 259 1
26 261 1
26 262 3
26 265 2
26 282 2
26 288 2
26 293 2
26 295 1
26 302 1
26 308 1
26 313 1
26 314 1
26 333 1
26 341 1
26 346 1
26 348 2
26 356 2
26 358 1
26 360 1
26 361 2
26 370 1
26 376 1
26 378 1
26 380 1
26 383 1
26 389 1
26 405 2
26 427 2
26 456 1
26 518 1
26 593 2
26 620 1
26 669 1
26 690 1
26 710 1
26 792 2
26 794 2
26 848 1
26 889 1
26 922 1
26 928 1
26 1003 1
26 1009 1
26 1015 1
26 1053 1
26 1100 1
26 1102 1
26 1143 1
26 1207 1
26 1277 1
26 1325 1
26 1347 2
26 1365 1
26 1366 1
26 1367 1
26 1368 1
26 1369 1
26 1370 1
26 1371 1
26 1372 1
26 1373 1
26 1374 1
26 1375 1
26 1376 1
26 1377 1
26 1378 1
27 2 1
27 3 1
27 10 9
27 14 1
27 15 1
27 29 3
27 37 4
27 44 1
27 52 1
27 55 1
27 65 1
27 111 1
27 122 1
27 145 10
27 157 2
27 175 1
27 181 1
27 184 1
27 185 2
27 187 1
27 205 1
27 224 1
27 250 3
27 251 1
27 254 1
27 264 1
27 265 1
27 270 10
27 281 2
27 293 3
27 313 1
27 344 1
27 348 1
27 352 1
27 386 3
27 392 1
27 438 1
27 653 1
27 696 1
27 744 3
27 822 1
27 861 1
27 885 1
27 887 1
27 1053 1
27 1100 1
27 1185 1
27 1223 1
27 1281 1
27 1332 2
27 1369 1
27 1379 1
27 1380 1
27 1381 1
27 1382 1
27 1383 1
27 1384 1
27 1385 1
27 1386 1
27 1387 2
27 1388 1
27 1389 3
27 1390 1
27 1391 5
27 1392 1
28 3 1
28 14 9
28 19 1
28 25 1
28 29 1
28 43 1
28 50 2
28 57 1
28 60 1
28 74 1
28 77 1
28 79 2
28 93 1
28 107 3
28 112 3
28 115 1
28 116 3
28 122 1
28 141 1
28 144 6
28 145 7
28 149 1
28 164 1
28 165 1
28 174 1
28 175 9
28 176 3
28 179 1
28 181 1
28 185 1
28 191 1
28 199 2
28 205 1
28 211 2
28 242 1
28 251 1
28 257 1
28 261 1
28 282 2
28 288 1
28 293 2
28 313 1
28 320 1
28 343 1
28 346 4
28 352 1
28 382 2
28 438 1
28 460 2
28 461 1
28 501 1
28 508 2
28 539 1
28 593 1
28 629 5
28 668 1
28 688 1
28 690 3
28 692 1
28 792 1
28 801 1
28 837 1
28 885 1
28 898 1
28 905 1
28 906 1
28 911 1
28 919 1
28 923 1
28 1072 1
28 1077 1
28 1083 1
28 1094 1
28 1125 1
28 1186 2
28 1204 1
28 1224 1
28 1242 1
28 1320 1
28 1347 1
28 1393 1
28 1394 2
28 1395 1
28 1396 2
28 1397 2
28 1398 1
28 1399 1
28 1400 1
28 1401 1
28 1402 3
28 1403 2
28 1404 1
28 1405 1
28 1406 1
28 1407 1
28 1408 1
28 1409 1
28 1410 1
28 1411 1
29 1 1
29 2 7
29 3 9
29 8 2
29 10 5
29 13 1
29 14 6
29 15 14
29 21 1
29 24 1
29 26 1
29 28 1
29 30 3
29 31 2
29 34 3
29 37 6
29 42 1
29 43 1
29 44 1
29 50 2
29 52 3
29 53 1
29 55 1
29 57 1
29 58 1
29 62 1
29 65 2
29 70 1
29 72 1
29 74 2
29 76 1
29 78 1
29 79 4
29 81 2
29 86 2
29 87 5
29 88 1
29 93 2
29 95 2
29 97 1
29 99 1
29 104 5
29 107 3
29 108 1
29 109 1
29 115 4
29 118 1
29 119 1
29 122 1
29 130 2
29 131 1
29 136 4
29 140 3
29 144 4
29 145 2
29 148 1
29 149 6
29 151 3
29 152 1
29 155 1
29 159 2
29 161 2
29 165 1
29 167 1
29 174 4
29 175 6
29 176 2
29 177 1
29 181 1
29 184 7
29 185 4
29 189 1
29 192 3
29 194 1
29 199 2
29 207 1
29 208 3
29 213 5
29 217 2
29 224 1
29 225 3
29 227 2
29 229 2
29 233 4
29 235 1
29 239 5
29 240 2
29 248 2
29 250 1
29 251 1
29 253 2
29 257 1
29 258 1
29 261 5
29 262 5
29 265 1
29 267 2
29 279 1
29 282 2
29 284 1
29 289 1
29 293 1
29 299 2
29 305 4
29 309 1
29 315 1
29 317 6
29 323 1
29 332 1
29 348 1
29 355 1
29 356 1
29 359 2
29 361 1
29 367 1
29 372 3
29 387 2
29 399 1
29 403 3
29 408 2
29 411 8
29 415 1
29 419 19
29 429 1
29 434 1
29 438 1
29 439 1
29 445 1
29 450 4
29 455 3
29 456 1
29 459 2
29 477 5
29 481 3
29 491 2
29 493 2
29 494 1
29 501 2
29 507 1
29 521 2
29 524 1
29 556 1
29 579 3
29 597 1
29 629 1
29 644 1
29 667 1
29 674 1
29 695 1
29 705 1
29 707 2
29 717 3
29 719 2
29 724 1
29 726 1
29 737 1
29 738 1
29 749 3
29 768 1
29 794 1
29 801 1
29 803 1
29 806 1
29 813 1
29 826 1
29 831 1
29 877 1
29 883 1
29 896 1
29 899 1
29 907 6
29 913 1
29 933 2
29 939 1
29 942 1
29 1009 3
29 1015 1
29 1082 1
29 1105 2
29 1136 1
29 1149 2
29 1168 1
29 1173 1
29 1175 2
29 1203 12
29 1204 1
29 1227 1
29 1281 1
29 1282 1
29 1291 3
29 1310 1
29 1311 1
29 1317 1
29 1320 1
29 1355 1
29 1393 1
29 1412 1
29 1413 1
29 1414 1
29 1415 1
29 1416 1
29 1417 5
29 1418 1
29 1419 1
29 1420 1
29 1421 1
29 1422 1
29 1423 1
29 1424 3
29 1425 1
29 1426 1
29 1427 1
29 1428 1
29 1429 1
29 1430 1
29 1431 1
29 1432 1
29 1433 1
29 1434 1
29 1435 1
29 1436 1
29 1437 1
29 1438 1
29 1439 1
29 1440 1
29 1441 1
29 1442 1
29 1443 1
30 1 1
30 2 1
30 3 10
30 5 4
30 7 1
30 10 6
30 12 1
30 14 4
30 15 2
30 26 1
30 27 1
30 30 1
30 34 2
30 37 4
30 42 3
30 43 2
30 45 7
30 50 2
30 54 1
30 55 3
30 56 4
30 58 3
30 59 1
30 67 1
30 74 2
30 76 2
30 77 1
30 79 1
30 86 1
30 88 1
30 93 5
30 97 8
30 99 1
30 107 10
30 109 1
30 115 1
30 118 1
30 127 1
30 132 1
30 135 1
30 136 1
30 139 1
30 140 1
30 144 21
30 149 1
30 152 2
30 158 1
30 159 2
30 164 1
30 169 2
30 175 7
30 176 1
30 177 14
30 178 1
30 180 3
30 181 4
30 183 5
30 184 8
30 185 2
30 189 2
30 192 3
30 194 4
30 197 6
30 205 2
30 212 1
30 213 12
30 215 1
30 217 2
30 219 1
30 223 3
30 225 3
30 238 2
30 253 1
30 254 1
30 259 1
30 262 3
30 265 1
30 272 2
30 273 1
30 280 1
30 287 1
30 289 2
30 290 1
30 293 7
30 302 3
30 305 6
30 329 2
30 342 1
30 346 1
30 347 1
30 361 1
30 369 1
30 372 11
30 386 1
30 392 1
30 408 1
30 411 45
30 413 1
30 419 20
30 421 1
30 428 2
30 429 2
30 434 3
30 437 3
30 438 1
30 439 4
30 446 1
30 456 2
30 461 2
30 463 2
30 479 1
30 481 1
30 483 1
30 489 3
30 491 1
30 494 1
30 508 1
30 512 1
30 525 1
30 565 1
30 587 1
30 591 1
30 624 4
30 652 3
30 662 4
30 669 1
30 680 1
30 694 3
30 703 2
30 707 1
30 744 2
30 745 1
30 794 3
30 801 3
30 802 1
30 806 1
30 827 1
30 868 2
30 872 3
30 877 1
30 883 4
30 889 1
30 894 1
30 896 6
30 913 1
30 917 1
30 951 1
30 952 3
30 957 1
30 1049 2
30 1077 1
30 1091 1
30 1095 2
30 1148 1
30 1203 2
30 1259 1
30 1285 2
30 1309 1
30 1310 2
30 1318 2
30 1320 2
30 1338 1
30 1438 1
30 1439 1
30 1444 2
30 1445 5
30 1446 2
30 1447 2
30 1448 1
30 1449 1
30 1450 1
30 1451 1
30 1452 5
30 1453 4
30 1454 1
30 1455 1
30 1456 1
30 1457 1
30 1458 1
30 1459 1
30 1460 4
30 1461 1
30 1462 1
30 1463 2
30 1464 1
30 1465 1
30 1466 1
30 1467 1
30 1468 1
30 1469 2
30 1470 1
30 1471 1
30 1472 1
30 1473 1
31 2 1
31 10 6
31 13 1
31 14 2
31 15 3
31 26 1
31 44 1
31 52 1
31 109 1
31 114 1
31 116 4
31 146 1
31 167 1
31 175 2
31 181 1
31 205 1
31 206 1
31 225 1
31 242 1
31 250 1
31 265 2
31 285 6
31 352 1
31 361 1
31 405 1
31 408 1
31 438 1
31 483 2
31 484 1
31 524 1
31 536 1
31 669 1
31 705 1
31 801 1
31 861 1
31 877 3
31 899 2
31 1105 1
31 1156 4
31 1264 1
31 1268 9
31 1299 1
31 1374 3
31 1474 2
31 1475 1
31 1476 2
32 3 2
32 10 4
32 14 4
32 15 1
32 37 1
32 52 1
32 53 1
32 114 1
32 129 1
32 146 1
32 175 2
32 181 1
32 184 1
32 196 1
32 240 1
32 251 1
32 254 1
32 265 2
32 272 1
32 285 2
32 293 1
32 313 1
32 337 1
32 344 1
32 348 1
32 402 1
32 438 1
32 524 1
32 603 1
32 809 1
32 1053 1
32 1100 1
32 1156 2
32 1265 1
32 1268 2
32 1377 1
32 1477 1
32 1478 6
33 3 4
33 4 2
33 10 3
33 11 1
33 13 1
33 14 4
33 15 8
33 24 1
33 26 1
33 30 3
33 34 6
33 37 3
33 39 2
33 42 2
33 44 1
33 47 1
33 50 3
33 51 4
33 53 2
33 54 1
33 55 1
33 56 1
33 59 1
33 60 3
33 65 1
33 74 3
33 75 2
33 77 3
33 79 5
33 86 1
33 87 4
33 93 2
33 99 1
33 101 1
33 104 3
33 107 3
33 108 1
33 109 1
33 115 1
33 121 1
33 122 1
33 135 1
33 136 2
33 139 2
33 140 2
33 141 1
33 145 1
33 148 1
33 149 9
33 155 6
33 156 1
33 159 2
33 161 3
33 164 1
33 169 1
33 171 1
33 174 5
33 175 4
33 176 3
33 177 1
33 180 3
33 184 4
33 185 6
33 187 1
33 190 1
33 192 1
33 194 1
33 195 2
33 196 1
33 197 1
33 199 1
33 205 2
33 207 1
33 208 6
33 209 1
33 212 1
33 216 1
33 217 2
33 221 11
33 225 1
33 227 2
33 229 2
33 238 1
33 239 2
33 248 3
33 250 1
33 251 1
33 253 2
33 260 1
33 262 4
33 264 2
33 269 1
33 272 2
33 277 1
33 278 1
33 282 1
33 284 1
33 285 8
33 287 2
33 290 2
33 291 1
33 292 1
33 293 1
33 299 2
33 300 1
33 302 2
33 305 2
33 318 1
33 324 1
33 329 1
33 340 1
33 344 1
33 345 3
33 346 1
33 352 1
33 359 3
33 372 1
33 408 1
33 416 1
33 419 6
33 427 1
33 429 2
33 434 1
33 450 1
33 451 1
33 457 1
33 463 1
33 491 1
33 494 1
33 508 1
33 510 1
33 525 1
33 545 1
33 556 1
33 591 1
33 597 1
33 708 1
33 716 1
33 749 1
33 755 1
33 760 1
33 802 2
33 803 1
33 807 1
33 822 1
33 847 1
33 859 1
33 861 1
33 887 1
33 899 1
33 911 1
33 928 2
33 1003 1
33 1016 1
33 1082 1
33 1096 1
33 1143 1
33 1156 1
33 1164 1
33 1179 1
33 1184 1
33 1193 1
33 1203 4
33 1209 1
33 1222 1
33 1282 2
33 1302 1
33 1311 1
33 1320 1
33 1345 1
33 1431 1
33 1449 1
33 1479 1
33 1480 1
33 1481 1
33 1482 1
33 1483 1
33 1484 1
33 1485 1
33 1486 1
33 1487 3
33 1488 3
33 1489 1
33 1490 1
33 1491 1
33 1492 2
33 1493 1
33 1494 1
33 1495 1
33 1496 1
33 1497 1
33 1498 1
33 1499 3
33 1500 1
33 1501 1
33 1502 1
33 1503 1
33 1504 1
33 1505 1
34 2 1
34 4 1
34 10 1
34 12 1
34 13 1
34 14 8
34 15 2
34 19 1
34 29 1
34 34 2
34 41 1
34 50 1
34 52 1
34 77 1
34 79 1
34 87 2
34 107 2
34 111 1
34 114 1
34 115 1
34 116 2
34 122 1
34 144 9
34 145 15
34 146 1
34 149 1
34 156 1
34 174 1
34 175 9
34 176 2
34 181 1
34 184 2
34 185 2
34 194 1
34 197 1
34 199 2
34 205 3
34 211 2
34 224 1
34 226 5
34 242 2
34 248 1
34 250 1
34 254 1
34 259 1
34 284 1
34 285 2
34 293 3
34 295 3
34 313 1
34 320 1
34 341 1
34 346 1
34 348 1
34 382 1
34 386 2
34 405 2
34 429 1
34 438 2
34 484 1
34 524 1
34 536 1
34 537 2
34 629 9
34 653 1
34 660 2
34 688 1
34 690 2
34 698 1
34 699 1
34 714 1
34 787 3
34 792 1
34 861 2
34 898 1
34 911 2
34 920 1
34 937 1
34 1046 1
34 1076 1
34 1077 1
34 1120 1
34 1127 1
34 1138 1
34 1156 1
34 1187 1
34 1224 1
34 1264 1
34 1265 1
34 1268 1
34 1281 1
34 1348 1
34 1394 9
34 1396 1
34 1397 2
34 1398 1
34 1402 1
34 1403 1
34 1404 1
34 1406 1
34 1410 1
34 1506 1
34 1507 1
34 1508 1
34 1509 1
34 1510 1
34 1511 1
34 1512 1
34 1513 1
34 1514 1
34 1515 1
34 1516 1
35 2 1
35 14 8
35 19 1
35 29 1
35 34 1
35 50 1
35 52 1
35 58 1
35 62 1
35 65 2
35 77 1
35 79 2
35 80 1
35 92 1
35 100 1
35 107 2
35 111 1
35 114 1
35 115 1
35 116 1
35 119 1
35 130 1
35 144 3
35 145 18
35 146 1
35 149 1
35 174 1
35 175 10
35 176 2
35 181 1
35 184 1
35 191 1
35 194 2
35 198 1
35 199 2
35 207 1
35 211 2
35 220 1
35 241 1
35 242 2
35 244 1
35 247 1
35 254 1
35 264 1
35 265 1
35 273 2
35 280 1
35 282 2
35 293 6
35 295 4
35 346 1
35 348 6
35 352 1
35 355 1
35 362 1
35 382 1
35 383 1
35 384 1
35 386 1
35 387 2
35 416 1
35 429 1
35 438 2
35 475 1
35 476 1
35 501 1
35 512 2
35 524 1
35 556 2
35 564 1
35 575 1
35 629 4
35 632 1
35 668 2
35 669 1
35 692 1
35 737 1
35 748 4
35 792 1
35 826 1
35 861 1
35 905 1
35 911 1
35 923 1
35 1005 1
35 1134 1
35 1138 1
35 1180 1
35 1211 1
35 1224 1
35 1228 1
35 1242 11
35 1340 2
35 1347 1
35 1379 1
35 1394 4
35 1397 2
35 1398 2
35 1402 2
35 1404 4
35 1407 1
35 1418 1
35 1510 1
35 1517 2
35 1518 1
35 1519 1
35 1520 1
35 1521 2
35 1522 1
35 1523 1
35 1524 2
35 1525 1
35 1526 1
35 1527 1
35 1528 1
35 1529 1
35 1530 1
35 1531 1
35 1532 1
35 1533 1
35 1534 1
35 1535 1
35 1536 1
35 1537 1
35 1538 1
35 1539 1
36 1 1
36 2 6
36 3 4
36 6 2
36 10 17
36 13 1
36 14 7
36 15 19
36 18 2
36 26 1
36 28 1
36 30 1
36 34 3
36 37 3
36 42 2
36 50 1
36 52 1
36 53 1
36 54 1
36 55 1
36 56 2
36 57 2
36 68 1
36 70 1
36 72 1
36 74 2
36 77 1
36 78 4
36 79 8
36 86 5
36 87 3
36 88 2
36 93 2
36 96 8
36 99 2
36 101 1
36 104 1
36 107 5
36 109 1
36 111 1
36 114 1
36 115 2
36 121 2
36 130 3
36 131 4
36 135 1
36 136 1
36 146 1
36 148 1
36 149 12
36 152 4
36 159 2
36 169 1
36 174 1
36 175 16
36 176 1
36 177 7
36 178 1
36 180 2
36 181 1
36 184 4
36 185 4
36 188 1
36 194 1
36 195 1
36 196 1
36 205 3
36 206 4
36 208 1
36 209 1
36 217 3
36 220 1
36 225 1
36 227 2
36 237 1
36 242 1
36 253 3
36 261 3
36 262 1
36 265 1
36 267 3
36 282 1
36 290 8
36 299 1
36 305 1
36 316 1
36 317 1
36 344 1
36 346 2
36 352 4
36 355 1
36 359 1
36 361 1
36 408 15
36 411 4
36 419 36
36 421 1
36 429 1
36 431 1
36 436 1
36 441 1
36 445 1
36 448 1
36 473 1
36 487 1
36 494 1
36 507 1
36 508 1
36 509 1
36 512 1
36 521 2
36 536 1
36 539 2
36 556 1
36 560 1
36 579 1
36 581 5
36 650 1
36 688 1
36 694 2
36 698 1
36 707 2
36 792 1
36 803 1
36 826 1
36 883 1
36 887 2
36 903 3
36 907 1
36 912 1
36 920 1
36 924 1
36 957 1
36 995 1
36 1009 1
36 1037 1
36 1061 1
36 1063 1
36 1097 1
36 1105 1
36 1116 1
36 1179 1
36 1228 1
36 1251 1
36 1253 1
36 1256 1
36 1306 1
36 1335 1
36 1366 1
36 1416 1
36 1426 1
36 1430 1
36 1438 1
36 1443 1
36 1459 1
36 1477 1
36 1510 6
36 1525 1
36 1540 1
36 1541 1
36 1542 1
36 1543 1
36 1544 1
36 1545 1
36 1546 1
36 1547 1
36 1548 2
36 1549 1
36 1550 1
36 1551 1
36 1552 1
36 1553 1
36 1554 1
36 1555 3
36 1556 4
36 1557 3
36 1558 1
36 1559 1
36 1560 1
36 1561 1
36 1562 1
36 1563 1
36 1564 1
36 1565 1
36 1566 1
36 1567 4
36 1568 14
36 1569 1
36 1570 1
36 1571 1
36 1572 1
36 1573 1
37 1 1
37 2 1
37 8 1
37 10 3
37 14 3
37 15 5
37 26 1
37 34 1
37 45 1
37 52 1
37 65 1
37 66 2
37 86 2
37 90 2
37 109 1
37 114 1
37 137 1
37 144 1
37 146 1
37 152 1
37 167 1
37 175 6
37 180 1
37 181 1
37 191 1
37 197 2
37 205 1
37 207 1
37 208 1
37 224 1
37 225 1
37 317 1
37 413 1
37 434 1
37 438 1
37 439 1
37 441 1
37 442 1
37 446 7
37 456 1
37 463 2
37 483 1
37 494 1
37 632 1
37 652 1
37 662 2
37 668 1
37 818 1
37 872 1
37 875 1
37 891 3
37 907 1
37 920 1
37 930 5
37 1014 1
37 1040 1
37 1086 1
37 1149 1
37 1179 1
37 1184 1
37 1225 1
37 1228 1
37 1574 1
37 1575 1
37 1576 1
37 1577 1
37 1578 1
38 1 1
38 3 1
38 10 4
38 14 3
38 15 3
38 26 1
38 37 1
38 50 1
38 52 1
38 58 1
38 86 2
38 87 1
38 96 1
38 107 1
38 109 1
38 114 1
38 129 1
38 141 1
38 146 1
38 158 2
38 165 1
38 167 1
38 175 2
38 176 1
38 181 1
38 184 1
38 185 4
38 192 2
38 194 2
38 208 2
38 213 4
38 225 1
38 235 3
38 236 3
38 250 1
38 264 1
38 265 1
38 270 1
38 272 1
38 291 1
38 293 1
38 347 1
38 361 1
38 369 3
38 392 1
38 403 2
38 426 6
38 438 1
38 459 1
38 463 2
38 483 2
38 484 1
38 520 4
38 536 1
38 597 1
38 652 1
38 677 4
38 708 2
38 712 1
38 721 5
38 734 1
38 826 2
38 861 1
38 873 1
38 889 1
38 917 1
38 952 7
38 1013 2
38 1436 1
38 1579 3
38 1580 1
38 1581 1
38 1582 6
38 1583 2
38 1584 1
38 1585 1
39 3 2
39 10 6
39 13 1
39 14 3
39 19 1
39 26 1
39 32 1
39 42 2
39 45 1
39 50 2
39 52 1
39 53 1
39 54 1
39 55 3
39 56 1
39 58 1
39 65 4
39 68 1
39 74 3
39 78 1
39 79 5
39 87 10
39 89 1
39 93 1
39 96 1
39 97 1
39 99 1
39 104 1
39 107 1
39 109 1
39 114 1
39 115 1
39 116 1
39 122 1
39 126 2
39 135 1
39 146 1
39 149 5
39 158 1
39 159 2
39 167 1
39 169 2
39 173 1
39 175 2
39 176 1
39 177 4
39 180 1
39 181 1
39 184 3
39 185 8
39 188 1
39 192 1
39 194 1
39 195 1
39 196 2
39 197 1
39 205 1
39 208 1
39 209 1
39 212 1
39 213 1
39 216 1
39 217 2
39 220 3
39 225 1
39 227 2
39 235 2
39 236 6
39 237 1
39 239 1
39 241 1
39 244 1
39 246 1
39 250 2
39 253 1
39 257 1
39 261 2
39 262 4
39 264 1
39 265 3
39 272 1
39 275 1
39 276 7
39 283 2
39 284 1
39 285 2
39 288 2
39 290 6
39 291 1
39 292 1
39 293 6
39 305 1
39 313 1
39 332 1
39 340 1
39 344 3
39 348 6
39 355 1
39 359 1
39 361 1
39 369 1
39 377 1
39 390 1
39 402 1
39 403 3
39 406 4
39 411 1
39 419 3
39 429 1
39 433 1
39 436 1
39 449 1
39 459 1
39 471 1
39 494 1
39 508 1
39 512 1
39 536 2
39 637 2
39 652 1
39 675 1
39 677 1
39 690 1
39 695 1
39 703 1
39 710 2
39 717 1
39 719 3
39 724 1
39 802 1
39 803 1
39 842 2
39 880 1
39 899 1
39 933 1
39 952 1
39 966 1
39 984 1
39 1009 1
39 1049 1
39 1082 1
39 1120 1
39 1156 1
39 1178 1
39 1203 1
39 1264 4
39 1281 1
39 1286 1
39 1299 1
39 1586 1
39 1587 1
39 1588 1
39 1589 2
39 1590 9
39 1591 8
39 1592 1
39 1593 1
39 1594 1
39 1595 1
39 1596 2
39 1597 2
39 1598 1
39 1599 1
39 1600 1
39 1601 1
39 1602 1
40 3 1
40 10 8
40 14 3
40 15 7
40 18 2
40 19 1
40 26 1
40 34 1
40 42 1
40 50 2
40 54 2
40 55 1
40 56 1
40 58 1
40 68 1
40 74 2
40 76 1
40 79 6
40 86 7
40 87 12
40 89 1
40 93 1
40 96 1
40 98 2
40 104 1
40 107 2
40 108 1
40 109 1
40 111 1
40 112 1
40 115 1
40 126 3
40 127 1
40 135 2
40 139 1
40 142 14
40 148 1
40 149 10
40 151 1
40 152 1
40 157 1
40 158 1
40 159 1
40 163 2
40 167 1
40 169 2
40 173 1
40 174 1
40 175 2
40 176 2
40 177 6
40 178 4
40 180 1
40 184 3
40 185 9
40 192 4
40 194 1
40 195 1
40 196 1
40 197 1
40 205 1
40 208 3
40 209 1
40 213 1
40 215 1
40 216 1
40 217 2
40 220 2
40 223 4
40 225 2
40 227 2
40 228 1
40 230 1
40 235 4
40 236 10
40 237 2
40 250 2
40 253 6
40 257 1
40 258 2
40 262 1
40 276 3
40 282 1
40 284 1
40 288 2
40 289 1
40 299 3
40 305 1
40 324 1
40 332 1
40 340 1
40 355 1
40 359 3
40 361 1
40 369 2
40 372 1
40 392 2
40 403 4
40 406 3
40 408 2
40 424 1
40 426 2
40 436 1
40 438 1
40 453 2
40 459 1
40 468 1
40 471 1
40 483 2
40 489 1
40 491 1
40 493 1
40 507 1
40 508 1
40 534 1
40 536 1
40 554 1
40 565 1
40 591 2
40 629 1
40 637 1
40 677 5
40 708 1
40 710 1
40 717 2
40 719 1
40 724 1
40 726 1
40 749 1
40 803 1
40 812 1
40 816 1
40 836 1
40 839 1
40 880 1
40 887 1
40 891 2
40 894 2
40 914 3
40 952 1
40 1026 1
40 1059 1
40 1061 1
40 1081 1
40 1082 1
40 1105 3
40 1156 1
40 1181 1
40 1213 1
40 1223 1
40 1228 1
40 1281 1
40 1299 1
40 1397 1
40 1418 1
40 1456 1
40 1540 1
40 1593 1
40 1599 1
40 1601 1
40 1603 1
40 1604 1
40 1605 1
40 1606 1
40 1607 1
40 1608 2
40 1609 1
40 1610 27
40 1611 1
40 1612 1
40 1613 1
40 1614 1
40 1615 2
40 1616 1
40 1617 2
41 1 1
41 2 1
41 10 3
41 14 3
41 15 1
41 29 3
41 37 3
41 44 1
41 52 1
41 58 1
41 76 3
41 78 1
41 79 1
41 80 1
41 87 5
41 107 1
41 114 1
41 115 1
41 126 13
41 142 1
41 144 2
41 146 1
41 149 1
41 151 1
41 155 1
41 163 2
41 175 4
41 181 1
41 184 3
41 185 5
41 195 1
41 213 1
41 225 3
41 233 1
41 235 1
41 236 2
41 239 2
41 250 1
41 253 3
41 259 1
41 276 4
41 283 1
41 284 1
41 288 1
41 290 1
41 327 1
41 345 2
41 359 2
41 361 3
41 372 1
41 382 1
41 403 4
41 415 6
41 424 2
41 438 2
41 459 1
41 483 2
41 502 1
41 637 4
41 708 2
41 712 1
41 730 1
41 826 1
41 873 2
41 887 1
41 914 2
41 952 1
41 1003 1
41 1135 1
41 1156 3
41 1171 1
41 1179 1
41 1196 2
41 1228 1
41 1281 1
41 1305 1
41 1436 2
41 1551 1
41 1583 1
41 1614 1
41 1618 2
41 1619 1
41 1620 1
41 1621 1
41 1622 2
41 1623 1
41 1624 1
41 1625 1
