%%MatrixMarket matrix coordinate real general
14 966 2250                                       
1 1 1
1 2 1
1 3 20
1 4 2
1 5 4
1 6 3
1 7 4
1 8 3
1 9 1
1 10 8
1 11 1
1 12 4
1 13 1
1 14 3
1 15 8
1 16 2
1 17 1
1 18 1
1 19 2
1 20 1
1 21 3
1 22 1
1 23 1
1 24 1
1 25 1
1 26 1
1 27 1
1 28 1
1 29 1
1 30 1
1 31 3
1 32 1
1 33 1
1 34 2
1 35 3
1 36 1
1 37 2
1 38 1
1 39 1
1 40 1
1 41 1
1 42 3
1 43 1
1 44 2
1 45 1
1 46 1
1 47 1
1 48 1
1 49 3
1 50 1
1 51 1
1 52 3
1 53 2
1 54 1
1 55 1
1 56 1
1 57 2
1 58 1
1 59 1
1 60 1
1 61 1
1 62 3
1 63 1
1 64 1
1 65 2
1 66 2
1 67 2
1 68 6
1 69 1
1 70 1
1 71 1
1 72 2
1 73 1
1 74 3
1 75 1
1 76 3
1 77 1
1 78 1
1 79 1
1 80 1
1 81 1
1 82 1
1 83 1
1 84 2
1 85 1
1 86 1
1 87 1
1 88 1
1 89 2
1 90 1
1 91 1
1 92 2
1 93 1
1 94 1
1 95 2
1 96 1
1 97 1
1 98 1
1 99 1
1 100 1
1 101 1
1 102 1
1 103 1
1 104 1
1 105 1
1 106 4
1 107 1
1 108 1
1 109 4
1 110 1
1 111 1
1 112 2
1 113 1
1 114 1
1 115 1
1 116 1
1 117 2
1 118 1
1 119 1
1 120 1
1 121 1
1 122 1
1 123 1
1 124 3
1 125 1
1 126 1
1 127 1
1 128 4
1 129 2
1 130 2
1 131 1
1 132 3
1 133 1
1 134 1
1 135 3
1 136 1
1 137 1
1 138 3
1 139 1
1 140 2
1 141 1
1 142 2
1 143 1
1 144 1
1 145 1
1 146 2
1 147 1
1 148 9
1 149 1
1 150 2
1 151 1
1 152 3
1 153 1
1 154 2
1 155 1
1 156 1
1 157 5
1 158 2
1 159 1
1 160 1
1 161 1
1 162 2
1 163 1
1 164 1
1 165 1
1 166 1
1 167 1
1 168 1
1 169 1
1 170 1
1 171 4
1 172 1
1 173 1
1 174 2
1 175 2
1 176 1
1 177 1
1 178 1
1 179 6
1 180 1
1 181 1
1 182 2
1 183 1
1 184 1
1 185 3
1 186 1
1 187 7
1 188 1
1 189 2
1 190 1
1 191 1
1 192 1
1 193 2
1 194 5
2 3 2
2 10 3
2 12 1
2 14 5
2 15 6
2 26 1
2 30 3
2 34 1
2 37 4
2 42 3
2 47 2
2 51 1
2 52 14
2 53 3
2 54 1
2 55 1
2 56 2
2 57 1
2 58 3
2 59 1
2 60 2
2 70 1
2 76 4
2 81 5
2 88 1
2 89 1
2 95 3
2 96 1
2 101 1
2 109 1
2 111 1
2 117 1
2 118 1
2 131 1
2 132 1
2 135 3
2 136 1
2 142 1
2 151 1
2 152 9
2 162 3
2 164 2
2 171 3
2 176 1
2 177 2
2 178 1
2 180 1
2 182 2
2 186 3
2 187 3
2 195 1
2 196 1
2 197 2
2 198 1
2 199 1
2 200 1
2 201 1
2 202 1
2 203 1
2 204 16
2 205 2
2 206 3
2 207 4
2 208 1
2 209 1
2 210 1
2 211 1
2 212 1
2 213 1
2 214 1
2 215 2
2 216 2
2 217 1
2 218 1
2 219 1
2 220 2
2 221 1
2 222 1
2 223 2
2 224 1
2 225 1
2 226 1
2 227 1
2 228 1
2 229 2
2 230 1
2 231 1
2 232 2
2 233 1
2 234 1
2 235 2
2 236 1
2 237 1
2 238 2
2 239 1
2 240 1
2 241 1
2 242 2
2 243 1
2 244 1
2 245 1
2 246 1
2 247 1
2 248 1
2 249 1
2 250 1
2 251 1
2 252 1
2 253 14
2 254 1
2 255 1
2 256 1
2 257 1
2 258 1
2 259 1
2 260 1
2 261 1
2 262 1
2 263 1
2 264 1
2 265 1
2 266 1
2 267 1
2 268 1
2 269 1
2 270 1
2 271 1
2 272 1
2 273 1
2 274 1
2 275 2
2 276 1
2 277 1
2 278 2
2 279 1
2 280 2
2 281 1
2 282 16
2 283 1
2 284 1
2 285 3
2 286 1
2 287 1
3 1 1
3 2 1
3 3 2
3 10 4
3 14 7
3 25 1
3 26 1
3 28 3
3 30 3
3 34 2
3 37 3
3 42 5
3 43 1
3 48 1
3 51 1
3 53 4
3 54 6
3 55 1
3 56 4
3 57 2
3 61 1
3 67 2
3 68 1
3 70 1
3 76 4
3 80 3
3 81 3
3 89 6
3 95 4
3 101 1
3 106 1
3 109 2
3 110 1
3 111 1
3 113 1
3 116 1
3 117 1
3 128 1
3 132 3
3 135 5
3 138 1
3 139 1
3 146 1
3 148 1
3 149 1
3 151 2
3 152 7
3 154 2
3 158 1
3 162 4
3 164 5
3 170 1
3 171 5
3 176 5
3 177 11
3 178 2
3 180 1
3 183 1
3 185 1
3 186 1
3 187 4
3 193 1
3 194 4
3 196 1
3 197 1
3 198 4
3 199 1
3 200 2
3 202 4
3 203 2
3 204 22
3 205 3
3 206 7
3 207 7
3 209 2
3 212 5
3 214 2
3 223 2
3 224 3
3 228 1
3 232 5
3 233 1
3 236 1
3 237 1
3 238 1
3 239 1
3 241 1
3 242 2
3 245 2
3 253 15
3 254 1
3 256 1
3 258 3
3 259 1
3 260 3
3 261 1
3 268 1
3 269 2
3 270 1
3 271 1
3 276 1
3 278 2
3 279 1
3 282 1
3 283 1
3 285 1
3 287 1
3 288 1
3 289 1
3 290 16
3 291 1
3 292 1
3 293 1
3 294 1
3 295 1
3 296 1
3 297 1
3 298 1
3 299 1
3 300 2
3 301 1
3 302 1
3 303 1
3 304 1
3 305 1
3 306 2
3 307 1
3 308 1
3 309 1
3 310 4
3 311 1
3 312 1
3 313 2
3 314 1
3 315 1
3 316 2
3 317 1
3 318 1
3 319 1
3 320 1
3 321 1
3 322 1
3 323 1
3 324 1
3 325 1
3 326 1
3 327 1
3 328 1
3 329 1
3 330 1
3 331 1
3 332 1
3 333 1
3 334 1
3 335 2
3 336 1
3 337 2
3 338 1
3 339 1
3 340 1
3 341 2
3 342 1
3 343 2
3 344 1
3 345 1
3 346 2
3 347 1
3 348 1
3 349 4
3 350 1
3 351 1
3 352 3
3 353 1
3 354 1
3 355 1
3 356 1
3 357 1
3 358 1
3 359 1
3 360 1
3 361 1
3 362 2
3 363 1
3 364 2
3 365 1
3 366 1
3 367 2
3 368 1
3 369 1
3 370 3
3 371 1
3 372 1
3 373 2
3 374 1
3 375 1
3 376 1
3 377 1
3 378 1
3 379 1
3 380 1
3 381 1
3 382 1
3 383 1
3 384 1
3 385 1
3 386 1
3 387 1
4 2 1
4 3 2
4 10 3
4 14 3
4 15 8
4 22 1
4 24 1
4 26 1
4 28 1
4 30 2
4 41 2
4 42 3
4 50 1
4 51 1
4 53 9
4 54 2
4 57 3
4 60 1
4 64 3
4 68 1
4 76 2
4 78 3
4 80 1
4 81 2
4 88 1
4 89 4
4 95 1
4 97 1
4 98 5
4 109 3
4 110 2
4 111 1
4 113 3
4 116 1
4 117 3
4 121 1
4 124 1
4 128 2
4 129 1
4 135 3
4 146 2
4 147 2
4 149 1
4 151 2
4 152 4
4 155 1
4 158 1
4 161 1
4 162 1
4 166 3
4 167 1
4 169 1
4 171 3
4 177 1
4 178 2
4 179 4
4 180 4
4 182 1
4 183 2
4 185 3
4 187 4
4 191 1
4 194 11
4 196 2
4 198 2
4 199 1
4 207 3
4 208 2
4 214 1
4 216 1
4 219 5
4 221 3
4 226 1
4 230 1
4 232 3
4 233 5
4 236 1
4 237 1
4 239 1
4 244 1
4 246 1
4 254 1
4 255 3
4 259 1
4 260 1
4 261 2
4 272 2
4 273 2
4 278 2
4 286 1
4 314 1
4 319 9
4 341 1
4 342 2
4 343 3
4 354 1
4 370 21
4 388 1
4 389 1
4 390 1
4 391 2
4 392 1
4 393 1
4 394 1
4 395 1
4 396 1
4 397 1
4 398 2
4 399 1
4 400 1
4 401 1
4 402 1
4 403 3
4 404 1
4 405 1
4 406 1
4 407 10
4 408 2
4 409 1
4 410 1
4 411 1
4 412 1
4 413 1
4 414 2
4 415 1
4 416 10
4 417 1
4 418 2
4 419 2
4 420 1
4 421 2
4 422 1
4 423 3
4 424 1
4 425 5
4 426 14
4 427 1
4 428 1
4 429 1
4 430 1
4 431 1
4 432 1
4 433 3
4 434 2
4 435 1
4 436 1
4 437 1
4 438 1
4 439 1
4 440 1
4 441 1
4 442 1
4 443 2
4 444 1
4 445 1
4 446 1
4 447 1
4 448 1
4 449 1
4 450 1
4 451 1
4 452 1
4 453 1
4 454 1
4 455 2
4 456 1
4 457 1
4 458 1
4 459 1
4 460 1
4 461 1
4 462 1
4 463 9
4 464 1
4 465 1
4 466 3
4 467 1
4 468 1
4 469 1
4 470 1
4 471 1
4 472 1
4 473 2
4 474 1
4 475 1
4 476 1
5 1 1
5 3 4
5 6 1
5 10 4
5 11 1
5 14 3
5 15 11
5 26 1
5 27 8
5 29 1
5 30 1
5 34 1
5 39 1
5 41 1
5 42 4
5 54 1
5 55 2
5 56 2
5 57 1
5 61 1
5 64 1
5 70 1
5 76 2
5 80 1
5 81 4
5 83 1
5 88 2
5 95 1
5 101 1
5 103 1
5 111 1
5 113 1
5 114 3
5 126 1
5 132 2
5 135 4
5 143 1
5 147 1
5 152 6
5 161 1
5 162 1
5 163 1
5 167 1
5 171 4
5 174 1
5 176 7
5 177 10
5 179 1
5 180 4
5 181 5
5 186 12
5 187 2
5 189 1
5 190 1
5 199 1
5 211 1
5 216 2
5 218 1
5 226 2
5 229 1
5 230 4
5 234 2
5 242 2
5 246 2
5 251 2
5 259 1
5 260 1
5 279 1
5 316 3
5 326 1
5 327 2
5 337 1
5 343 1
5 368 2
5 370 7
5 381 1
5 406 1
5 411 1
5 433 1
5 436 2
5 442 1
5 458 1
5 463 2
5 477 3
5 478 1
5 479 1
5 480 1
5 481 2
5 482 1
5 483 1
5 484 2
5 485 1
5 486 3
5 487 3
5 488 2
5 489 5
5 490 1
5 491 1
5 492 2
5 493 3
5 494 1
5 495 1
5 496 2
5 497 1
5 498 1
5 499 1
5 500 1
5 501 2
5 502 1
5 503 1
5 504 1
5 505 2
5 506 2
5 507 5
5 508 1
5 509 3
5 510 1
5 511 2
5 512 1
5 513 1
5 514 1
5 515 1
5 516 6
5 517 1
5 518 1
5 519 2
5 520 1
5 521 2
5 522 1
5 523 1
5 524 1
5 525 1
5 526 1
5 527 28
5 528 2
5 529 4
5 530 2
5 531 1
5 532 1
5 533 1
5 534 1
5 535 1
5 536 22
5 537 3
5 538 1
5 539 1
5 540 1
5 541 1
5 542 1
5 543 4
5 544 1
5 545 1
5 546 15
5 547 1
5 548 1
5 549 2
5 550 1
6 1 1
6 3 1
6 6 9
6 10 1
6 14 4
6 16 3
6 25 3
6 26 1
6 30 1
6 34 8
6 42 3
6 48 1
6 49 2
6 51 1
6 53 3
6 54 1
6 55 1
6 56 2
6 64 1
6 68 2
6 70 1
6 76 2
6 81 4
6 95 2
6 98 2
6 103 1
6 109 1
6 111 1
6 116 1
6 132 1
6 135 3
6 139 1
6 149 1
6 152 6
6 155 1
6 161 11
6 162 1
6 170 1
6 171 3
6 176 10
6 177 9
6 178 1
6 179 9
6 182 1
6 183 1
6 185 2
6 186 4
6 187 3
6 192 1
6 194 2
6 196 1
6 211 1
6 212 1
6 214 7
6 216 2
6 243 1
6 246 10
6 247 1
6 251 1
6 254 1
6 255 12
6 256 1
6 257 2
6 259 2
6 265 1
6 273 2
6 276 1
6 277 1
6 279 1
6 290 11
6 299 1
6 313 1
6 340 1
6 342 1
6 343 1
6 359 1
6 384 2
6 387 1
6 397 1
6 406 1
6 410 1
6 416 1
6 418 1
6 424 1
6 428 1
6 435 1
6 442 1
6 458 2
6 459 1
6 469 2
6 474 1
6 477 2
6 478 1
6 487 1
6 488 1
6 491 1
6 501 2
6 505 3
6 513 3
6 514 5
6 516 2
6 527 3
6 531 1
6 533 1
6 535 4
6 537 3
6 546 30
6 551 1
6 552 1
6 553 3
6 554 5
6 555 1
6 556 2
6 557 2
6 558 4
6 559 1
6 560 1
6 561 6
6 562 8
6 563 1
6 564 1
6 565 8
6 566 1
6 567 3
6 568 11
6 569 2
6 570 1
6 571 1
6 572 1
6 573 1
6 574 2
6 575 1
6 576 1
6 577 1
6 578 1
6 579 1
6 580 3
6 581 1
6 582 3
6 583 1
6 584 1
6 585 2
6 586 2
6 587 2
6 588 3
6 589 1
6 590 2
6 591 3
6 592 1
6 593 1
6 594 3
6 595 1
6 596 1
6 597 6
6 598 1
6 599 1
6 600 1
6 601 1
6 602 1
6 603 1
6 604 5
6 605 1
6 606 1
6 607 3
6 608 1
6 609 1
6 610 3
6 611 1
6 612 1
6 613 1
6 614 1
6 615 1
6 616 1
6 617 1
6 618 2
6 619 1
6 620 1
6 621 2
6 622 1
6 623 2
6 624 3
6 625 1
6 626 4
6 627 1
6 628 1
6 629 2
6 630 1
6 631 1
6 632 1
6 633 1
6 634 1
6 635 1
6 636 1
6 637 3
6 638 4
6 639 1
6 640 1
6 641 7
6 642 1
6 643 1
6 644 1
6 645 1
6 646 2
6 647 1
7 1 2
7 2 1
7 3 5
7 4 1
7 10 1
7 14 7
7 15 8
7 26 1
7 28 1
7 30 3
7 34 7
7 37 3
7 42 3
7 45 1
7 48 1
7 53 10
7 54 1
7 55 1
7 56 3
7 57 1
7 60 6
7 61 1
7 68 11
7 70 1
7 72 1
7 76 4
7 80 1
7 81 4
7 82 1
7 89 3
7 92 1
7 95 3
7 106 2
7 108 1
7 111 1
7 113 4
7 116 1
7 117 1
7 132 1
7 135 3
7 136 1
7 138 1
7 139 8
7 149 1
7 151 5
7 152 8
7 154 2
7 158 1
7 161 4
7 162 1
7 170 3
7 171 3
7 176 9
7 177 3
7 179 4
7 183 2
7 186 7
7 187 6
7 193 2
7 194 6
7 196 2
7 198 1
7 199 3
7 205 1
7 207 6
7 211 2
7 212 3
7 214 3
7 216 2
7 226 1
7 230 2
7 232 2
7 233 2
7 236 1
7 237 1
7 242 3
7 243 1
7 244 10
7 246 1
7 247 1
7 251 1
7 255 8
7 256 1
7 257 5
7 259 1
7 266 1
7 277 5
7 278 2
7 280 3
7 283 1
7 285 1
7 287 1
7 299 2
7 302 1
7 309 1
7 312 1
7 319 1
7 336 1
7 337 1
7 339 3
7 340 1
7 341 1
7 343 1
7 353 1
7 359 1
7 368 1
7 387 1
7 396 1
7 406 4
7 412 1
7 428 1
7 435 2
7 436 1
7 458 7
7 479 3
7 490 3
7 497 2
7 501 1
7 515 3
7 520 2
7 546 5
7 557 1
7 561 6
7 571 1
7 578 1
7 597 1
7 615 1
7 648 1
7 649 1
7 650 1
7 651 2
7 652 1
7 653 1
7 654 1
7 655 1
7 656 2
7 657 1
7 658 1
7 659 1
7 660 1
7 661 1
7 662 1
7 663 1
7 664 1
7 665 1
7 666 1
7 667 1
7 668 1
7 669 1
7 670 1
7 671 1
7 672 1
7 673 1
7 674 2
7 675 1
7 676 1
7 677 1
7 678 1
7 679 4
7 680 1
7 681 1
7 682 1
7 683 1
7 684 2
7 685 1
7 686 1
7 687 1
7 688 1
7 689 7
7 690 1
7 691 1
7 692 1
7 693 1
7 694 2
7 695 2
7 696 1
7 697 4
7 698 2
7 699 3
7 700 1
7 701 1
7 702 2
7 703 1
7 704 1
7 705 3
7 706 1
7 707 1
7 708 1
7 709 1
7 710 1
7 711 1
7 712 6
7 713 1
7 714 31
8 3 1
8 10 3
8 14 5
8 15 4
8 19 1
8 30 3
8 34 1
8 37 1
8 42 2
8 52 3
8 53 2
8 56 2
8 57 1
8 58 1
8 70 1
8 71 1
8 76 1
8 78 21
8 81 4
8 89 1
8 95 1
8 106 1
8 109 1
8 110 1
8 111 1
8 117 1
8 131 1
8 132 1
8 135 2
8 144 1
8 147 31
8 151 1
8 152 8
8 154 1
8 158 1
8 161 1
8 162 1
8 164 1
8 167 1
8 171 2
8 177 4
8 178 1
8 179 5
8 180 1
8 183 2
8 186 2
8 187 1
8 190 1
8 194 9
8 196 4
8 197 2
8 198 1
8 199 2
8 205 3
8 207 1
8 211 1
8 212 2
8 216 1
8 219 2
8 221 1
8 234 1
8 235 1
8 236 1
8 237 1
8 241 2
8 246 5
8 248 1
8 251 1
8 259 1
8 260 1
8 278 2
8 284 1
8 302 1
8 339 1
8 343 2
8 357 2
8 368 1
8 370 7
8 381 1
8 384 3
8 387 4
8 389 1
8 399 3
8 400 1
8 402 1
8 406 1
8 423 9
8 426 2
8 430 3
8 431 1
8 435 2
8 445 8
8 450 5
8 452 2
8 458 1
8 459 1
8 470 2
8 491 1
8 502 1
8 520 1
8 527 1
8 537 2
8 561 2
8 577 1
8 663 1
8 679 1
8 681 1
8 687 1
8 711 1
8 713 4
8 715 1
8 716 1
8 717 2
8 718 1
8 719 1
8 720 1
8 721 2
8 722 4
8 723 2
8 724 2
8 725 1
8 726 1
8 727 1
8 728 1
8 729 1
8 730 3
8 731 1
8 732 1
8 733 1
8 734 1
8 735 1
8 736 1
8 737 1
8 738 1
8 739 1
8 740 1
8 741 2
8 742 1
8 743 1
8 744 1
8 745 1
8 746 3
8 747 2
8 748 10
8 749 1
8 750 1
8 751 1
8 752 1
8 753 1
8 754 1
8 755 1
8 756 1
8 757 1
9 14 1
9 131 1
9 161 1
9 233 1
9 315 1
9 326 1
9 342 1
9 416 1
9 458 1
9 758 1
9 759 1
9 760 3
9 761 1
9 762 1
9 763 1
9 764 2
9 765 1
9 766 1
9 767 1
10 1 1
10 3 3
10 7 1
10 10 1
10 14 3
10 26 1
10 28 1
10 30 1
10 34 4
10 36 1
10 39 1
10 42 5
10 43 1
10 44 4
10 51 1
10 53 4
10 55 1
10 56 6
10 57 1
10 60 1
10 62 2
10 70 1
10 76 1
10 78 20
10 80 1
10 81 3
10 88 4
10 95 1
10 98 1
10 106 2
10 109 1
10 111 1
10 113 1
10 116 1
10 119 1
10 129 1
10 135 5
10 138 1
10 144 2
10 147 16
10 149 1
10 152 5
10 154 1
10 155 2
10 158 1
10 161 9
10 162 1
10 171 5
10 176 9
10 177 4
10 178 1
10 179 2
10 183 1
10 186 5
10 187 1
10 193 5
10 194 15
10 199 1
10 211 2
10 214 1
10 216 2
10 217 7
10 219 3
10 242 4
10 246 11
10 251 1
10 254 1
10 259 1
10 273 1
10 285 1
10 290 16
10 296 2
10 302 2
10 319 7
10 367 1
10 370 16
10 387 2
10 405 2
10 406 5
10 421 3
10 423 3
10 431 1
10 435 2
10 458 3
10 459 2
10 474 1
10 475 1
10 478 1
10 487 2
10 488 1
10 489 1
10 497 1
10 508 1
10 511 1
10 514 2
10 520 1
10 527 6
10 530 2
10 539 2
10 546 16
10 561 4
10 567 1
10 571 1
10 578 3
10 612 4
10 614 1
10 663 1
10 686 1
10 687 4
10 692 1
10 697 13
10 702 1
10 704 2
10 713 1
10 715 4
10 739 1
10 754 1
10 757 1
10 762 2
10 767 5
10 768 1
10 769 1
10 770 1
10 771 3
10 772 1
10 773 1
10 774 1
10 775 2
10 776 11
10 777 2
10 778 1
10 779 2
10 780 1
10 781 1
10 782 3
10 783 1
10 784 2
10 785 3
10 786 5
10 787 3
10 788 1
10 789 4
10 790 1
10 791 3
10 792 1
10 793 1
10 794 1
10 795 2
10 796 1
10 797 1
10 798 7
10 799 23
10 800 2
11 3 1
11 10 4
11 14 4
11 15 7
11 26 1
11 30 3
11 34 1
11 37 12
11 42 4
11 44 1
11 47 1
11 53 7
11 54 7
11 56 3
11 57 1
11 67 1
11 68 3
11 70 1
11 76 2
11 81 5
11 89 1
11 95 1
11 101 1
11 106 1
11 109 1
11 111 1
11 116 1
11 117 2
11 132 2
11 135 4
11 142 2
11 145 2
11 149 1
11 151 1
11 152 9
11 162 1
11 170 1
11 171 4
11 176 1
11 183 1
11 186 6
11 196 1
11 198 4
11 205 1
11 207 2
11 208 7
11 212 1
11 215 2
11 216 4
11 230 1
11 232 8
11 233 10
11 236 1
11 237 1
11 242 4
11 246 3
11 251 1
11 259 1
11 261 1
11 276 1
11 277 2
11 278 2
11 279 1
11 281 3
11 287 1
11 309 1
11 319 1
11 336 1
11 337 1
11 340 1
11 343 1
11 344 1
11 376 4
11 381 1
11 388 2
11 403 1
11 407 4
11 414 1
11 430 1
11 436 1
11 446 1
11 460 2
11 504 2
11 578 1
11 594 1
11 615 1
11 622 1
11 698 1
11 711 1
11 713 2
11 741 1
11 743 1
11 751 1
11 786 1
11 787 1
11 794 1
11 801 7
11 802 1
11 803 3
11 804 4
11 805 10
11 806 1
11 807 1
11 808 1
11 809 1
11 810 1
11 811 2
11 812 1
11 813 1
11 814 3
11 815 1
11 816 1
11 817 1
11 818 1
11 819 1
11 820 1
11 821 1
11 822 1
11 823 1
11 824 1
11 825 1
11 826 1
11 827 11
11 828 1
11 829 1
11 830 1
11 831 1
11 832 1
11 833 1
12 3 14
12 10 8
12 13 1
12 14 3
12 15 7
12 26 1
12 30 3
12 34 3
12 37 6
12 42 3
12 44 1
12 53 6
12 54 1
12 56 2
12 57 2
12 59 1
12 60 2
12 65 12
12 70 1
12 71 1
12 74 1
12 76 1
12 81 5
12 89 2
12 95 1
12 101 1
12 106 2
12 111 1
12 113 1
12 116 1
12 117 1
12 124 1
12 129 1
12 132 2
12 135 3
12 136 1
12 142 3
12 145 8
12 149 1
12 151 2
12 152 9
12 154 2
12 162 1
12 171 3
12 179 4
12 180 5
12 182 2
12 183 2
12 186 14
12 187 4
12 193 7
12 197 2
12 198 1
12 199 1
12 201 2
12 207 7
12 208 1
12 211 2
12 212 1
12 214 1
12 216 13
12 218 1
12 219 3
12 221 2
12 232 3
12 233 10
12 235 1
12 236 1
12 237 1
12 242 3
12 251 3
12 256 1
12 259 1
12 261 1
12 268 1
12 271 1
12 278 2
12 279 1
12 305 1
12 337 1
12 343 1
12 359 3
12 387 5
12 403 1
12 435 1
12 436 8
12 464 1
12 485 1
12 497 2
12 503 11
12 504 1
12 508 1
12 520 4
12 527 2
12 535 1
12 591 9
12 614 1
12 621 1
12 627 1
12 663 2
12 686 2
12 692 1
12 702 3
12 728 1
12 754 1
12 756 1
12 783 1
12 784 1
12 794 1
12 797 1
12 799 1
12 805 5
12 812 1
12 815 1
12 817 1
12 819 3
12 823 1
12 827 12
12 834 1
12 835 1
12 836 1
12 837 1
12 838 1
12 839 6
12 840 1
12 841 1
12 842 1
12 843 1
12 844 2
12 845 1
12 846 3
12 847 1
12 848 3
12 849 1
12 850 1
12 851 2
12 852 1
12 853 6
12 854 2
12 855 4
12 856 1
12 857 1
12 858 1
12 859 1
12 860 2
12 861 1
12 862 1
12 863 1
12 864 1
12 865 1
12 866 1
12 867 1
12 868 2
12 869 1
12 870 1
12 871 2
12 872 1
13 2 2
13 3 4
13 6 3
13 10 6
13 12 1
13 14 4
13 15 16
13 26 1
13 28 1
13 30 1
13 34 4
13 37 2
13 42 4
13 44 2
13 53 4
13 55 2
13 56 2
13 57 2
13 60 1
13 62 2
13 68 1
13 70 1
13 76 1
13 78 3
13 80 2
13 81 2
13 88 4
13 89 4
13 94 2
13 95 2
13 101 1
13 109 4
13 111 1
13 116 1
13 124 1
13 125 1
13 135 4
13 143 1
13 144 1
13 147 5
13 148 1
13 149 1
13 152 4
13 162 2
13 164 1
13 166 2
13 170 1
13 171 4
13 174 1
13 176 1
13 177 3
13 179 10
13 180 2
13 183 14
13 186 4
13 187 2
13 194 18
13 201 1
13 205 2
13 207 1
13 212 2
13 214 3
13 216 2
13 218 1
13 219 2
13 246 3
13 248 3
13 251 2
13 255 1
13 256 1
13 259 1
13 265 1
13 268 1
13 270 2
13 283 1
13 285 1
13 299 2
13 341 1
13 343 3
13 344 1
13 349 1
13 354 1
13 357 4
13 367 1
13 370 29
13 377 1
13 382 1
13 385 2
13 399 1
13 400 3
13 408 1
13 409 1
13 410 1
13 416 30
13 420 1
13 426 1
13 433 1
13 435 2
13 436 1
13 459 2
13 463 1
13 479 2
13 485 2
13 489 1
13 490 1
13 526 1
13 531 2
13 577 2
13 689 4
13 698 1
13 702 1
13 713 1
13 743 2
13 749 6
13 754 1
13 786 2
13 818 1
13 873 1
13 874 3
13 875 1
13 876 1
13 877 1
13 878 1
13 879 1
13 880 1
13 881 2
13 882 1
13 883 1
13 884 1
13 885 2
13 886 1
13 887 2
13 888 1
13 889 1
13 890 1
13 891 1
13 892 10
13 893 2
13 894 4
13 895 1
13 896 1
13 897 1
13 898 1
13 899 1
13 900 1
13 901 5
13 902 2
13 903 2
13 904 3
13 905 1
13 906 4
13 907 1
13 908 1
13 909 1
13 910 2
13 911 1
13 912 1
13 913 1
13 914 1
13 915 1
13 916 1
13 917 1
13 918 1
13 919 1
13 920 1
13 921 1
13 922 1
13 923 1
13 924 1
13 925 2
13 926 1
14 2 1
14 3 2
14 10 2
14 14 5
14 15 17
14 19 1
14 24 1
14 26 1
14 30 3
14 34 3
14 37 1
14 42 3
14 44 1
14 53 5
14 54 2
14 55 1
14 56 2
14 57 3
14 59 1
14 70 1
14 76 3
14 80 2
14 81 5
14 88 1
14 89 2
14 95 3
14 101 1
14 106 3
14 110 1
14 111 1
14 113 3
14 116 1
14 117 1
14 119 1
14 124 1
14 128 17
14 129 1
14 131 1
14 132 3
14 135 5
14 139 1
14 142 4
14 145 8
14 149 1
14 151 2
14 152 9
14 160 1
14 162 2
14 166 1
14 171 3
14 176 8
14 177 1
14 179 2
14 183 1
14 186 5
14 187 2
14 191 1
14 193 1
14 194 1
14 197 1
14 198 1
14 201 3
14 205 1
14 207 1
14 214 1
14 216 2
14 226 1
14 232 5
14 233 8
14 236 1
14 237 1
14 242 2
14 246 1
14 251 5
14 259 1
14 261 1
14 278 2
14 279 1
14 281 3
14 283 1
14 285 2
14 286 1
14 309 1
14 316 1
14 319 3
14 337 1
14 348 1
14 349 1
14 384 1
14 387 2
14 399 1
14 400 2
14 409 1
14 414 1
14 421 1
14 426 1
14 433 2
14 435 1
14 436 1
14 445 1
14 453 1
14 456 1
14 459 2
14 463 1
14 472 1
14 487 1
14 489 2
14 497 2
14 501 1
14 503 1
14 513 1
14 520 1
14 537 1
14 610 4
14 622 1
14 624 3
14 676 1
14 685 1
14 689 1
14 698 1
14 702 1
14 713 1
14 722 1
14 731 1
14 754 1
14 755 1
14 766 5
14 787 1
14 793 2
14 794 1
14 803 1
14 805 9
14 812 1
14 814 1
14 827 14
14 830 2
14 831 1
14 868 2
14 876 2
14 878 1
14 880 1
14 890 1
14 897 1
14 927 1
14 928 1
14 929 3
14 930 1
14 931 1
14 932 1
14 933 2
14 934 2
14 935 1
14 936 1
14 937 1
14 938 1
14 939 1
14 940 1
14 941 1
14 942 1
14 943 1
14 944 8
14 945 1
14 946 1
14 947 1
14 948 1
14 949 1
14 950 1
14 951 1
14 952 1
14 953 1
14 954 2
14 955 1
14 956 1
14 957 1
14 958 1
14 959 2
14 960 4
14 961 16
14 962 1
14 963 1
14 964 3
14 965 1
14 966 1
