%%MatrixMarket matrix coordinate real general
33 1503 4811                                      
1 1 1
1 2 1
1 3 20
1 4 2
1 5 4
1 6 3
1 7 4
1 8 3
1 9 1
1 10 8
1 11 1
1 12 4
1 13 1
1 14 3
1 15 8
1 16 2
1 17 1
1 18 1
1 19 2
1 20 1
1 21 3
1 22 1
1 23 1
1 24 1
1 25 1
1 26 1
1 27 1
1 28 1
1 29 1
1 30 1
1 31 3
1 32 1
1 33 1
1 34 2
1 35 3
1 36 1
1 37 2
1 38 1
1 39 1
1 40 1
1 41 1
1 42 2
1 43 1
1 44 2
1 45 1
1 46 1
1 47 1
1 48 1
1 49 3
1 50 1
1 51 1
1 52 3
1 53 2
1 54 1
1 55 1
1 56 1
1 57 2
1 58 1
1 59 1
1 60 1
1 61 1
1 62 1
1 63 1
1 64 2
1 65 2
1 66 2
1 67 6
1 68 1
1 69 1
1 70 1
1 71 2
1 72 1
1 73 3
1 74 1
1 75 3
1 76 1
1 77 1
1 78 1
1 79 1
1 80 1
1 81 1
1 82 1
1 83 2
1 84 1
1 85 1
1 86 1
1 87 1
1 88 2
1 89 1
1 90 1
1 91 2
1 92 1
1 93 1
1 94 2
1 95 1
1 96 1
1 97 1
1 98 1
1 99 1
1 100 1
1 101 1
1 102 1
1 103 1
1 104 1
1 105 4
1 106 1
1 107 1
1 108 4
1 109 1
1 110 1
1 111 2
1 112 1
1 113 1
1 114 1
1 115 1
1 116 2
1 117 1
1 118 1
1 119 1
1 120 1
1 121 1
1 122 1
1 123 3
1 124 1
1 125 1
1 126 1
1 127 4
1 128 2
1 129 2
1 130 1
1 131 3
1 132 1
1 133 1
1 134 1
1 135 1
1 136 3
1 137 1
1 138 2
1 139 1
1 140 2
1 141 1
1 142 1
1 143 1
1 144 2
1 145 1
1 146 9
1 147 1
1 148 2
1 149 1
1 150 3
1 151 1
1 152 2
1 153 1
1 154 1
1 155 5
1 156 2
1 157 1
1 158 1
1 159 1
1 160 2
1 161 1
1 162 1
1 163 1
1 164 1
1 165 1
1 166 1
1 167 1
1 168 1
1 169 1
1 170 1
1 171 1
1 172 1
1 173 2
1 174 2
1 175 1
1 176 1
1 177 1
1 178 6
1 179 1
1 180 1
1 181 2
1 182 1
1 183 1
1 184 3
1 185 1
1 186 7
1 187 1
1 188 2
1 189 1
1 190 1
1 191 1
1 192 2
1 193 5
2 3 2
2 10 3
2 12 1
2 14 5
2 15 6
2 26 1
2 30 3
2 34 1
2 37 4
2 42 2
2 47 2
2 51 1
2 52 14
2 53 1
2 55 1
2 56 2
2 57 1
2 58 3
2 59 1
2 60 2
2 69 1
2 75 4
2 80 5
2 87 1
2 88 1
2 94 3
2 95 1
2 100 1
2 108 1
2 110 1
2 116 1
2 117 1
2 130 1
2 131 1
2 134 1
2 140 1
2 150 9
2 160 3
2 162 2
2 170 3
2 175 1
2 176 2
2 177 1
2 179 1
2 181 2
2 185 3
2 186 3
2 194 1
2 195 1
2 196 2
2 197 1
2 198 1
2 199 1
2 200 1
2 201 1
2 202 4
2 203 10
2 204 2
2 205 3
2 206 4
2 207 3
2 208 1
2 209 1
2 210 1
2 211 1
2 212 1
2 213 1
2 214 2
2 215 2
2 216 1
2 217 1
2 218 1
2 219 2
2 220 1
2 221 1
2 222 2
2 223 1
2 224 2
2 225 1
2 226 1
2 227 1
2 228 1
2 229 2
2 230 1
2 231 1
2 232 2
2 233 1
2 234 1
2 235 2
2 236 1
2 237 1
2 238 2
2 239 1
2 240 1
2 241 1
2 242 2
2 243 1
2 244 1
2 245 1
2 246 1
2 247 1
2 248 1
2 249 1
2 250 1
2 251 1
2 252 1
2 253 2
2 254 1
2 255 1
2 256 1
2 257 1
2 258 1
2 259 1
2 260 1
2 261 1
2 262 1
2 263 1
2 264 1
2 265 1
2 266 1
2 267 1
2 268 1
2 269 1
2 270 1
2 271 1
2 272 1
2 273 1
2 274 1
2 275 1
2 276 2
2 277 1
2 278 1
2 279 1
2 280 2
2 281 1
2 282 16
2 283 1
2 284 1
2 285 3
2 286 1
2 287 1
3 1 1
3 2 1
3 3 2
3 10 4
3 14 7
3 25 1
3 26 1
3 28 3
3 30 3
3 34 2
3 37 3
3 42 4
3 43 1
3 48 1
3 51 1
3 53 2
3 54 5
3 55 1
3 56 4
3 57 2
3 61 1
3 66 2
3 67 1
3 69 1
3 75 4
3 79 3
3 80 3
3 88 6
3 94 4
3 100 1
3 105 1
3 108 2
3 109 1
3 110 1
3 112 1
3 115 1
3 116 1
3 127 1
3 131 3
3 136 1
3 137 1
3 144 1
3 146 1
3 147 1
3 149 1
3 150 7
3 152 2
3 156 1
3 160 4
3 162 5
3 168 1
3 170 3
3 175 5
3 176 10
3 177 2
3 179 1
3 182 1
3 184 1
3 185 1
3 186 4
3 192 1
3 193 4
3 195 1
3 196 1
3 197 1
3 198 2
3 200 4
3 201 2
3 202 15
3 203 7
3 204 3
3 205 7
3 206 7
3 207 2
3 208 2
3 211 6
3 213 2
3 222 2
3 223 3
3 224 2
3 228 1
3 232 5
3 233 1
3 236 1
3 237 1
3 238 1
3 239 1
3 241 1
3 242 2
3 245 2
3 253 8
3 254 1
3 256 1
3 258 3
3 259 1
3 260 3
3 261 1
3 264 1
3 269 1
3 270 2
3 271 1
3 272 1
3 277 1
3 279 1
3 282 1
3 283 1
3 285 1
3 287 1
3 288 1
3 289 1
3 290 16
3 291 1
3 292 1
3 293 1
3 294 1
3 295 3
3 296 1
3 297 1
3 298 1
3 299 1
3 300 1
3 301 2
3 302 1
3 303 1
3 304 1
3 305 1
3 306 1
3 307 2
3 308 1
3 309 1
3 310 1
3 311 4
3 312 1
3 313 1
3 314 2
3 315 1
3 316 1
3 317 2
3 318 1
3 319 1
3 320 1
3 321 1
3 322 1
3 323 1
3 324 1
3 325 1
3 326 1
3 327 1
3 328 1
3 329 1
3 330 1
3 331 1
3 332 1
3 333 1
3 334 1
3 335 1
3 336 2
3 337 1
3 338 2
3 339 1
3 340 1
3 341 1
3 342 2
3 343 1
3 344 2
3 345 1
3 346 1
3 347 2
3 348 1
3 349 1
3 350 4
3 351 1
3 352 1
3 353 3
3 354 1
3 355 1
3 356 1
3 357 1
3 358 1
3 359 1
3 360 1
3 361 1
3 362 1
3 363 2
3 364 1
3 365 2
3 366 1
3 367 1
3 368 2
3 369 1
3 370 1
3 371 3
3 372 1
3 373 1
3 374 2
3 375 1
3 376 1
3 377 1
3 378 1
3 379 1
3 380 1
3 381 1
3 382 1
3 383 1
3 384 1
3 385 1
3 386 1
3 387 1
3 388 1
3 389 1
4 2 1
4 3 2
4 10 3
4 14 3
4 15 8
4 22 1
4 24 1
4 26 1
4 28 1
4 30 2
4 41 2
4 42 3
4 50 1
4 51 1
4 53 7
4 54 2
4 57 3
4 60 1
4 63 3
4 67 1
4 75 2
4 77 3
4 79 1
4 80 2
4 87 1
4 88 4
4 94 1
4 96 1
4 97 5
4 108 3
4 109 2
4 110 1
4 112 3
4 115 1
4 116 3
4 120 1
4 123 1
4 127 2
4 128 1
4 144 2
4 145 2
4 147 1
4 149 1
4 150 4
4 153 1
4 156 1
4 160 1
4 164 3
4 165 1
4 167 1
4 170 2
4 176 1
4 177 2
4 178 4
4 179 4
4 181 1
4 182 2
4 184 3
4 186 4
4 190 1
4 193 11
4 195 2
4 197 1
4 206 3
4 207 4
4 213 1
4 215 1
4 218 5
4 220 3
4 224 2
4 226 1
4 230 1
4 232 3
4 233 5
4 236 1
4 237 1
4 239 1
4 244 1
4 246 1
4 254 1
4 255 3
4 259 1
4 260 1
4 261 2
4 264 1
4 273 2
4 274 2
4 286 1
4 295 1
4 315 1
4 320 9
4 342 1
4 343 2
4 344 3
4 355 1
4 371 21
4 390 1
4 391 1
4 392 1
4 393 2
4 394 1
4 395 1
4 396 1
4 397 1
4 398 1
4 399 1
4 400 2
4 401 1
4 402 1
4 403 1
4 404 1
4 405 3
4 406 1
4 407 1
4 408 1
4 409 10
4 410 2
4 411 1
4 412 1
4 413 1
4 414 1
4 415 1
4 416 2
4 417 1
4 418 10
4 419 1
4 420 2
4 421 2
4 422 1
4 423 2
4 424 1
4 425 3
4 426 1
4 427 5
4 428 14
4 429 1
4 430 1
4 431 1
4 432 1
4 433 1
4 434 1
4 435 3
4 436 2
4 437 1
4 438 1
4 439 1
4 440 1
4 441 1
4 442 1
4 443 1
4 444 1
4 445 2
4 446 1
4 447 1
4 448 1
4 449 1
4 450 1
4 451 1
4 452 1
4 453 1
4 454 1
4 455 1
4 456 1
4 457 2
4 458 1
4 459 1
4 460 1
4 461 1
4 462 1
4 463 1
4 464 1
4 465 1
4 466 9
4 467 1
4 468 1
4 469 3
4 470 1
4 471 1
4 472 1
4 473 1
4 474 1
4 475 1
4 476 2
4 477 1
4 478 1
4 479 1
5 1 1
5 3 4
5 6 1
5 10 4
5 11 1
5 14 3
5 15 11
5 26 1
5 27 8
5 29 1
5 30 1
5 34 1
5 39 1
5 41 1
5 42 2
5 55 2
5 56 2
5 57 1
5 61 1
5 63 1
5 69 1
5 75 2
5 79 1
5 80 4
5 82 1
5 87 2
5 94 1
5 100 1
5 102 1
5 110 1
5 112 1
5 113 3
5 125 1
5 131 2
5 141 1
5 145 1
5 150 6
5 160 1
5 161 1
5 165 1
5 170 3
5 173 1
5 175 7
5 176 10
5 178 1
5 179 4
5 180 5
5 185 12
5 186 2
5 188 1
5 189 1
5 197 1
5 210 1
5 215 2
5 217 1
5 226 2
5 229 1
5 230 4
5 234 2
5 242 2
5 246 2
5 251 2
5 259 1
5 260 1
5 279 1
5 317 3
5 327 1
5 328 2
5 338 1
5 344 1
5 369 2
5 371 7
5 382 1
5 383 1
5 408 1
5 413 1
5 435 1
5 438 2
5 444 1
5 460 1
5 466 2
5 480 3
5 481 1
5 482 1
5 483 1
5 484 2
5 485 1
5 486 1
5 487 2
5 488 1
5 489 3
5 490 3
5 491 2
5 492 5
5 493 1
5 494 1
5 495 2
5 496 3
5 497 1
5 498 1
5 499 2
5 500 1
5 501 1
5 502 1
5 503 1
5 504 2
5 505 1
5 506 1
5 507 1
5 508 2
5 509 2
5 510 5
5 511 1
5 512 3
5 513 1
5 514 2
5 515 1
5 516 1
5 517 1
5 518 1
5 519 6
5 520 1
5 521 1
5 522 2
5 523 1
5 524 2
5 525 1
5 526 1
5 527 1
5 528 1
5 529 1
5 530 12
5 531 15
5 532 2
5 533 4
5 534 2
5 535 1
5 536 1
5 537 1
5 538 1
5 539 6
5 540 3
5 541 1
5 542 1
5 543 1
5 544 1
5 545 1
5 546 4
5 547 1
5 548 1
5 549 15
5 550 1
5 551 1
5 552 2
5 553 1
6 1 1
6 3 1
6 6 9
6 10 1
6 14 4
6 16 3
6 25 3
6 26 1
6 30 1
6 34 8
6 42 2
6 48 1
6 49 2
6 51 1
6 53 3
6 55 1
6 56 2
6 63 1
6 67 2
6 69 1
6 75 2
6 80 4
6 94 2
6 97 2
6 102 1
6 108 1
6 110 1
6 115 1
6 131 1
6 137 1
6 147 1
6 150 6
6 153 1
6 159 10
6 160 1
6 168 1
6 170 2
6 175 10
6 176 9
6 177 1
6 178 9
6 181 1
6 182 1
6 184 2
6 185 4
6 186 3
6 191 1
6 193 2
6 195 1
6 210 1
6 211 1
6 213 7
6 215 2
6 242 1
6 243 1
6 246 10
6 247 1
6 251 1
6 254 1
6 255 4
6 256 1
6 257 2
6 259 2
6 266 1
6 274 2
6 277 1
6 278 1
6 279 1
6 290 11
6 300 1
6 314 1
6 341 1
6 343 1
6 344 1
6 360 1
6 386 2
6 389 1
6 399 1
6 408 1
6 412 1
6 418 1
6 420 1
6 426 1
6 430 1
6 437 1
6 444 1
6 461 2
6 462 1
6 472 2
6 477 1
6 480 2
6 481 1
6 490 1
6 491 1
6 494 1
6 504 2
6 508 3
6 516 3
6 517 5
6 519 2
6 530 3
6 535 1
6 536 1
6 538 4
6 540 3
6 549 30
6 554 1
6 555 1
6 556 3
6 557 5
6 558 1
6 559 2
6 560 2
6 561 4
6 562 1
6 563 1
6 564 6
6 565 8
6 566 1
6 567 1
6 568 8
6 569 1
6 570 3
6 571 5
6 572 8
6 573 1
6 574 1
6 575 1
6 576 1
6 577 2
6 578 1
6 579 1
6 580 1
6 581 1
6 582 1
6 583 3
6 584 1
6 585 3
6 586 1
6 587 1
6 588 2
6 589 2
6 590 2
6 591 3
6 592 1
6 593 2
6 594 3
6 595 1
6 596 1
6 597 3
6 598 1
6 599 1
6 600 6
6 601 1
6 602 1
6 603 1
6 604 1
6 605 1
6 606 1
6 607 5
6 608 1
6 609 1
6 610 1
6 611 3
6 612 1
6 613 1
6 614 3
6 615 1
6 616 1
6 617 1
6 618 1
6 619 1
6 620 1
6 621 1
6 622 2
6 623 1
6 624 1
6 625 2
6 626 1
6 627 2
6 628 3
6 629 1
6 630 4
6 631 1
6 632 1
6 633 2
6 634 1
6 635 1
6 636 1
6 637 1
6 638 1
6 639 1
6 640 1
6 641 3
6 642 4
6 643 1
6 644 1
6 645 7
6 646 1
6 647 1
6 648 1
6 649 1
6 650 2
6 651 1
7 1 2
7 2 1
7 3 5
7 4 1
7 10 1
7 14 7
7 15 8
7 26 1
7 28 1
7 30 3
7 34 7
7 37 3
7 42 2
7 45 1
7 48 1
7 53 8
7 54 1
7 55 1
7 56 3
7 57 1
7 60 6
7 61 1
7 67 11
7 69 1
7 71 1
7 75 4
7 79 1
7 80 4
7 81 1
7 88 3
7 91 1
7 94 3
7 105 2
7 107 1
7 110 1
7 112 4
7 115 1
7 116 1
7 131 1
7 134 1
7 136 1
7 137 8
7 147 1
7 149 4
7 150 8
7 152 2
7 156 1
7 159 1
7 160 1
7 168 3
7 170 1
7 175 9
7 176 3
7 178 4
7 182 2
7 185 7
7 186 6
7 192 2
7 193 6
7 195 2
7 197 3
7 204 1
7 206 6
7 207 2
7 210 2
7 211 3
7 213 3
7 215 2
7 224 2
7 226 1
7 230 2
7 232 2
7 233 2
7 236 1
7 237 1
7 242 3
7 243 1
7 244 10
7 246 1
7 247 1
7 251 1
7 255 8
7 256 1
7 257 5
7 259 1
7 264 1
7 267 1
7 278 5
7 280 3
7 283 1
7 285 1
7 287 1
7 300 2
7 303 1
7 310 1
7 313 1
7 320 1
7 337 1
7 338 1
7 340 3
7 341 1
7 342 1
7 344 1
7 354 1
7 360 1
7 369 1
7 389 1
7 398 1
7 408 2
7 414 1
7 430 1
7 437 2
7 438 1
7 460 5
7 461 6
7 482 3
7 493 3
7 500 2
7 504 1
7 518 3
7 523 2
7 549 5
7 560 1
7 564 6
7 574 1
7 581 1
7 600 1
7 619 1
7 652 1
7 653 1
7 654 1
7 655 2
7 656 1
7 657 1
7 658 1
7 659 1
7 660 2
7 661 1
7 662 1
7 663 1
7 664 1
7 665 1
7 666 1
7 667 1
7 668 1
7 669 1
7 670 1
7 671 1
7 672 1
7 673 1
7 674 1
7 675 1
7 676 1
7 677 1
7 678 1
7 679 2
7 680 1
7 681 1
7 682 1
7 683 1
7 684 4
7 685 1
7 686 1
7 687 1
7 688 1
7 689 2
7 690 1
7 691 1
7 692 1
7 693 1
7 694 7
7 695 1
7 696 1
7 697 1
7 698 1
7 699 2
7 700 2
7 701 1
7 702 2
7 703 3
7 704 1
7 705 1
7 706 2
7 707 1
7 708 1
7 709 3
7 710 1
7 711 1
7 712 1
7 713 1
7 714 1
7 715 1
7 716 6
7 717 1
7 718 31
8 3 1
8 10 3
8 14 5
8 15 4
8 19 1
8 30 3
8 34 1
8 37 1
8 42 2
8 52 3
8 56 2
8 57 1
8 58 1
8 69 1
8 70 1
8 75 1
8 77 21
8 80 4
8 88 1
8 94 1
8 105 1
8 108 1
8 109 1
8 110 1
8 116 1
8 130 1
8 131 1
8 142 1
8 145 31
8 150 8
8 152 1
8 156 1
8 160 1
8 162 1
8 165 1
8 176 4
8 177 1
8 178 5
8 179 1
8 182 2
8 185 2
8 186 1
8 189 1
8 193 9
8 195 4
8 196 2
8 197 2
8 204 3
8 206 1
8 207 2
8 210 1
8 211 2
8 215 1
8 218 2
8 220 1
8 224 2
8 234 1
8 235 1
8 236 1
8 237 1
8 241 2
8 246 5
8 248 1
8 251 1
8 259 1
8 260 1
8 264 1
8 284 1
8 303 1
8 340 1
8 344 2
8 358 2
8 369 1
8 371 7
8 382 1
8 386 3
8 389 4
8 391 1
8 401 3
8 402 1
8 404 1
8 425 9
8 428 2
8 432 3
8 433 1
8 437 2
8 447 8
8 452 5
8 454 2
8 460 1
8 462 1
8 473 2
8 494 1
8 505 1
8 523 1
8 530 1
8 540 2
8 564 2
8 580 1
8 668 1
8 684 1
8 686 1
8 692 1
8 715 1
8 717 4
8 719 1
8 720 1
8 721 2
8 722 1
8 723 1
8 724 1
8 725 2
8 726 4
8 727 2
8 728 2
8 729 1
8 730 1
8 731 1
8 732 1
8 733 1
8 734 3
8 735 1
8 736 1
8 737 1
8 738 1
8 739 1
8 740 1
8 741 1
8 742 1
8 743 1
8 744 1
8 745 2
8 746 1
8 747 1
8 748 1
8 749 1
8 750 3
8 751 2
8 752 10
8 753 1
8 754 1
8 755 1
8 756 1
8 757 1
8 758 1
8 759 1
8 760 1
8 761 1
9 14 1
9 130 1
9 233 1
9 316 1
9 327 1
9 343 1
9 418 1
9 461 1
9 762 1
9 763 1
9 764 3
9 765 1
9 766 1
9 767 1
9 768 2
9 769 1
9 770 1
9 771 1
10 1 1
10 3 3
10 7 1
10 10 1
10 14 3
10 26 1
10 28 1
10 30 1
10 34 4
10 36 1
10 39 1
10 42 4
10 43 1
10 44 4
10 51 1
10 53 4
10 55 1
10 56 6
10 57 1
10 60 1
10 69 1
10 75 1
10 77 20
10 79 1
10 80 3
10 87 4
10 94 1
10 97 1
10 105 2
10 108 1
10 110 1
10 112 1
10 115 1
10 118 1
10 128 1
10 136 1
10 142 2
10 145 16
10 147 1
10 150 5
10 152 1
10 153 2
10 156 1
10 159 4
10 160 1
10 170 2
10 175 9
10 176 4
10 177 1
10 178 2
10 182 1
10 185 5
10 186 1
10 192 5
10 193 15
10 197 1
10 210 2
10 213 1
10 215 2
10 216 7
10 218 3
10 242 4
10 246 11
10 251 1
10 254 1
10 259 1
10 274 1
10 285 1
10 290 16
10 297 2
10 303 2
10 320 7
10 368 1
10 371 16
10 389 2
10 407 2
10 408 3
10 423 3
10 425 3
10 433 1
10 437 2
10 460 15
10 461 1
10 462 2
10 477 1
10 478 1
10 481 1
10 490 2
10 491 1
10 492 1
10 500 1
10 511 1
10 514 1
10 517 2
10 523 1
10 530 6
10 534 2
10 542 2
10 549 16
10 564 4
10 570 1
10 574 1
10 581 3
10 618 1
10 668 1
10 691 1
10 692 4
10 697 1
10 706 1
10 708 2
10 717 1
10 719 4
10 743 1
10 758 1
10 761 1
10 766 2
10 771 5
10 772 1
10 773 1
10 774 1
10 775 3
10 776 1
10 777 1
10 778 1
10 779 2
10 780 11
10 781 2
10 782 1
10 783 2
10 784 1
10 785 2
10 786 1
10 787 3
10 788 1
10 789 2
10 790 3
10 791 5
10 792 3
10 793 1
10 794 1
10 795 1
10 796 3
10 797 1
10 798 1
10 799 1
10 800 2
10 801 1
10 802 1
10 803 8
10 804 23
10 805 2
11 3 1
11 10 4
11 14 4
11 15 7
11 26 1
11 30 3
11 34 1
11 37 12
11 42 4
11 44 1
11 47 1
11 53 5
11 54 6
11 56 3
11 57 1
11 66 1
11 67 3
11 69 1
11 75 2
11 80 5
11 88 1
11 94 1
11 100 1
11 105 1
11 108 1
11 110 1
11 115 1
11 116 2
11 131 2
11 140 2
11 143 2
11 147 1
11 150 9
11 160 1
11 168 1
11 170 2
11 175 1
11 182 1
11 185 6
11 195 1
11 204 1
11 206 2
11 207 9
11 211 1
11 214 2
11 215 4
11 224 2
11 230 1
11 232 8
11 233 10
11 236 1
11 237 1
11 242 4
11 246 3
11 251 1
11 259 1
11 261 1
11 264 1
11 277 1
11 278 2
11 279 1
11 281 3
11 287 1
11 295 3
11 310 1
11 320 1
11 337 1
11 338 1
11 341 1
11 344 1
11 345 1
11 377 4
11 382 1
11 390 2
11 405 1
11 409 4
11 416 1
11 432 1
11 438 1
11 448 1
11 463 2
11 507 2
11 581 1
11 597 1
11 619 1
11 626 1
11 702 1
11 715 1
11 717 2
11 745 1
11 747 1
11 755 1
11 791 1
11 792 1
11 799 1
11 806 7
11 807 1
11 808 3
11 809 4
11 810 10
11 811 1
11 812 1
11 813 1
11 814 1
11 815 1
11 816 2
11 817 1
11 818 1
11 819 3
11 820 1
11 821 1
11 822 1
11 823 1
11 824 1
11 825 1
11 826 1
11 827 1
11 828 1
11 829 1
11 830 1
11 831 1
11 832 11
11 833 1
11 834 1
11 835 1
11 836 1
11 837 1
11 838 1
12 3 14
12 10 8
12 13 1
12 14 3
12 15 7
12 26 1
12 30 3
12 34 3
12 37 6
12 42 3
12 44 1
12 53 4
12 56 2
12 57 2
12 59 1
12 60 2
12 64 12
12 69 1
12 70 1
12 73 1
12 75 1
12 80 5
12 88 2
12 94 1
12 100 1
12 105 2
12 110 1
12 112 1
12 115 1
12 116 1
12 123 1
12 128 1
12 131 2
12 134 1
12 140 3
12 143 8
12 147 1
12 149 1
12 150 9
12 152 2
12 160 1
12 170 3
12 178 4
12 179 5
12 181 2
12 182 2
12 185 14
12 186 4
12 192 7
12 196 2
12 197 1
12 199 2
12 206 7
12 207 3
12 210 2
12 211 1
12 213 1
12 215 13
12 217 1
12 218 3
12 220 2
12 224 2
12 232 3
12 233 10
12 235 1
12 236 1
12 237 1
12 242 3
12 251 3
12 256 1
12 259 1
12 261 1
12 264 1
12 269 1
12 272 1
12 279 1
12 306 1
12 338 1
12 344 1
12 360 3
12 389 5
12 405 1
12 437 1
12 438 8
12 467 1
12 488 1
12 500 2
12 506 11
12 507 1
12 511 1
12 523 4
12 530 2
12 538 1
12 594 9
12 618 1
12 625 1
12 631 1
12 668 2
12 691 2
12 697 1
12 706 3
12 732 1
12 758 1
12 760 1
12 788 1
12 789 1
12 799 1
12 802 1
12 804 1
12 810 5
12 817 1
12 820 1
12 822 1
12 824 3
12 828 1
12 832 12
12 839 1
12 840 1
12 841 1
12 842 1
12 843 1
12 844 6
12 845 1
12 846 1
12 847 1
12 848 1
12 849 2
12 850 1
12 851 3
12 852 1
12 853 3
12 854 1
12 855 1
12 856 2
12 857 1
12 858 6
12 859 2
12 860 4
12 861 1
12 862 1
12 863 1
12 864 1
12 865 2
12 866 1
12 867 1
12 868 1
12 869 1
12 870 1
12 871 1
12 872 1
12 873 2
12 874 1
12 875 1
12 876 2
12 877 1
13 2 2
13 3 4
13 6 3
13 10 6
13 12 1
13 14 4
13 15 16
13 26 1
13 28 1
13 30 1
13 34 4
13 37 2
13 42 2
13 44 2
13 53 4
13 55 2
13 56 2
13 57 2
13 60 1
13 67 1
13 69 1
13 75 1
13 77 3
13 79 2
13 80 2
13 87 4
13 88 4
13 93 2
13 94 2
13 100 1
13 108 4
13 110 1
13 115 1
13 123 1
13 124 1
13 141 1
13 142 1
13 145 5
13 146 1
13 147 1
13 150 4
13 160 2
13 162 1
13 164 2
13 168 1
13 170 3
13 173 1
13 175 1
13 176 3
13 178 10
13 179 2
13 182 14
13 185 4
13 186 2
13 193 18
13 199 1
13 204 2
13 206 1
13 211 2
13 213 3
13 215 2
13 217 1
13 218 2
13 246 3
13 248 3
13 251 2
13 255 1
13 256 1
13 259 1
13 266 1
13 269 1
13 271 2
13 283 1
13 285 1
13 300 2
13 342 1
13 344 3
13 345 1
13 350 1
13 355 1
13 358 4
13 368 1
13 371 29
13 378 1
13 384 1
13 387 2
13 401 1
13 402 3
13 410 1
13 411 1
13 412 1
13 418 30
13 422 1
13 428 1
13 435 1
13 437 2
13 438 1
13 462 2
13 466 1
13 482 2
13 488 2
13 492 1
13 493 1
13 529 1
13 535 2
13 580 2
13 694 4
13 702 1
13 706 1
13 717 1
13 747 2
13 753 6
13 758 1
13 785 2
13 791 2
13 823 1
13 878 1
13 879 3
13 880 1
13 881 1
13 882 1
13 883 1
13 884 1
13 885 1
13 886 2
13 887 1
13 888 1
13 889 1
13 890 2
13 891 1
13 892 2
13 893 1
13 894 1
13 895 1
13 896 1
13 897 10
13 898 2
13 899 4
13 900 1
13 901 1
13 902 1
13 903 1
13 904 1
13 905 1
13 906 5
13 907 2
13 908 2
13 909 3
13 910 1
13 911 4
13 912 1
13 913 1
13 914 1
13 915 2
13 916 1
13 917 1
13 918 1
13 919 1
13 920 1
13 921 1
13 922 1
13 923 1
13 924 1
13 925 1
13 926 1
13 927 1
13 928 1
13 929 1
13 930 2
13 931 1
14 2 1
14 3 2
14 10 2
14 14 5
14 15 17
14 19 1
14 24 1
14 26 1
14 30 3
14 34 3
14 37 1
14 42 2
14 44 1
14 53 3
14 54 1
14 55 1
14 56 2
14 57 3
14 59 1
14 69 1
14 75 3
14 79 2
14 80 5
14 87 1
14 88 2
14 94 3
14 100 1
14 105 3
14 109 1
14 110 1
14 112 3
14 115 1
14 116 1
14 118 1
14 123 1
14 127 17
14 128 1
14 130 1
14 131 3
14 137 1
14 140 4
14 143 8
14 147 1
14 149 1
14 150 9
14 158 1
14 160 2
14 164 1
14 170 1
14 175 8
14 176 1
14 178 2
14 182 1
14 185 5
14 186 2
14 190 1
14 192 1
14 193 1
14 196 1
14 199 3
14 204 1
14 206 1
14 207 2
14 213 1
14 215 2
14 224 2
14 226 1
14 232 5
14 233 8
14 236 1
14 237 1
14 242 2
14 246 1
14 251 5
14 259 1
14 261 1
14 264 1
14 279 1
14 281 3
14 283 1
14 285 2
14 286 1
14 310 1
14 317 1
14 320 3
14 338 1
14 349 1
14 350 1
14 386 1
14 389 2
14 401 1
14 402 2
14 411 1
14 416 1
14 423 1
14 428 1
14 435 2
14 437 1
14 438 1
14 447 1
14 455 1
14 458 1
14 462 2
14 466 1
14 475 1
14 490 1
14 492 2
14 500 2
14 504 1
14 506 1
14 516 1
14 523 1
14 540 1
14 614 4
14 626 1
14 628 3
14 681 1
14 690 1
14 694 1
14 702 1
14 706 1
14 717 1
14 726 1
14 735 1
14 758 1
14 759 1
14 770 5
14 792 1
14 798 2
14 799 1
14 808 1
14 810 9
14 817 1
14 819 1
14 832 14
14 835 2
14 836 1
14 873 2
14 881 2
14 883 1
14 885 1
14 895 1
14 902 1
14 932 1
14 933 1
14 934 3
14 935 1
14 936 1
14 937 1
14 938 2
14 939 2
14 940 1
14 941 1
14 942 1
14 943 1
14 944 1
14 945 1
14 946 1
14 947 1
14 948 1
14 949 8
14 950 1
14 951 1
14 952 1
14 953 1
14 954 2
14 955 1
14 956 1
14 957 1
14 958 1
14 959 1
14 960 2
14 961 1
14 962 1
14 963 1
14 964 1
14 965 2
14 966 4
14 967 16
14 968 1
14 969 1
14 970 3
14 971 1
14 972 1
15 1 1
15 3 9
15 14 4
15 15 26
15 16 1
15 26 1
15 27 2
15 34 3
15 37 4
15 42 2
15 48 1
15 52 2
15 53 4
15 55 1
15 56 3
15 57 2
15 60 1
15 66 1
15 67 1
15 73 1
15 74 1
15 75 1
15 80 1
15 87 4
15 89 1
15 94 1
15 97 2
15 98 1
15 105 4
15 107 2
15 110 1
15 112 4
15 115 1
15 118 1
15 123 2
15 130 1
15 134 1
15 136 3
15 139 1
15 140 1
15 141 2
15 145 15
15 147 1
15 148 1
15 150 1
15 152 1
15 153 3
15 156 2
15 159 4
15 160 1
15 168 2
15 169 2
15 170 2
15 175 13
15 176 10
15 178 4
15 181 1
15 182 1
15 184 5
15 185 10
15 186 2
15 192 1
15 193 1
15 195 1
15 196 1
15 206 9
15 210 9
15 211 9
15 213 3
15 226 1
15 235 1
15 242 2
15 243 1
15 244 1
15 246 16
15 251 1
15 255 3
15 259 3
15 261 2
15 271 2
15 282 2
15 285 5
15 288 3
15 306 1
15 310 1
15 315 1
15 318 1
15 320 1
15 337 1
15 338 1
15 343 2
15 344 3
15 354 1
15 360 2
15 362 1
15 368 4
15 371 17
15 374 1
15 384 2
15 389 1
15 390 1
15 407 3
15 408 1
15 416 1
15 423 8
15 428 2
15 433 1
15 437 1
15 460 8
15 462 2
15 466 3
15 467 3
15 477 2
15 478 6
15 480 2
15 482 1
15 483 1
15 484 1
15 490 7
15 500 3
15 504 1
15 508 1
15 509 2
15 519 2
15 523 1
15 530 4
15 534 2
15 535 2
15 537 1
15 540 1
15 542 4
15 549 13
15 564 4
15 568 1
15 574 2
15 576 1
15 580 2
15 593 12
15 596 1
15 600 2
15 623 1
15 628 2
15 655 2
15 661 1
15 666 1
15 668 1
15 679 1
15 691 10
15 727 1
15 732 1
15 736 1
15 758 3
15 759 1
15 765 2
15 772 1
15 774 1
15 776 2
15 780 1
15 782 6
15 790 4
15 792 1
15 794 1
15 795 2
15 798 2
15 800 1
15 803 5
15 807 1
15 822 2
15 850 1
15 862 1
15 907 2
15 916 1
15 925 1
15 928 9
15 936 1
15 947 2
15 952 1
15 961 1
15 968 1
15 973 1
15 974 1
15 975 2
15 976 1
15 977 1
15 978 2
15 979 2
15 980 2
15 981 1
15 982 1
15 983 1
15 984 1
15 985 2
15 986 1
15 987 1
15 988 1
15 989 1
15 990 1
15 991 2
15 992 5
15 993 1
15 994 2
15 995 1
15 996 1
15 997 9
15 998 9
15 999 1
15 1000 1
15 1001 2
15 1002 1
15 1003 3
15 1004 2
15 1005 1
15 1006 1
15 1007 1
15 1008 1
15 1009 1
15 1010 1
15 1011 1
15 1012 1
15 1013 3
15 1014 1
15 1015 1
15 1016 1
15 1017 1
15 1018 1
15 1019 1
15 1020 1
16 1 2
16 2 4
16 3 3
16 11 1
16 13 1
16 14 18
16 15 18
16 19 2
16 21 8
16 27 1
16 30 1
16 34 1
16 37 1
16 42 4
16 44 1
16 45 4
16 51 1
16 53 1
16 56 1
16 57 6
16 60 3
16 66 3
16 67 1
16 69 1
16 73 5
16 75 1
16 80 2
16 87 4
16 94 1
16 96 1
16 100 1
16 108 2
16 112 7
16 115 1
16 117 3
16 130 6
16 131 2
16 134 1
16 141 3
16 143 1
16 146 7
16 147 1
16 150 4
16 156 1
16 158 1
16 160 1
16 165 1
16 170 3
16 176 2
16 177 2
16 178 7
16 182 3
16 185 6
16 186 1
16 197 3
16 205 3
16 210 1
16 211 1
16 215 1
16 218 13
16 220 1
16 221 1
16 222 6
16 226 1
16 227 2
16 240 5
16 241 1
16 248 1
16 249 1
16 254 1
16 259 2
16 260 1
16 261 3
16 269 2
16 270 5
16 271 1
16 286 1
16 289 1
16 298 1
16 302 1
16 306 2
16 326 1
16 341 3
16 344 4
16 345 1
16 354 1
16 355 1
16 360 2
16 362 1
16 366 1
16 381 1
16 382 1
16 385 2
16 389 6
16 402 2
16 407 1
16 412 1
16 415 1
16 418 4
16 428 2
16 430 2
16 433 5
16 435 1
16 438 2
16 440 2
16 449 5
16 461 1
16 475 2
16 480 1
16 483 1
16 486 1
16 488 1
16 497 1
16 499 1
16 507 1
16 523 8
16 535 1
16 538 4
16 542 1
16 559 1
16 560 2
16 562 1
16 567 1
16 576 1
16 598 1
16 603 1
16 609 1
16 617 2
16 636 1
16 644 2
16 652 2
16 681 1
16 682 1
16 702 10
16 727 1
16 742 2
16 753 1
16 785 1
16 810 1
16 814 1
16 817 2
16 833 1
16 842 1
16 853 1
16 871 1
16 904 3
16 920 1
16 925 21
16 934 2
16 939 1
16 962 1
16 1001 2
16 1021 1
16 1022 2
16 1023 1
16 1024 1
16 1025 3
16 1026 1
16 1027 1
16 1028 1
16 1029 1
16 1030 1
16 1031 1
16 1032 1
16 1033 3
16 1034 3
16 1035 1
16 1036 1
16 1037 2
16 1038 1
16 1039 1
16 1040 2
16 1041 1
16 1042 3
16 1043 1
16 1044 1
16 1045 1
16 1046 1
16 1047 1
16 1048 2
16 1049 1
16 1050 1
16 1051 2
16 1052 1
16 1053 1
16 1054 3
16 1055 1
16 1056 1
16 1057 1
16 1058 1
16 1059 1
16 1060 1
16 1061 1
16 1062 2
16 1063 1
16 1064 1
16 1065 6
16 1066 1
16 1067 1
16 1068 2
16 1069 1
16 1070 1
16 1071 1
16 1072 2
16 1073 1
16 1074 1
16 1075 1
16 1076 1
16 1077 1
16 1078 2
16 1079 2
16 1080 1
16 1081 1
16 1082 1
16 1083 2
16 1084 1
16 1085 1
16 1086 2
16 1087 2
16 1088 2
16 1089 1
16 1090 3
16 1091 2
16 1092 1
16 1093 1
16 1094 1
16 1095 1
16 1096 1
16 1097 1
16 1098 1
16 1099 1
16 1100 1
16 1101 1
16 1102 2
16 1103 1
16 1104 1
16 1105 1
16 1106 1
16 1107 1
16 1108 1
16 1109 1
16 1110 1
16 1111 1
16 1112 1
16 1113 2
16 1114 1
16 1115 1
16 1116 1
16 1117 3
16 1118 1
16 1119 1
16 1120 2
16 1121 1
16 1122 1
16 1123 11
16 1124 3
16 1125 3
16 1126 47
16 1127 1
16 1128 3
16 1129 5
16 1130 1
16 1131 4
16 1132 1
16 1133 2
16 1134 3
16 1135 1
16 1136 1
16 1137 1
16 1138 3
16 1139 1
16 1140 1
16 1141 1
16 1142 4
16 1143 1
16 1144 3
16 1145 2
16 1146 1
16 1147 1
16 1148 1
16 1149 1
16 1150 1
16 1151 1
16 1152 13
16 1153 3
16 1154 1
16 1155 1
16 1156 1
16 1157 1
16 1158 1
17 3 1
17 8 3
17 10 3
17 14 1
17 29 1
17 34 1
17 37 1
17 45 1
17 52 2
17 53 2
17 54 1
17 58 2
17 63 1
17 67 3
17 77 1
17 80 1
17 81 1
17 88 1
17 89 2
17 102 1
17 109 1
17 117 2
17 136 1
17 138 3
17 145 1
17 152 1
17 153 1
17 168 1
17 175 4
17 176 1
17 193 1
17 195 2
17 207 1
17 210 1
17 215 1
17 222 1
17 233 2
17 239 1
17 242 2
17 248 3
17 249 2
17 259 1
17 260 2
17 261 3
17 281 1
17 290 6
17 303 1
17 312 1
17 314 1
17 344 1
17 358 1
17 371 1
17 387 1
17 389 1
17 391 1
17 403 1
17 420 1
17 428 2
17 433 1
17 437 2
17 438 1
17 460 1
17 461 1
17 475 1
17 490 1
17 535 1
17 564 1
17 581 1
17 594 1
17 706 1
17 725 2
17 728 1
17 785 1
17 832 1
17 903 1
17 916 1
17 919 1
17 930 1
17 1055 1
17 1096 1
17 1101 1
17 1145 1
17 1159 1
17 1160 1
17 1161 1
17 1162 1
17 1163 1
17 1164 1
17 1165 1
17 1166 1
17 1167 1
17 1168 1
17 1169 1
17 1170 1
17 1171 10
17 1172 1
17 1173 1
17 1174 2
17 1175 1
17 1176 1
17 1177 1
17 1178 2
17 1179 1
18 3 4
18 10 2
18 14 7
18 15 3
18 16 2
18 34 2
18 36 1
18 51 2
18 56 2
18 63 1
18 66 1
18 71 1
18 78 1
18 81 1
18 105 6
18 108 1
18 119 1
18 130 1
18 141 1
18 146 1
18 152 1
18 176 1
18 177 1
18 186 4
18 188 1
18 192 1
18 195 2
18 204 1
18 239 1
18 278 2
18 282 1
18 297 12
18 303 2
18 325 1
18 328 1
18 338 1
18 344 1
18 389 1
18 437 1
18 449 1
18 461 1
18 490 1
18 517 1
18 529 1
18 530 2
18 544 1
18 628 1
18 667 1
18 669 1
18 725 1
18 745 1
18 769 1
18 809 1
18 813 1
18 849 1
18 882 1
18 903 1
18 920 2
18 1001 1
18 1095 1
18 1096 1
18 1117 1
18 1126 1
18 1143 1
18 1152 1
18 1166 1
18 1180 3
18 1181 3
18 1182 1
18 1183 1
18 1184 1
18 1185 2
18 1186 1
18 1187 1
18 1188 1
18 1189 1
18 1190 1
18 1191 2
18 1192 1
18 1193 1
19 2 2
19 3 4
19 10 2
19 13 1
19 14 4
19 15 5
19 16 2
19 34 1
19 36 1
19 37 1
19 51 2
19 56 1
19 63 1
19 78 1
19 81 1
19 97 3
19 105 3
19 108 1
19 120 1
19 123 1
19 130 2
19 134 1
19 137 1
19 141 1
19 152 1
19 159 1
19 176 1
19 177 1
19 185 1
19 186 4
19 193 3
19 205 1
19 211 2
19 222 1
19 226 2
19 239 1
19 257 1
19 261 1
19 269 1
19 297 12
19 303 1
19 322 1
19 369 2
19 385 1
19 423 1
19 437 1
19 449 1
19 455 2
19 460 1
19 490 1
19 507 1
19 511 1
19 517 1
19 534 1
19 535 1
19 536 1
19 564 1
19 568 3
19 619 1
19 628 1
19 667 1
19 669 1
19 725 1
19 767 2
19 768 1
19 779 1
19 813 2
19 847 2
19 896 1
19 907 1
19 930 1
19 1056 1
19 1095 1
19 1096 1
19 1117 2
19 1166 1
19 1180 1
19 1182 1
19 1184 1
19 1186 1
19 1193 1
19 1194 1
19 1195 2
19 1196 1
19 1197 1
19 1198 1
19 1199 1
19 1200 1
19 1201 1
20 2 1
20 10 1
20 14 4
20 15 2
20 19 1
20 24 1
20 26 1
20 34 1
20 37 5
20 57 1
20 60 1
20 67 1
20 75 1
20 80 1
20 87 8
20 88 1
20 102 1
20 109 1
20 116 2
20 119 1
20 143 3
20 146 2
20 150 1
20 152 1
20 153 1
20 168 1
20 175 6
20 176 11
20 179 2
20 181 1
20 182 3
20 185 2
20 196 1
20 197 1
20 210 1
20 215 2
20 220 2
20 232 1
20 239 1
20 240 1
20 242 1
20 246 1
20 249 1
20 252 1
20 256 1
20 259 1
20 260 3
20 261 1
20 269 1
20 272 1
20 273 1
20 277 1
20 290 6
20 294 1
20 315 2
20 317 1
20 320 1
20 344 1
20 355 1
20 361 1
20 368 1
20 371 1
20 389 1
20 390 1
20 428 1
20 437 1
20 440 2
20 455 1
20 462 1
20 493 1
20 506 1
20 517 1
20 578 1
20 592 2
20 619 1
20 667 1
20 693 1
20 717 1
20 799 1
20 803 2
20 804 1
20 810 1
20 832 1
20 834 1
20 868 2
20 949 1
20 1012 1
20 1042 1
20 1074 1
20 1082 1
20 1101 1
20 1118 2
20 1152 1
20 1165 1
20 1182 1
20 1199 2
20 1202 2
20 1203 1
20 1204 1
20 1205 1
20 1206 1
20 1207 1
20 1208 1
20 1209 1
20 1210 1
20 1211 1
20 1212 1
20 1213 1
20 1214 1
20 1215 1
20 1216 1
20 1217 1
20 1218 1
20 1219 2
20 1220 1
20 1221 1
20 1222 1
20 1223 1
20 1224 2
20 1225 1
20 1226 1
20 1227 1
20 1228 1
20 1229 1
20 1230 1
20 1231 1
21 4 2
21 14 6
21 25 1
21 37 7
21 80 1
21 87 4
21 89 2
21 100 1
21 113 3
21 118 2
21 130 1
21 149 1
21 150 1
21 153 1
21 176 5
21 180 2
21 182 1
21 197 1
21 211 2
21 215 3
21 227 2
21 238 1
21 242 1
21 259 2
21 274 1
21 290 7
21 314 1
21 344 1
21 373 1
21 414 1
21 437 2
21 440 1
21 473 1
21 475 1
21 489 1
21 492 2
21 511 1
21 516 1
21 520 1
21 533 1
21 541 1
21 542 1
21 667 1
21 766 1
21 790 1
21 883 1
21 952 1
21 1001 1
21 1011 2
21 1054 1
21 1112 1
21 1175 1
21 1202 1
21 1215 1
21 1218 1
21 1220 1
21 1224 1
21 1226 1
21 1229 1
21 1232 1
21 1233 1
21 1234 1
21 1235 1
21 1236 1
21 1237 1
21 1238 1
21 1239 1
21 1240 1
21 1241 1
21 1242 1
21 1243 1
21 1244 3
21 1245 1
21 1246 1
21 1247 1
21 1248 1
21 1249 1
21 1250 1
22 1 1
22 3 4
22 10 2
22 12 2
22 14 7
22 15 6
22 16 2
22 18 2
22 19 2
22 26 1
22 30 1
22 34 3
22 37 3
22 42 1
22 45 1
22 48 1
22 55 3
22 57 1
22 63 1
22 69 1
22 75 2
22 78 1
22 80 2
22 87 4
22 88 2
22 89 1
22 94 1
22 100 1
22 102 1
22 105 1
22 109 2
22 112 2
22 116 1
22 124 1
22 127 1
22 128 4
22 129 1
22 130 1
22 136 1
22 137 1
22 141 2
22 150 4
22 153 1
22 158 1
22 160 1
22 165 1
22 168 1
22 170 2
22 175 3
22 185 4
22 186 2
22 191 1
22 195 1
22 206 4
22 207 1
22 215 1
22 216 2
22 218 2
22 226 1
22 240 1
22 242 1
22 248 1
22 256 1
22 257 3
22 259 2
22 260 1
22 266 2
22 269 4
22 271 1
22 286 1
22 290 2
22 297 2
22 300 1
22 306 2
22 360 2
22 377 1
22 389 1
22 401 1
22 448 3
22 455 1
22 489 18
22 490 8
22 493 1
22 495 1
22 498 1
22 499 1
22 524 2
22 539 2
22 578 1
22 619 1
22 655 1
22 676 2
22 693 3
22 722 1
22 798 1
22 843 1
22 864 1
22 883 2
22 889 1
22 949 18
22 952 1
22 953 2
22 1001 6
22 1016 2
22 1128 2
22 1129 2
22 1132 1
22 1152 1
22 1167 6
22 1171 1
22 1194 1
22 1224 1
22 1251 1
22 1252 1
22 1253 1
22 1254 2
22 1255 1
22 1256 1
22 1257 1
22 1258 2
22 1259 7
22 1260 1
22 1261 1
22 1262 1
22 1263 2
22 1264 1
22 1265 1
22 1266 2
22 1267 1
22 1268 1
22 1269 1
22 1270 6
22 1271 1
22 1272 1
22 1273 1
22 1274 1
22 1275 1
22 1276 1
22 1277 1
23 2 2
23 3 1
23 10 7
23 13 1
23 14 8
23 15 1
23 18 1
23 19 1
23 26 1
23 27 1
23 37 6
23 42 1
23 51 5
23 53 2
23 55 1
23 57 2
23 59 2
23 60 2
23 63 2
23 77 2
23 88 8
23 89 1
23 97 2
23 100 1
23 110 1
23 116 1
23 120 1
23 123 1
23 127 1
23 128 1
23 130 2
23 131 2
23 141 1
23 144 3
23 145 5
23 146 1
23 152 2
23 156 1
23 162 1
23 164 1
23 170 1
23 172 1
23 174 1
23 175 2
23 176 2
23 178 6
23 179 6
23 181 4
23 184 11
23 185 7
23 186 2
23 188 3
23 193 5
23 195 3
23 196 1
23 197 2
23 204 1
23 205 1
23 206 1
23 207 1
23 215 1
23 222 1
23 233 4
23 235 1
23 246 3
23 248 1
23 252 4
23 255 2
23 260 1
23 261 1
23 273 5
23 281 1
23 288 1
23 290 6
23 294 1
23 298 1
23 300 2
23 303 4
23 317 2
23 322 1
23 330 9
23 344 1
23 345 2
23 352 1
23 353 1
23 354 5
23 358 5
23 371 2
23 386 1
23 398 1
23 401 1
23 402 10
23 405 1
23 407 1
23 414 15
23 420 1
23 423 3
23 428 1
23 432 2
23 436 1
23 437 1
23 438 4
23 448 1
23 450 1
23 452 1
23 454 1
23 460 1
23 468 1
23 475 1
23 476 3
23 477 1
23 478 1
23 479 1
23 488 3
23 490 1
23 506 1
23 511 2
23 523 1
23 563 2
23 564 3
23 598 1
23 628 1
23 631 3
23 700 1
23 710 1
23 715 2
23 717 1
23 726 7
23 728 6
23 733 1
23 753 1
23 768 1
23 771 4
23 778 3
23 785 1
23 789 1
23 798 1
23 799 1
23 828 1
23 832 1
23 843 1
23 879 1
23 885 1
23 909 2
23 921 1
23 1037 1
23 1041 6
23 1046 1
23 1051 1
23 1092 1
23 1125 2
23 1144 1
23 1169 1
23 1175 1
23 1195 1
23 1199 1
23 1201 1
23 1205 1
23 1206 2
23 1238 1
23 1261 1
23 1277 1
23 1278 1
23 1279 2
23 1280 1
23 1281 1
23 1282 1
23 1283 1
23 1284 1
23 1285 1
23 1286 1
23 1287 1
23 1288 3
23 1289 3
23 1290 1
23 1291 1
23 1292 1
23 1293 2
23 1294 1
23 1295 1
23 1296 2
23 1297 2
23 1298 1
23 1299 2
23 1300 1
23 1301 1
23 1302 2
23 1303 1
23 1304 1
23 1305 1
23 1306 1
23 1307 1
23 1308 1
23 1309 1
23 1310 1
23 1311 1
23 1312 1
23 1313 2
23 1314 1
23 1315 1
24 2 1
24 3 4
24 7 2
24 10 3
24 14 6
24 15 2
24 16 1
24 26 1
24 28 1
24 30 2
24 34 4
24 37 2
24 39 1
24 42 2
24 45 1
24 52 6
24 53 2
24 54 1
24 56 5
24 57 3
24 58 1
24 59 1
24 67 4
24 69 1
24 75 2
24 80 6
24 87 3
24 89 2
24 94 1
24 99 1
24 100 1
24 105 1
24 110 1
24 112 3
24 113 1
24 124 1
24 138 10
24 140 1
24 150 8
24 152 1
24 153 1
24 160 2
24 162 1
24 165 1
24 168 1
24 170 1
24 175 11
24 176 4
24 178 2
24 179 1
24 182 1
24 185 2
24 186 1
24 189 1
24 193 1
24 195 3
24 207 1
24 210 2
24 218 2
24 220 2
24 224 1
24 225 1
24 242 5
24 249 1
24 251 1
24 259 1
24 260 1
24 285 2
24 290 9
24 302 1
24 303 1
24 320 4
24 322 1
24 327 1
24 338 1
24 345 3
24 355 1
24 369 1
24 384 2
24 386 1
24 428 1
24 433 1
24 460 1
24 490 1
24 493 2
24 500 1
24 511 1
24 555 1
24 564 1
24 581 1
24 649 1
24 668 2
24 706 1
24 717 1
24 722 2
24 749 1
24 763 1
24 771 1
24 782 1
24 788 1
24 800 1
24 868 1
24 881 1
24 887 1
24 892 1
24 955 1
24 973 1
24 996 1
24 1012 1
24 1078 1
24 1079 1
24 1092 3
24 1130 1
24 1132 1
24 1144 5
24 1145 2
24 1150 1
24 1162 1
24 1166 1
24 1171 23
24 1174 1
24 1224 1
24 1226 1
24 1232 1
24 1253 1
24 1316 2
24 1317 1
24 1318 1
24 1319 1
24 1320 1
24 1321 1
24 1322 1
24 1323 1
24 1324 2
24 1325 1
24 1326 1
24 1327 1
24 1328 1
24 1329 4
24 1330 2
24 1331 2
24 1332 1
24 1333 10
24 1334 1
24 1335 2
24 1336 1
24 1337 2
24 1338 1
24 1339 1
24 1340 3
24 1341 1
24 1342 1
24 1343 3
24 1344 1
24 1345 1
24 1346 2
24 1347 1
24 1348 1
25 1 1
25 2 5
25 3 12
25 4 2
25 7 2
25 14 3
25 15 2
25 18 1
25 24 1
25 26 1
25 29 1
25 30 1
25 34 5
25 37 1
25 53 1
25 56 2
25 58 2
25 67 3
25 69 1
25 75 3
25 80 5
25 87 3
25 89 1
25 94 3
25 100 3
25 105 3
25 109 1
25 113 1
25 115 1
25 116 1
25 131 1
25 137 8
25 141 1
25 144 1
25 146 5
25 147 1
25 150 6
25 153 3
25 160 2
25 172 1
25 175 1
25 176 4
25 182 1
25 186 7
25 195 1
25 206 1
25 207 2
25 215 2
25 224 2
25 226 1
25 236 1
25 242 1
25 251 1
25 257 6
25 259 1
25 260 2
25 264 1
25 278 5
25 290 4
25 303 1
25 324 1
25 333 1
25 340 4
25 383 1
25 386 1
25 391 1
25 437 1
25 439 2
25 475 1
25 480 9
25 485 1
25 493 1
25 500 1
25 534 1
25 544 1
25 555 1
25 556 1
25 651 1
25 667 1
25 672 1
25 675 2
25 789 1
25 800 1
25 1003 1
25 1052 1
25 1096 1
25 1101 2
25 1180 1
25 1194 1
25 1253 2
25 1317 3
25 1336 1
25 1337 3
25 1349 1
25 1350 1
25 1351 1
25 1352 1
25 1353 1
25 1354 1
25 1355 1
25 1356 1
25 1357 1
25 1358 1
25 1359 1
25 1360 1
26 1 1
26 2 1
26 3 1
26 10 5
26 11 1
26 14 7
26 30 1
26 37 4
26 54 1
26 66 2
26 67 1
26 75 2
26 79 2
26 80 4
26 88 2
26 93 1
26 94 1
26 105 1
26 116 2
26 117 3
26 122 1
26 131 1
26 134 1
26 140 1
26 141 2
26 150 2
26 175 1
26 176 1
26 185 4
26 197 1
26 200 1
26 201 1
26 202 17
26 206 3
26 207 2
26 208 2
26 211 2
26 215 1
26 224 2
26 238 1
26 239 2
26 242 1
26 248 1
26 249 5
26 251 3
26 252 2
26 256 1
26 258 1
26 259 3
26 261 2
26 279 2
26 285 2
26 290 2
26 292 1
26 300 1
26 306 1
26 311 1
26 312 1
26 331 1
26 339 1
26 344 1
26 346 2
26 355 2
26 357 1
26 359 1
26 360 2
26 369 1
26 375 1
26 377 1
26 379 1
26 382 1
26 388 1
26 404 2
26 426 2
26 455 1
26 517 1
26 592 2
26 619 1
26 668 1
26 689 1
26 708 1
26 789 2
26 791 2
26 844 1
26 885 1
26 919 1
26 925 1
26 1001 1
26 1007 1
26 1013 1
26 1096 1
26 1098 1
26 1139 1
26 1203 1
26 1274 1
26 1322 1
26 1343 2
26 1361 1
26 1362 1
26 1363 1
26 1364 1
26 1365 1
26 1366 1
26 1367 1
26 1368 1
26 1369 1
26 1370 1
26 1371 1
26 1372 1
26 1373 1
26 1374 1
26 1375 1
27 2 1
27 3 1
27 10 9
27 14 1
27 15 1
27 29 3
27 37 4
27 44 1
27 53 1
27 56 1
27 66 1
27 112 1
27 123 1
27 146 10
27 158 2
27 176 1
27 182 1
27 185 1
27 186 2
27 188 1
27 204 1
27 221 1
27 248 3
27 249 1
27 252 1
27 260 1
27 261 1
27 267 10
27 278 2
27 290 3
27 311 1
27 342 1
27 346 1
27 350 1
27 385 3
27 391 1
27 437 1
27 652 1
27 695 1
27 742 3
27 818 1
27 857 1
27 881 1
27 883 1
27 1096 1
27 1181 1
27 1219 1
27 1278 1
27 1329 2
27 1366 1
27 1376 1
27 1377 1
27 1378 1
27 1379 1
27 1380 1
27 1381 1
27 1382 1
27 1383 1
27 1384 2
27 1385 1
27 1386 3
27 1387 1
27 1388 5
27 1389 1
28 3 1
28 14 10
28 19 1
28 25 1
28 29 1
28 43 1
28 51 2
28 58 1
28 61 1
28 75 1
28 78 1
28 80 2
28 94 1
28 108 3
28 113 3
28 116 1
28 117 3
28 123 1
28 142 1
28 145 6
28 146 7
28 150 1
28 165 1
28 166 1
28 175 1
28 176 9
28 177 3
28 180 1
28 182 1
28 186 1
28 192 1
28 204 1
28 209 2
28 240 1
28 249 1
28 254 1
28 258 1
28 279 2
28 285 1
28 290 2
28 311 1
28 318 1
28 341 1
28 344 4
28 350 1
28 381 2
28 437 1
28 459 2
28 460 1
28 500 1
28 507 2
28 538 1
28 592 1
28 628 5
28 667 1
28 687 1
28 689 3
28 691 1
28 789 1
28 798 1
28 833 1
28 881 1
28 894 1
28 901 1
28 902 1
28 907 1
28 915 1
28 920 1
28 1068 1
28 1073 1
28 1079 1
28 1090 1
28 1121 1
28 1182 2
28 1200 1
28 1220 1
28 1226 1
28 1239 1
28 1317 1
28 1343 1
28 1362 2
28 1390 1
28 1391 2
28 1392 1
28 1393 2
28 1394 2
28 1395 1
28 1396 1
28 1397 1
28 1398 1
28 1399 3
28 1400 2
28 1401 1
28 1402 1
28 1403 1
28 1404 1
28 1405 1
28 1406 1
28 1407 1
28 1408 1
29 1 1
29 2 7
29 3 9
29 8 2
29 10 5
29 13 1
29 14 7
29 15 14
29 21 1
29 24 1
29 26 1
29 28 1
29 30 3
29 31 2
29 34 3
29 37 6
29 42 1
29 43 1
29 44 1
29 48 1
29 51 2
29 53 3
29 54 1
29 56 1
29 58 1
29 59 1
29 63 1
29 66 2
29 71 1
29 73 1
29 75 2
29 77 1
29 79 1
29 80 4
29 82 2
29 87 2
29 88 5
29 89 1
29 94 2
29 96 2
29 98 1
29 100 1
29 105 5
29 108 3
29 109 1
29 110 1
29 116 4
29 119 1
29 120 1
29 123 1
29 131 2
29 132 1
29 137 4
29 141 3
29 145 4
29 146 2
29 149 1
29 150 6
29 152 3
29 153 1
29 156 1
29 160 2
29 162 2
29 166 1
29 168 2
29 175 4
29 176 6
29 177 2
29 178 1
29 182 1
29 185 7
29 186 4
29 190 1
29 193 3
29 195 1
29 206 1
29 207 3
29 211 5
29 215 2
29 221 1
29 222 3
29 224 2
29 226 2
29 230 4
29 232 1
29 236 5
29 238 2
29 246 2
29 248 1
29 249 1
29 251 2
29 254 1
29 255 1
29 258 5
29 259 5
29 261 1
29 263 2
29 276 1
29 279 2
29 281 1
29 286 1
29 290 1
29 297 2
29 303 4
29 307 1
29 313 1
29 315 6
29 321 1
29 330 1
29 346 1
29 354 1
29 355 1
29 358 2
29 360 1
29 366 1
29 371 3
29 386 2
29 398 1
29 402 3
29 407 2
29 410 8
29 414 1
29 418 19
29 428 1
29 433 1
29 437 1
29 438 1
29 444 1
29 449 4
29 454 3
29 455 1
29 458 2
29 476 4
29 480 3
29 490 2
29 492 2
29 493 1
29 500 2
29 506 1
29 520 2
29 523 1
29 555 1
29 578 3
29 596 1
29 628 1
29 643 1
29 666 1
29 673 1
29 694 1
29 705 2
29 715 3
29 717 2
29 722 1
29 724 1
29 735 1
29 736 1
29 747 3
29 766 1
29 791 1
29 798 1
29 800 1
29 803 1
29 809 1
29 822 1
29 827 1
29 873 1
29 879 1
29 892 1
29 895 1
29 903 6
29 909 1
29 930 2
29 936 1
29 939 1
29 1007 3
29 1013 1
29 1078 1
29 1101 2
29 1132 1
29 1145 2
29 1164 1
29 1169 1
29 1171 2
29 1199 12
29 1200 1
29 1223 1
29 1278 1
29 1279 1
29 1288 3
29 1307 1
29 1308 1
29 1314 1
29 1317 1
29 1351 1
29 1362 2
29 1390 1
29 1409 1
29 1410 1
29 1411 1
29 1412 1
29 1413 1
29 1414 5
29 1415 1
29 1416 1
29 1417 1
29 1418 1
29 1419 1
29 1420 1
29 1421 3
29 1422 1
29 1423 1
29 1424 1
29 1425 1
29 1426 1
29 1427 1
29 1428 1
29 1429 1
29 1430 1
29 1431 1
29 1432 1
29 1433 1
29 1434 1
29 1435 1
29 1436 1
29 1437 1
29 1438 1
29 1439 1
29 1440 1
30 1 1
30 2 1
30 3 10
30 5 4
30 7 1
30 10 6
30 12 1
30 14 4
30 15 2
30 26 1
30 27 1
30 30 1
30 34 2
30 37 4
30 42 3
30 43 2
30 45 7
30 51 2
30 55 1
30 56 3
30 57 4
30 59 3
30 60 1
30 68 1
30 75 2
30 77 2
30 78 1
30 80 1
30 87 1
30 89 1
30 94 5
30 98 8
30 100 1
30 108 10
30 110 1
30 116 1
30 119 1
30 128 1
30 133 1
30 136 1
30 137 1
30 140 1
30 141 1
30 145 21
30 150 1
30 153 2
30 159 1
30 160 2
30 165 1
30 170 2
30 176 7
30 177 1
30 178 14
30 179 1
30 181 3
30 182 4
30 184 5
30 185 8
30 186 2
30 190 2
30 193 3
30 195 4
30 197 6
30 204 2
30 210 1
30 211 12
30 213 1
30 215 2
30 217 1
30 220 3
30 222 3
30 235 2
30 251 1
30 252 1
30 256 1
30 259 3
30 261 1
30 269 2
30 270 1
30 277 1
30 284 1
30 286 2
30 287 1
30 290 7
30 300 3
30 303 6
30 327 2
30 340 1
30 344 1
30 345 1
30 360 1
30 368 1
30 371 11
30 385 1
30 391 1
30 407 1
30 410 45
30 412 1
30 418 20
30 420 1
30 427 2
30 428 2
30 433 3
30 436 3
30 437 1
30 438 4
30 445 1
30 455 2
30 460 2
30 462 2
30 478 1
30 480 1
30 482 1
30 488 3
30 490 1
30 493 1
30 507 1
30 511 1
30 524 1
30 564 1
30 586 1
30 590 1
30 623 4
30 651 3
30 661 4
30 668 1
30 679 1
30 693 3
30 702 2
30 705 1
30 742 2
30 743 1
30 791 3
30 798 3
30 799 1
30 803 1
30 823 1
30 864 2
30 868 3
30 873 1
30 879 4
30 885 1
30 890 1
30 892 6
30 909 1
30 913 1
30 948 1
30 949 3
30 954 1
30 1046 2
30 1073 1
30 1087 1
30 1091 2
30 1144 1
30 1199 2
30 1256 1
30 1282 2
30 1306 1
30 1307 2
30 1315 2
30 1317 2
30 1335 1
30 1435 1
30 1436 1
30 1441 2
30 1442 5
30 1443 2
30 1444 2
30 1445 1
30 1446 1
30 1447 1
30 1448 1
30 1449 5
30 1450 4
30 1451 1
30 1452 1
30 1453 1
30 1454 1
30 1455 1
30 1456 1
30 1457 4
30 1458 1
30 1459 1
30 1460 2
30 1461 1
30 1462 1
30 1463 1
30 1464 1
30 1465 1
30 1466 2
30 1467 1
30 1468 1
30 1469 1
30 1470 1
31 2 1
31 10 6
31 13 1
31 14 2
31 15 3
31 26 1
31 44 1
31 48 1
31 53 1
31 110 1
31 115 1
31 117 4
31 147 1
31 168 2
31 176 2
31 182 1
31 204 1
31 205 1
31 222 1
31 240 1
31 248 1
31 261 2
31 282 6
31 350 1
31 360 1
31 404 1
31 407 1
31 437 1
31 482 2
31 483 1
31 523 1
31 535 1
31 668 1
31 798 1
31 857 1
31 873 3
31 895 2
31 1101 1
31 1152 4
31 1261 1
31 1265 9
31 1296 1
31 1371 3
31 1471 2
31 1472 1
31 1473 2
32 3 2
32 10 4
32 14 4
32 15 1
32 37 1
32 53 1
32 54 1
32 115 1
32 130 1
32 147 1
32 176 2
32 182 1
32 185 1
32 206 1
32 238 1
32 249 1
32 252 1
32 261 2
32 269 1
32 282 2
32 290 1
32 295 2
32 311 1
32 335 1
32 342 1
32 346 1
32 401 1
32 437 1
32 523 1
32 602 1
32 1096 1
32 1152 2
32 1262 1
32 1265 2
32 1374 1
32 1474 1
32 1475 6
33 3 4
33 4 2
33 10 3
33 11 1
33 13 1
33 14 4
33 15 8
33 24 1
33 26 1
33 30 3
33 34 6
33 37 3
33 39 2
33 42 2
33 44 1
33 47 1
33 51 3
33 52 15
33 54 2
33 55 1
33 56 1
33 57 1
33 60 1
33 61 3
33 66 1
33 75 3
33 76 2
33 78 3
33 80 5
33 87 1
33 88 4
33 94 2
33 100 1
33 102 1
33 105 3
33 108 3
33 109 1
33 110 1
33 116 1
33 122 1
33 123 1
33 136 1
33 137 2
33 140 2
33 141 2
33 142 1
33 146 1
33 149 1
33 150 9
33 156 6
33 157 1
33 160 2
33 162 3
33 165 1
33 170 1
33 172 1
33 175 5
33 176 4
33 177 3
33 178 1
33 181 3
33 185 4
33 186 6
33 188 1
33 191 1
33 193 1
33 195 1
33 196 2
33 197 1
33 204 1
33 206 2
33 207 7
33 210 1
33 214 1
33 215 2
33 222 1
33 224 2
33 226 2
33 235 1
33 236 1
33 237 1
33 246 3
33 248 1
33 249 1
33 251 2
33 257 1
33 259 4
33 260 2
33 264 1
33 266 1
33 269 2
33 274 1
33 275 1
33 279 1
33 281 1
33 282 19
33 284 2
33 287 2
33 288 1
33 289 1
33 290 1
33 297 2
33 298 1
33 300 2
33 303 2
33 322 1
33 327 1
33 338 1
33 342 1
33 343 3
33 344 1
33 350 1
33 358 3
33 371 1
33 407 1
33 415 1
33 418 6
33 426 1
33 428 2
33 433 1
33 449 1
33 450 1
33 456 1
33 462 1
33 490 1
33 493 1
33 507 1
33 509 1
33 524 1
33 544 1
33 555 1
33 590 1
33 596 1
33 706 1
33 714 1
33 747 1
33 753 1
33 758 1
33 799 2
33 800 1
33 804 1
33 818 1
33 843 1
33 855 1
33 857 1
33 883 1
33 895 1
33 907 1
33 925 2
33 1001 1
33 1014 1
33 1078 1
33 1092 1
33 1139 1
33 1152 1
33 1160 1
33 1175 1
33 1180 1
33 1189 1
33 1199 4
33 1205 1
33 1218 1
33 1226 1
33 1279 2
33 1299 1
33 1308 1
33 1317 1
33 1428 1
33 1446 1
33 1476 1
33 1477 1
33 1478 1
33 1479 1
33 1480 1
33 1481 1
33 1482 1
33 1483 1
33 1484 1
33 1485 1
33 1486 3
33 1487 3
33 1488 1
33 1489 1
33 1490 1
33 1491 2
33 1492 1
33 1493 1
33 1494 1
33 1495 1
33 1496 1
33 1497 1
33 1498 3
33 1499 1
33 1500 1
33 1501 1
33 1502 1
33 1503 1
