%%MatrixMarket matrix coordinate real general
26 1372 3947                                      
1 1 1
1 2 1
1 3 20
1 4 2
1 5 4
1 6 3
1 7 4
1 8 3
1 9 1
1 10 8
1 11 1
1 12 4
1 13 1
1 14 3
1 15 8
1 16 2
1 17 1
1 18 1
1 19 2
1 20 1
1 21 3
1 22 1
1 23 1
1 24 1
1 25 1
1 26 1
1 27 1
1 28 1
1 29 1
1 30 1
1 31 3
1 32 1
1 33 1
1 34 2
1 35 3
1 36 1
1 37 2
1 38 1
1 39 1
1 40 1
1 41 1
1 42 3
1 43 1
1 44 2
1 45 1
1 46 1
1 47 1
1 48 1
1 49 3
1 50 1
1 51 1
1 52 3
1 53 2
1 54 1
1 55 1
1 56 1
1 57 2
1 58 1
1 59 1
1 60 1
1 61 1
1 62 1
1 63 1
1 64 2
1 65 2
1 66 2
1 67 6
1 68 1
1 69 1
1 70 1
1 71 2
1 72 1
1 73 3
1 74 1
1 75 3
1 76 1
1 77 1
1 78 1
1 79 1
1 80 1
1 81 1
1 82 1
1 83 2
1 84 1
1 85 1
1 86 1
1 87 1
1 88 2
1 89 1
1 90 1
1 91 2
1 92 1
1 93 1
1 94 2
1 95 1
1 96 1
1 97 1
1 98 1
1 99 1
1 100 1
1 101 1
1 102 1
1 103 1
1 104 1
1 105 4
1 106 1
1 107 1
1 108 4
1 109 1
1 110 1
1 111 2
1 112 1
1 113 1
1 114 1
1 115 1
1 116 2
1 117 1
1 118 1
1 119 1
1 120 1
1 121 1
1 122 1
1 123 3
1 124 1
1 125 1
1 126 1
1 127 4
1 128 2
1 129 2
1 130 1
1 131 3
1 132 1
1 133 1
1 134 1
1 135 1
1 136 3
1 137 1
1 138 2
1 139 1
1 140 2
1 141 1
1 142 1
1 143 1
1 144 2
1 145 1
1 146 9
1 147 1
1 148 2
1 149 1
1 150 3
1 151 1
1 152 2
1 153 1
1 154 1
1 155 5
1 156 2
1 157 1
1 158 1
1 159 1
1 160 2
1 161 1
1 162 1
1 163 1
1 164 1
1 165 1
1 166 1
1 167 1
1 168 1
1 169 1
1 170 2
1 171 1
1 172 1
1 173 2
1 174 2
1 175 1
1 176 1
1 177 1
1 178 6
1 179 1
1 180 1
1 181 2
1 182 1
1 183 1
1 184 3
1 185 1
1 186 7
1 187 1
1 188 2
1 189 1
1 190 1
1 191 1
1 192 2
1 193 5
2 3 2
2 10 3
2 12 1
2 14 5
2 15 6
2 26 1
2 30 3
2 34 1
2 37 4
2 42 3
2 47 2
2 51 1
2 52 14
2 53 1
2 55 1
2 56 2
2 57 1
2 58 3
2 59 1
2 60 2
2 69 1
2 75 4
2 80 5
2 87 1
2 88 1
2 94 3
2 95 1
2 100 1
2 108 1
2 110 1
2 116 1
2 117 1
2 130 1
2 131 1
2 134 1
2 140 1
2 150 9
2 160 3
2 162 2
2 170 1
2 175 1
2 176 2
2 177 1
2 179 1
2 181 2
2 185 3
2 186 3
2 194 1
2 195 1
2 196 2
2 197 1
2 198 1
2 199 1
2 200 1
2 201 1
2 202 16
2 203 2
2 204 3
2 205 4
2 206 3
2 207 1
2 208 1
2 209 1
2 210 1
2 211 1
2 212 1
2 213 2
2 214 2
2 215 1
2 216 1
2 217 1
2 218 2
2 219 1
2 220 1
2 221 2
2 222 1
2 223 2
2 224 1
2 225 1
2 226 1
2 227 1
2 228 2
2 229 1
2 230 1
2 231 2
2 232 1
2 233 1
2 234 2
2 235 1
2 236 1
2 237 2
2 238 1
2 239 1
2 240 1
2 241 2
2 242 1
2 243 1
2 244 1
2 245 1
2 246 1
2 247 1
2 248 1
2 249 1
2 250 1
2 251 1
2 252 14
2 253 1
2 254 1
2 255 1
2 256 1
2 257 1
2 258 1
2 259 1
2 260 1
2 261 1
2 262 1
2 263 1
2 264 1
2 265 1
2 266 1
2 267 1
2 268 1
2 269 1
2 270 1
2 271 1
2 272 1
2 273 1
2 274 1
2 275 2
2 276 1
2 277 1
2 278 1
2 279 2
2 280 1
2 281 16
2 282 1
2 283 1
2 284 3
2 285 1
2 286 1
3 1 1
3 2 1
3 3 2
3 10 4
3 14 7
3 25 1
3 26 1
3 28 3
3 30 3
3 34 2
3 37 3
3 42 5
3 43 1
3 48 1
3 51 1
3 53 2
3 54 5
3 55 1
3 56 4
3 57 2
3 61 1
3 66 2
3 67 1
3 69 1
3 75 4
3 79 3
3 80 3
3 88 6
3 94 4
3 100 1
3 105 1
3 108 2
3 109 1
3 110 1
3 112 1
3 115 1
3 116 1
3 127 1
3 131 3
3 136 1
3 137 1
3 144 1
3 146 1
3 147 1
3 149 1
3 150 7
3 152 2
3 156 1
3 160 4
3 162 5
3 168 1
3 170 3
3 175 5
3 176 10
3 177 2
3 179 1
3 182 1
3 184 1
3 185 1
3 186 4
3 192 1
3 193 4
3 195 1
3 196 1
3 197 1
3 198 2
3 200 4
3 201 2
3 202 22
3 203 3
3 204 7
3 205 7
3 206 2
3 207 2
3 210 5
3 212 2
3 221 2
3 222 3
3 223 2
3 227 1
3 231 5
3 232 1
3 235 1
3 236 1
3 237 1
3 238 1
3 240 1
3 241 2
3 244 2
3 252 15
3 253 1
3 255 1
3 257 3
3 258 1
3 259 3
3 260 1
3 263 1
3 268 1
3 269 2
3 270 1
3 271 1
3 276 1
3 278 1
3 281 1
3 282 1
3 284 1
3 286 1
3 287 1
3 288 1
3 289 16
3 290 1
3 291 1
3 292 1
3 293 1
3 294 3
3 295 1
3 296 1
3 297 1
3 298 1
3 299 1
3 300 2
3 301 1
3 302 1
3 303 1
3 304 1
3 305 1
3 306 2
3 307 1
3 308 1
3 309 1
3 310 4
3 311 1
3 312 1
3 313 2
3 314 1
3 315 1
3 316 2
3 317 1
3 318 1
3 319 1
3 320 1
3 321 1
3 322 1
3 323 1
3 324 1
3 325 1
3 326 1
3 327 1
3 328 1
3 329 1
3 330 1
3 331 1
3 332 1
3 333 1
3 334 1
3 335 2
3 336 1
3 337 2
3 338 1
3 339 1
3 340 1
3 341 2
3 342 1
3 343 2
3 344 1
3 345 1
3 346 2
3 347 1
3 348 1
3 349 4
3 350 1
3 351 1
3 352 3
3 353 1
3 354 1
3 355 1
3 356 1
3 357 1
3 358 1
3 359 1
3 360 1
3 361 1
3 362 2
3 363 1
3 364 2
3 365 1
3 366 1
3 367 2
3 368 1
3 369 1
3 370 3
3 371 1
3 372 1
3 373 2
3 374 1
3 375 1
3 376 1
3 377 1
3 378 1
3 379 1
3 380 1
3 381 1
3 382 1
3 383 1
3 384 1
3 385 1
3 386 1
3 387 1
3 388 1
4 2 1
4 3 2
4 10 3
4 14 3
4 15 8
4 22 1
4 24 1
4 26 1
4 28 1
4 30 2
4 41 2
4 42 3
4 50 1
4 51 1
4 53 7
4 54 2
4 57 3
4 60 1
4 63 3
4 67 1
4 75 2
4 77 3
4 79 1
4 80 2
4 87 1
4 88 4
4 94 1
4 96 1
4 97 5
4 108 3
4 109 2
4 110 1
4 112 3
4 115 1
4 116 3
4 120 1
4 123 1
4 127 2
4 128 1
4 144 2
4 145 2
4 147 1
4 149 1
4 150 4
4 153 1
4 156 1
4 160 1
4 164 3
4 165 1
4 167 1
4 170 2
4 176 1
4 177 2
4 178 4
4 179 4
4 181 1
4 182 2
4 184 3
4 186 4
4 190 1
4 193 11
4 195 2
4 197 1
4 205 3
4 206 4
4 212 1
4 214 1
4 217 5
4 219 3
4 223 2
4 225 1
4 229 1
4 231 3
4 232 5
4 235 1
4 236 1
4 238 1
4 243 1
4 245 1
4 253 1
4 254 3
4 258 1
4 259 1
4 260 2
4 263 1
4 272 2
4 273 2
4 285 1
4 294 1
4 314 1
4 319 9
4 341 1
4 342 2
4 343 3
4 354 1
4 370 21
4 389 1
4 390 1
4 391 1
4 392 2
4 393 1
4 394 1
4 395 1
4 396 1
4 397 1
4 398 1
4 399 2
4 400 1
4 401 1
4 402 1
4 403 1
4 404 3
4 405 1
4 406 1
4 407 1
4 408 10
4 409 2
4 410 1
4 411 1
4 412 1
4 413 1
4 414 1
4 415 2
4 416 1
4 417 10
4 418 1
4 419 2
4 420 2
4 421 1
4 422 2
4 423 1
4 424 3
4 425 1
4 426 5
4 427 14
4 428 1
4 429 1
4 430 1
4 431 1
4 432 1
4 433 1
4 434 3
4 435 2
4 436 1
4 437 1
4 438 1
4 439 1
4 440 1
4 441 1
4 442 1
4 443 1
4 444 2
4 445 1
4 446 1
4 447 1
4 448 1
4 449 1
4 450 1
4 451 1
4 452 1
4 453 1
4 454 1
4 455 1
4 456 2
4 457 1
4 458 1
4 459 1
4 460 1
4 461 1
4 462 1
4 463 1
4 464 1
4 465 9
4 466 1
4 467 1
4 468 3
4 469 1
4 470 1
4 471 1
4 472 1
4 473 1
4 474 1
4 475 2
4 476 1
4 477 1
4 478 1
5 1 1
5 3 4
5 6 1
5 10 4
5 11 1
5 14 3
5 15 11
5 26 1
5 27 8
5 29 1
5 30 1
5 34 1
5 39 1
5 41 1
5 42 4
5 55 2
5 56 2
5 57 1
5 61 1
5 63 1
5 69 1
5 75 2
5 79 1
5 80 4
5 82 1
5 87 2
5 94 1
5 100 1
5 102 1
5 110 1
5 112 1
5 113 3
5 125 1
5 131 2
5 141 1
5 145 1
5 150 6
5 160 1
5 161 1
5 165 1
5 170 2
5 173 1
5 175 7
5 176 10
5 178 1
5 179 4
5 180 5
5 185 12
5 186 2
5 188 1
5 189 1
5 197 1
5 209 1
5 214 2
5 216 1
5 225 2
5 228 1
5 229 4
5 233 2
5 241 2
5 245 2
5 250 2
5 258 1
5 259 1
5 278 1
5 316 3
5 326 1
5 327 2
5 337 1
5 343 1
5 368 2
5 370 7
5 381 1
5 382 1
5 407 1
5 412 1
5 434 1
5 437 2
5 443 1
5 459 1
5 465 2
5 479 3
5 480 1
5 481 1
5 482 1
5 483 2
5 484 1
5 485 1
5 486 2
5 487 1
5 488 3
5 489 3
5 490 2
5 491 5
5 492 1
5 493 1
5 494 2
5 495 3
5 496 1
5 497 1
5 498 2
5 499 1
5 500 1
5 501 1
5 502 1
5 503 2
5 504 1
5 505 1
5 506 1
5 507 2
5 508 2
5 509 5
5 510 1
5 511 3
5 512 1
5 513 2
5 514 1
5 515 1
5 516 1
5 517 1
5 518 6
5 519 1
5 520 1
5 521 2
5 522 1
5 523 2
5 524 1
5 525 1
5 526 1
5 527 1
5 528 1
5 529 12
5 530 15
5 531 2
5 532 4
5 533 2
5 534 1
5 535 1
5 536 1
5 537 1
5 538 6
5 539 3
5 540 1
5 541 1
5 542 1
5 543 1
5 544 1
5 545 4
5 546 1
5 547 1
5 548 15
5 549 1
5 550 1
5 551 2
5 552 1
6 1 1
6 3 1
6 6 9
6 10 1
6 14 4
6 16 3
6 25 3
6 26 1
6 30 1
6 34 8
6 42 3
6 48 1
6 49 2
6 51 1
6 53 3
6 55 1
6 56 2
6 63 1
6 67 2
6 69 1
6 75 2
6 80 4
6 94 2
6 97 2
6 102 1
6 108 1
6 110 1
6 115 1
6 131 1
6 137 1
6 147 1
6 150 6
6 153 1
6 159 10
6 160 1
6 168 1
6 170 3
6 175 10
6 176 9
6 177 1
6 178 9
6 181 1
6 182 1
6 184 2
6 185 4
6 186 3
6 191 1
6 193 2
6 195 1
6 209 1
6 210 1
6 212 7
6 214 2
6 242 1
6 245 10
6 246 1
6 250 1
6 253 1
6 254 12
6 255 1
6 256 2
6 258 2
6 265 1
6 273 2
6 276 1
6 277 1
6 278 1
6 289 11
6 299 1
6 313 1
6 340 1
6 342 1
6 343 1
6 359 1
6 385 2
6 388 1
6 398 1
6 407 1
6 411 1
6 417 1
6 419 1
6 425 1
6 429 1
6 436 1
6 443 1
6 460 2
6 461 1
6 471 2
6 476 1
6 479 2
6 480 1
6 489 1
6 490 1
6 493 1
6 503 2
6 507 3
6 515 3
6 516 5
6 518 2
6 529 3
6 534 1
6 535 1
6 537 4
6 539 3
6 548 30
6 553 1
6 554 1
6 555 3
6 556 5
6 557 1
6 558 2
6 559 2
6 560 4
6 561 1
6 562 1
6 563 6
6 564 8
6 565 1
6 566 1
6 567 8
6 568 1
6 569 3
6 570 10
6 571 3
6 572 1
6 573 1
6 574 1
6 575 1
6 576 2
6 577 1
6 578 1
6 579 1
6 580 1
6 581 1
6 582 3
6 583 1
6 584 3
6 585 1
6 586 2
6 587 2
6 588 2
6 589 3
6 590 1
6 591 2
6 592 3
6 593 1
6 594 1
6 595 3
6 596 1
6 597 1
6 598 6
6 599 1
6 600 1
6 601 1
6 602 1
6 603 1
6 604 1
6 605 5
6 606 1
6 607 1
6 608 1
6 609 3
6 610 1
6 611 1
6 612 3
6 613 1
6 614 1
6 615 1
6 616 1
6 617 1
6 618 1
6 619 1
6 620 2
6 621 1
6 622 1
6 623 2
6 624 1
6 625 2
6 626 3
6 627 1
6 628 4
6 629 1
6 630 1
6 631 2
6 632 1
6 633 1
6 634 1
6 635 1
6 636 1
6 637 1
6 638 1
6 639 3
6 640 4
6 641 1
6 642 1
6 643 7
6 644 1
6 645 1
6 646 1
6 647 1
6 648 2
6 649 1
7 1 2
7 2 1
7 3 5
7 4 1
7 10 1
7 14 7
7 15 8
7 26 1
7 28 1
7 30 3
7 34 7
7 37 3
7 42 3
7 45 1
7 48 1
7 53 8
7 54 1
7 55 1
7 56 3
7 57 1
7 60 6
7 61 1
7 67 11
7 69 1
7 71 1
7 75 4
7 79 1
7 80 4
7 81 1
7 88 3
7 91 1
7 94 3
7 105 2
7 107 1
7 110 1
7 112 4
7 115 1
7 116 1
7 131 1
7 134 1
7 136 1
7 137 8
7 147 1
7 149 4
7 150 8
7 152 2
7 156 1
7 159 1
7 160 1
7 168 3
7 170 2
7 175 9
7 176 3
7 178 4
7 182 2
7 185 7
7 186 6
7 192 2
7 193 6
7 195 2
7 197 3
7 203 1
7 205 6
7 206 2
7 209 2
7 210 3
7 212 3
7 214 2
7 223 2
7 225 1
7 229 2
7 231 2
7 232 2
7 235 1
7 236 1
7 241 3
7 242 1
7 243 10
7 245 1
7 246 1
7 250 1
7 254 8
7 255 1
7 256 5
7 258 1
7 263 1
7 266 1
7 277 5
7 279 3
7 282 1
7 284 1
7 286 1
7 299 2
7 302 1
7 309 1
7 312 1
7 319 1
7 336 1
7 337 1
7 339 3
7 340 1
7 341 1
7 343 1
7 353 1
7 359 1
7 368 1
7 388 1
7 397 1
7 407 2
7 413 1
7 429 1
7 436 2
7 437 1
7 459 5
7 460 6
7 481 3
7 492 3
7 499 2
7 503 1
7 517 3
7 522 2
7 548 5
7 559 1
7 563 6
7 573 1
7 580 1
7 598 1
7 617 1
7 650 1
7 651 1
7 652 1
7 653 2
7 654 1
7 655 1
7 656 1
7 657 1
7 658 2
7 659 1
7 660 1
7 661 1
7 662 1
7 663 1
7 664 1
7 665 1
7 666 1
7 667 1
7 668 1
7 669 1
7 670 1
7 671 1
7 672 1
7 673 1
7 674 1
7 675 1
7 676 1
7 677 2
7 678 1
7 679 1
7 680 1
7 681 1
7 682 4
7 683 1
7 684 1
7 685 1
7 686 1
7 687 2
7 688 1
7 689 1
7 690 1
7 691 1
7 692 7
7 693 1
7 694 1
7 695 1
7 696 1
7 697 2
7 698 2
7 699 1
7 700 2
7 701 3
7 702 1
7 703 1
7 704 2
7 705 1
7 706 1
7 707 3
7 708 1
7 709 1
7 710 1
7 711 1
7 712 1
7 713 1
7 714 6
7 715 1
7 716 31
8 3 1
8 10 3
8 14 5
8 15 4
8 19 1
8 30 3
8 34 1
8 37 1
8 42 2
8 52 3
8 56 2
8 57 1
8 58 1
8 69 1
8 70 1
8 75 1
8 77 21
8 80 4
8 88 1
8 94 1
8 105 1
8 108 1
8 109 1
8 110 1
8 116 1
8 130 1
8 131 1
8 142 1
8 145 31
8 150 8
8 152 1
8 156 1
8 160 1
8 162 1
8 165 1
8 176 4
8 177 1
8 178 5
8 179 1
8 182 2
8 185 2
8 186 1
8 189 1
8 193 9
8 195 4
8 196 2
8 197 2
8 203 3
8 205 1
8 206 2
8 209 1
8 210 2
8 214 1
8 217 2
8 219 1
8 223 2
8 233 1
8 234 1
8 235 1
8 236 1
8 240 2
8 245 5
8 247 1
8 250 1
8 258 1
8 259 1
8 263 1
8 283 1
8 302 1
8 339 1
8 343 2
8 357 2
8 368 1
8 370 7
8 381 1
8 385 3
8 388 4
8 390 1
8 400 3
8 401 1
8 403 1
8 424 9
8 427 2
8 431 3
8 432 1
8 436 2
8 446 8
8 451 5
8 453 2
8 459 1
8 461 1
8 472 2
8 493 1
8 504 1
8 522 1
8 529 1
8 539 2
8 563 2
8 579 1
8 666 1
8 682 1
8 684 1
8 690 1
8 713 1
8 715 4
8 717 1
8 718 1
8 719 2
8 720 1
8 721 1
8 722 1
8 723 2
8 724 4
8 725 2
8 726 2
8 727 1
8 728 1
8 729 1
8 730 1
8 731 1
8 732 3
8 733 1
8 734 1
8 735 1
8 736 1
8 737 1
8 738 1
8 739 1
8 740 1
8 741 1
8 742 1
8 743 2
8 744 1
8 745 1
8 746 1
8 747 1
8 748 3
8 749 2
8 750 10
8 751 1
8 752 1
8 753 1
8 754 1
8 755 1
8 756 1
8 757 1
8 758 1
8 759 1
9 14 1
9 130 1
9 232 1
9 315 1
9 326 1
9 342 1
9 417 1
9 460 1
9 760 1
9 761 1
9 762 3
9 763 1
9 764 1
9 765 1
9 766 2
9 767 1
9 768 1
9 769 1
10 1 1
10 3 3
10 7 1
10 10 1
10 14 3
10 26 1
10 28 1
10 30 1
10 34 4
10 36 1
10 39 1
10 42 5
10 43 1
10 44 4
10 51 1
10 53 4
10 55 1
10 56 6
10 57 1
10 60 1
10 69 1
10 75 1
10 77 20
10 79 1
10 80 3
10 87 4
10 94 1
10 97 1
10 105 2
10 108 1
10 110 1
10 112 1
10 115 1
10 118 1
10 128 1
10 136 1
10 142 2
10 145 16
10 147 1
10 150 5
10 152 1
10 153 2
10 156 1
10 159 4
10 160 1
10 170 2
10 175 9
10 176 4
10 177 1
10 178 2
10 182 1
10 185 5
10 186 1
10 192 5
10 193 15
10 197 1
10 209 2
10 212 1
10 214 2
10 215 7
10 217 3
10 241 4
10 245 11
10 250 1
10 253 1
10 258 1
10 273 1
10 284 1
10 289 16
10 296 2
10 302 2
10 319 7
10 367 1
10 370 16
10 388 2
10 406 2
10 407 3
10 422 3
10 424 3
10 432 1
10 436 2
10 459 15
10 460 1
10 461 2
10 476 1
10 477 1
10 480 1
10 489 2
10 490 1
10 491 1
10 499 1
10 510 1
10 513 1
10 516 2
10 522 1
10 529 6
10 533 2
10 541 2
10 548 16
10 563 4
10 569 1
10 573 1
10 580 3
10 616 1
10 666 1
10 689 1
10 690 4
10 695 1
10 704 1
10 706 2
10 715 1
10 717 4
10 741 1
10 756 1
10 759 1
10 764 2
10 769 5
10 770 1
10 771 1
10 772 1
10 773 3
10 774 1
10 775 1
10 776 1
10 777 2
10 778 11
10 779 2
10 780 1
10 781 2
10 782 1
10 783 2
10 784 1
10 785 3
10 786 1
10 787 2
10 788 3
10 789 5
10 790 3
10 791 1
10 792 1
10 793 1
10 794 3
10 795 1
10 796 1
10 797 1
10 798 2
10 799 1
10 800 1
10 801 8
10 802 23
10 803 2
11 3 1
11 10 4
11 14 4
11 15 7
11 26 1
11 30 3
11 34 1
11 37 12
11 42 4
11 44 1
11 47 1
11 53 5
11 54 6
11 56 3
11 57 1
11 66 1
11 67 3
11 69 1
11 75 2
11 80 5
11 88 1
11 94 1
11 100 1
11 105 1
11 108 1
11 110 1
11 115 1
11 116 2
11 131 2
11 140 2
11 143 2
11 147 1
11 150 9
11 160 1
11 168 1
11 170 2
11 175 1
11 182 1
11 185 6
11 195 1
11 203 1
11 205 2
11 206 9
11 210 1
11 213 2
11 214 4
11 223 2
11 229 1
11 231 8
11 232 10
11 235 1
11 236 1
11 241 4
11 245 3
11 250 1
11 258 1
11 260 1
11 263 1
11 276 1
11 277 2
11 278 1
11 280 3
11 286 1
11 294 3
11 309 1
11 319 1
11 336 1
11 337 1
11 340 1
11 343 1
11 344 1
11 376 4
11 381 1
11 389 2
11 404 1
11 408 4
11 415 1
11 431 1
11 437 1
11 447 1
11 462 2
11 506 2
11 580 1
11 595 1
11 617 1
11 624 1
11 700 1
11 713 1
11 715 2
11 743 1
11 745 1
11 753 1
11 789 1
11 790 1
11 797 1
11 804 7
11 805 1
11 806 3
11 807 4
11 808 10
11 809 1
11 810 1
11 811 1
11 812 1
11 813 1
11 814 2
11 815 1
11 816 1
11 817 3
11 818 1
11 819 1
11 820 1
11 821 1
11 822 1
11 823 1
11 824 1
11 825 1
11 826 1
11 827 1
11 828 1
11 829 1
11 830 11
11 831 1
11 832 1
11 833 1
11 834 1
11 835 1
11 836 1
12 3 14
12 10 8
12 13 1
12 14 3
12 15 7
12 26 1
12 30 3
12 34 3
12 37 6
12 42 3
12 44 1
12 53 4
12 56 2
12 57 2
12 59 1
12 60 2
12 64 12
12 69 1
12 70 1
12 73 1
12 75 1
12 80 5
12 88 2
12 94 1
12 100 1
12 105 2
12 110 1
12 112 1
12 115 1
12 116 1
12 123 1
12 128 1
12 131 2
12 134 1
12 140 3
12 143 8
12 147 1
12 149 1
12 150 9
12 152 2
12 160 1
12 170 3
12 178 4
12 179 5
12 181 2
12 182 2
12 185 14
12 186 4
12 192 7
12 196 2
12 197 1
12 199 2
12 205 7
12 206 3
12 209 2
12 210 1
12 212 1
12 214 13
12 216 1
12 217 3
12 219 2
12 223 2
12 231 3
12 232 10
12 234 1
12 235 1
12 236 1
12 241 3
12 250 3
12 255 1
12 258 1
12 260 1
12 263 1
12 268 1
12 271 1
12 278 1
12 305 1
12 337 1
12 343 1
12 359 3
12 388 5
12 404 1
12 436 1
12 437 8
12 466 1
12 487 1
12 499 2
12 505 11
12 506 1
12 510 1
12 522 4
12 529 2
12 537 1
12 592 9
12 616 1
12 623 1
12 629 1
12 666 2
12 689 2
12 695 1
12 704 3
12 730 1
12 756 1
12 758 1
12 786 1
12 787 1
12 797 1
12 800 1
12 802 1
12 808 5
12 815 1
12 818 1
12 820 1
12 822 3
12 826 1
12 830 12
12 837 1
12 838 1
12 839 1
12 840 1
12 841 1
12 842 6
12 843 1
12 844 1
12 845 1
12 846 1
12 847 2
12 848 1
12 849 3
12 850 1
12 851 3
12 852 1
12 853 1
12 854 2
12 855 1
12 856 6
12 857 2
12 858 4
12 859 1
12 860 1
12 861 1
12 862 1
12 863 2
12 864 1
12 865 1
12 866 1
12 867 1
12 868 1
12 869 1
12 870 1
12 871 2
12 872 1
12 873 1
12 874 2
12 875 1
13 2 2
13 3 4
13 6 3
13 10 6
13 12 1
13 14 4
13 15 16
13 26 1
13 28 1
13 30 1
13 34 4
13 37 2
13 42 4
13 44 2
13 53 4
13 55 2
13 56 2
13 57 2
13 60 1
13 67 1
13 69 1
13 75 1
13 77 3
13 79 2
13 80 2
13 87 4
13 88 4
13 93 2
13 94 2
13 100 1
13 108 4
13 110 1
13 115 1
13 123 1
13 124 1
13 141 1
13 142 1
13 145 5
13 146 1
13 147 1
13 150 4
13 160 2
13 162 1
13 164 2
13 168 1
13 170 3
13 173 1
13 175 1
13 176 3
13 178 10
13 179 2
13 182 14
13 185 4
13 186 2
13 193 18
13 199 1
13 203 2
13 205 1
13 210 2
13 212 3
13 214 2
13 216 1
13 217 2
13 245 3
13 247 3
13 250 2
13 254 1
13 255 1
13 258 1
13 265 1
13 268 1
13 270 2
13 282 1
13 284 1
13 299 2
13 341 1
13 343 3
13 344 1
13 349 1
13 354 1
13 357 4
13 367 1
13 370 29
13 377 1
13 383 1
13 386 2
13 400 1
13 401 3
13 409 1
13 410 1
13 411 1
13 417 30
13 421 1
13 427 1
13 434 1
13 436 2
13 437 1
13 461 2
13 465 1
13 481 2
13 487 2
13 491 1
13 492 1
13 528 1
13 534 2
13 579 2
13 692 4
13 700 1
13 704 1
13 715 1
13 745 2
13 751 6
13 756 1
13 783 2
13 789 2
13 821 1
13 876 1
13 877 3
13 878 1
13 879 1
13 880 1
13 881 1
13 882 1
13 883 1
13 884 2
13 885 1
13 886 1
13 887 1
13 888 2
13 889 1
13 890 2
13 891 1
13 892 1
13 893 1
13 894 1
13 895 10
13 896 2
13 897 4
13 898 1
13 899 1
13 900 1
13 901 1
13 902 1
13 903 1
13 904 5
13 905 2
13 906 2
13 907 3
13 908 1
13 909 4
13 910 1
13 911 1
13 912 1
13 913 2
13 914 1
13 915 1
13 916 1
13 917 1
13 918 1
13 919 1
13 920 1
13 921 1
13 922 1
13 923 1
13 924 1
13 925 1
13 926 1
13 927 1
13 928 2
13 929 1
14 2 1
14 3 2
14 10 2
14 14 5
14 15 17
14 19 1
14 24 1
14 26 1
14 30 3
14 34 3
14 37 1
14 42 3
14 44 1
14 53 3
14 54 1
14 55 1
14 56 2
14 57 3
14 59 1
14 69 1
14 75 3
14 79 2
14 80 5
14 87 1
14 88 2
14 94 3
14 100 1
14 105 3
14 109 1
14 110 1
14 112 3
14 115 1
14 116 1
14 118 1
14 123 1
14 127 17
14 128 1
14 130 1
14 131 3
14 137 1
14 140 4
14 143 8
14 147 1
14 149 1
14 150 9
14 158 1
14 160 2
14 164 1
14 170 2
14 175 8
14 176 1
14 178 2
14 182 1
14 185 5
14 186 2
14 190 1
14 192 1
14 193 1
14 196 1
14 199 3
14 203 1
14 205 1
14 206 2
14 212 1
14 214 2
14 223 2
14 225 1
14 231 5
14 232 8
14 235 1
14 236 1
14 241 2
14 245 1
14 250 5
14 258 1
14 260 1
14 263 1
14 278 1
14 280 3
14 282 1
14 284 2
14 285 1
14 309 1
14 316 1
14 319 3
14 337 1
14 348 1
14 349 1
14 385 1
14 388 2
14 400 1
14 401 2
14 410 1
14 415 1
14 422 1
14 427 1
14 434 2
14 436 1
14 437 1
14 446 1
14 454 1
14 457 1
14 461 2
14 465 1
14 474 1
14 489 1
14 491 2
14 499 2
14 503 1
14 505 1
14 515 1
14 522 1
14 539 1
14 612 4
14 624 1
14 626 3
14 679 1
14 688 1
14 692 1
14 700 1
14 704 1
14 715 1
14 724 1
14 733 1
14 756 1
14 757 1
14 768 5
14 790 1
14 796 2
14 797 1
14 806 1
14 808 9
14 815 1
14 817 1
14 830 14
14 833 2
14 834 1
14 871 2
14 879 2
14 881 1
14 883 1
14 893 1
14 900 1
14 930 1
14 931 1
14 932 3
14 933 1
14 934 1
14 935 1
14 936 2
14 937 2
14 938 1
14 939 1
14 940 1
14 941 1
14 942 1
14 943 1
14 944 1
14 945 1
14 946 1
14 947 8
14 948 1
14 949 1
14 950 1
14 951 1
14 952 2
14 953 1
14 954 1
14 955 1
14 956 1
14 957 1
14 958 2
14 959 1
14 960 1
14 961 1
14 962 1
14 963 2
14 964 4
14 965 16
14 966 1
14 967 1
14 968 3
14 969 1
14 970 1
15 1 1
15 3 9
15 14 4
15 15 26
15 16 1
15 26 1
15 27 2
15 34 3
15 37 4
15 42 3
15 48 1
15 52 2
15 53 4
15 55 1
15 56 3
15 57 2
15 60 1
15 66 1
15 67 1
15 73 1
15 74 1
15 75 1
15 80 1
15 87 4
15 89 1
15 94 1
15 97 2
15 98 1
15 105 4
15 107 2
15 110 1
15 112 4
15 115 1
15 118 1
15 123 2
15 130 1
15 134 1
15 136 3
15 139 1
15 140 1
15 141 2
15 145 15
15 147 1
15 148 1
15 150 1
15 152 1
15 153 3
15 156 2
15 159 4
15 160 1
15 168 2
15 169 2
15 170 3
15 175 13
15 176 10
15 178 4
15 181 1
15 182 1
15 184 5
15 185 10
15 186 2
15 192 1
15 193 1
15 195 1
15 196 1
15 205 9
15 209 9
15 210 9
15 212 3
15 225 1
15 234 1
15 241 2
15 242 1
15 243 1
15 245 16
15 250 1
15 254 3
15 258 3
15 260 2
15 270 2
15 281 2
15 284 5
15 287 3
15 305 1
15 309 1
15 314 1
15 317 1
15 319 1
15 336 1
15 337 1
15 342 2
15 343 3
15 353 1
15 359 2
15 361 1
15 367 4
15 370 17
15 373 1
15 383 2
15 388 1
15 389 1
15 406 3
15 407 1
15 415 1
15 422 8
15 427 2
15 432 1
15 436 1
15 459 8
15 461 2
15 465 3
15 466 3
15 476 2
15 477 6
15 479 2
15 481 1
15 482 1
15 483 1
15 489 7
15 499 3
15 503 1
15 507 1
15 508 2
15 518 2
15 522 1
15 529 4
15 533 2
15 534 2
15 536 1
15 539 1
15 541 4
15 548 13
15 563 4
15 567 1
15 573 2
15 575 1
15 579 2
15 591 12
15 594 1
15 598 2
15 621 1
15 626 2
15 653 2
15 659 1
15 664 1
15 666 1
15 677 1
15 689 10
15 725 1
15 730 1
15 734 1
15 756 3
15 757 1
15 763 2
15 770 1
15 772 1
15 774 2
15 778 1
15 780 6
15 788 4
15 790 1
15 792 1
15 793 2
15 796 2
15 798 1
15 801 5
15 805 1
15 820 2
15 848 1
15 860 1
15 905 2
15 914 1
15 923 1
15 926 9
15 934 1
15 945 2
15 950 1
15 959 1
15 966 1
15 971 1
15 972 1
15 973 2
15 974 1
15 975 1
15 976 2
15 977 2
15 978 2
15 979 1
15 980 1
15 981 1
15 982 1
15 983 2
15 984 1
15 985 1
15 986 1
15 987 1
15 988 1
15 989 2
15 990 5
15 991 1
15 992 2
15 993 1
15 994 1
15 995 9
15 996 9
15 997 1
15 998 1
15 999 2
15 1000 1
15 1001 3
15 1002 2
15 1003 1
15 1004 1
15 1005 1
15 1006 1
15 1007 1
15 1008 1
15 1009 1
15 1010 1
15 1011 3
15 1012 1
15 1013 1
15 1014 1
15 1015 1
15 1016 1
15 1017 1
15 1018 1
16 1 2
16 2 4
16 3 3
16 11 1
16 13 1
16 14 18
16 15 18
16 19 2
16 21 8
16 27 1
16 30 1
16 34 1
16 37 1
16 42 4
16 44 1
16 45 4
16 48 1
16 51 1
16 53 1
16 56 1
16 57 6
16 60 3
16 66 3
16 67 1
16 69 1
16 73 5
16 75 1
16 80 2
16 87 4
16 94 1
16 96 1
16 100 1
16 108 2
16 112 7
16 115 1
16 117 3
16 130 6
16 131 2
16 134 1
16 141 3
16 143 1
16 146 7
16 147 1
16 150 4
16 156 1
16 158 1
16 160 1
16 165 1
16 170 3
16 176 2
16 177 2
16 178 7
16 182 3
16 185 6
16 186 1
16 197 3
16 204 3
16 209 1
16 210 1
16 214 1
16 217 13
16 219 1
16 220 1
16 221 6
16 225 1
16 226 2
16 239 5
16 240 1
16 247 1
16 248 1
16 253 1
16 258 2
16 259 1
16 260 3
16 268 2
16 269 5
16 270 1
16 285 1
16 288 1
16 297 1
16 301 1
16 305 2
16 325 1
16 340 3
16 343 4
16 344 1
16 353 1
16 354 1
16 359 2
16 361 1
16 365 1
16 380 1
16 381 1
16 384 2
16 388 6
16 401 2
16 406 1
16 411 1
16 414 1
16 417 4
16 427 2
16 429 2
16 432 5
16 434 1
16 437 2
16 439 2
16 448 5
16 460 1
16 474 2
16 479 1
16 482 1
16 485 1
16 487 1
16 496 1
16 498 1
16 506 1
16 522 8
16 534 1
16 537 4
16 541 1
16 558 1
16 559 2
16 561 1
16 566 1
16 575 1
16 596 1
16 601 1
16 607 1
16 615 2
16 634 1
16 642 2
16 650 2
16 679 1
16 680 1
16 700 10
16 725 1
16 740 2
16 751 1
16 783 1
16 808 1
16 812 1
16 815 2
16 831 1
16 840 1
16 851 1
16 869 1
16 902 3
16 918 1
16 923 21
16 932 2
16 937 1
16 960 1
16 999 2
16 1019 1
16 1020 2
16 1021 1
16 1022 1
16 1023 3
16 1024 1
16 1025 1
16 1026 1
16 1027 1
16 1028 1
16 1029 1
16 1030 1
16 1031 3
16 1032 3
16 1033 1
16 1034 1
16 1035 2
16 1036 1
16 1037 1
16 1038 2
16 1039 1
16 1040 3
16 1041 1
16 1042 1
16 1043 1
16 1044 1
16 1045 1
16 1046 2
16 1047 1
16 1048 1
16 1049 2
16 1050 1
16 1051 1
16 1052 3
16 1053 1
16 1054 1
16 1055 1
16 1056 1
16 1057 1
16 1058 1
16 1059 1
16 1060 2
16 1061 1
16 1062 1
16 1063 6
16 1064 1
16 1065 1
16 1066 2
16 1067 1
16 1068 1
16 1069 1
16 1070 2
16 1071 1
16 1072 1
16 1073 1
16 1074 1
16 1075 1
16 1076 2
16 1077 2
16 1078 1
16 1079 1
16 1080 1
16 1081 2
16 1082 1
16 1083 1
16 1084 2
16 1085 2
16 1086 2
16 1087 1
16 1088 3
16 1089 2
16 1090 1
16 1091 1
16 1092 1
16 1093 1
16 1094 1
16 1095 1
16 1096 1
16 1097 1
16 1098 1
16 1099 1
16 1100 2
16 1101 1
16 1102 1
16 1103 1
16 1104 1
16 1105 1
16 1106 1
16 1107 1
16 1108 1
16 1109 1
16 1110 1
16 1111 2
16 1112 1
16 1113 1
16 1114 1
16 1115 3
16 1116 1
16 1117 1
16 1118 2
16 1119 1
16 1120 1
16 1121 11
16 1122 3
16 1123 3
16 1124 47
16 1125 1
16 1126 3
16 1127 5
16 1128 1
16 1129 4
16 1130 1
16 1131 2
16 1132 3
16 1133 1
16 1134 1
16 1135 1
16 1136 3
16 1137 1
16 1138 1
16 1139 1
16 1140 4
16 1141 1
16 1142 3
16 1143 2
16 1144 1
16 1145 1
16 1146 1
16 1147 1
16 1148 1
16 1149 1
16 1150 13
16 1151 3
16 1152 1
16 1153 1
16 1154 1
16 1155 1
16 1156 1
17 3 1
17 8 3
17 10 3
17 14 1
17 29 1
17 34 1
17 37 1
17 45 1
17 48 1
17 52 2
17 53 2
17 54 1
17 58 2
17 63 1
17 67 3
17 77 1
17 80 1
17 81 1
17 88 1
17 89 2
17 102 1
17 109 1
17 117 2
17 136 1
17 138 3
17 145 1
17 152 1
17 153 1
17 168 1
17 175 4
17 176 1
17 193 1
17 195 2
17 206 1
17 209 1
17 214 1
17 221 1
17 232 2
17 238 1
17 241 2
17 247 3
17 248 2
17 258 1
17 259 2
17 260 3
17 280 1
17 289 6
17 302 1
17 311 1
17 313 1
17 343 1
17 357 1
17 370 1
17 386 1
17 388 1
17 390 1
17 402 1
17 419 1
17 427 2
17 432 1
17 436 2
17 437 1
17 459 1
17 460 1
17 474 1
17 489 1
17 534 1
17 563 1
17 580 1
17 592 1
17 704 1
17 723 2
17 726 1
17 783 1
17 830 1
17 901 1
17 914 1
17 917 1
17 928 1
17 1053 1
17 1094 1
17 1099 1
17 1143 1
17 1157 1
17 1158 1
17 1159 1
17 1160 1
17 1161 1
17 1162 1
17 1163 1
17 1164 1
17 1165 1
17 1166 1
17 1167 1
17 1168 1
17 1169 11
17 1170 1
17 1171 1
17 1172 2
17 1173 1
17 1174 1
17 1175 1
17 1176 2
17 1177 1
18 3 4
18 10 2
18 14 7
18 15 3
18 16 2
18 34 2
18 36 1
18 48 1
18 51 2
18 56 2
18 63 1
18 66 1
18 71 1
18 78 1
18 81 1
18 105 6
18 108 1
18 119 1
18 130 1
18 141 1
18 146 1
18 152 1
18 176 1
18 177 1
18 186 4
18 188 1
18 192 1
18 195 2
18 203 1
18 238 1
18 277 2
18 281 1
18 296 12
18 302 2
18 324 1
18 327 1
18 337 1
18 343 1
18 388 1
18 436 1
18 448 1
18 460 1
18 489 1
18 516 1
18 528 1
18 529 2
18 543 1
18 626 1
18 665 1
18 667 1
18 723 1
18 743 1
18 767 1
18 807 1
18 811 1
18 847 1
18 880 1
18 901 1
18 918 2
18 999 1
18 1093 1
18 1094 1
18 1115 1
18 1124 1
18 1141 1
18 1150 1
18 1164 1
18 1178 3
18 1179 3
18 1180 1
18 1181 1
18 1182 1
18 1183 2
18 1184 1
18 1185 1
18 1186 1
18 1187 1
18 1188 1
18 1189 2
18 1190 1
18 1191 1
19 2 2
19 3 4
19 10 2
19 13 1
19 14 4
19 15 5
19 16 2
19 34 1
19 36 1
19 37 1
19 48 1
19 51 2
19 56 1
19 63 1
19 78 1
19 81 1
19 97 3
19 105 3
19 108 1
19 120 1
19 123 1
19 130 2
19 134 1
19 137 1
19 141 1
19 152 1
19 159 1
19 176 1
19 177 1
19 185 1
19 186 4
19 193 3
19 204 1
19 210 2
19 221 1
19 225 2
19 238 1
19 256 1
19 260 1
19 268 1
19 296 12
19 302 1
19 321 1
19 368 2
19 384 1
19 422 1
19 436 1
19 448 1
19 454 2
19 459 1
19 489 1
19 506 1
19 510 1
19 516 1
19 533 1
19 534 1
19 535 1
19 563 1
19 567 3
19 617 1
19 626 1
19 665 1
19 667 1
19 723 1
19 765 2
19 766 1
19 777 1
19 811 2
19 845 2
19 894 1
19 905 1
19 928 1
19 1054 1
19 1093 1
19 1094 1
19 1115 2
19 1164 1
19 1178 1
19 1180 1
19 1182 1
19 1184 1
19 1191 1
19 1192 1
19 1193 2
19 1194 1
19 1195 1
19 1196 1
19 1197 1
19 1198 1
19 1199 1
20 2 1
20 10 1
20 14 4
20 15 2
20 19 1
20 24 1
20 26 1
20 34 1
20 37 5
20 57 1
20 60 1
20 67 1
20 75 1
20 80 1
20 87 8
20 88 1
20 102 1
20 109 1
20 116 2
20 119 1
20 143 3
20 146 2
20 150 1
20 152 1
20 153 1
20 168 1
20 175 6
20 176 11
20 179 2
20 181 1
20 182 3
20 185 2
20 196 1
20 197 1
20 209 1
20 214 2
20 219 2
20 231 1
20 238 1
20 239 1
20 241 1
20 245 1
20 248 1
20 251 1
20 255 1
20 258 1
20 259 3
20 260 1
20 268 1
20 271 1
20 272 1
20 276 1
20 289 6
20 293 1
20 314 2
20 316 1
20 319 1
20 343 1
20 354 1
20 360 1
20 367 1
20 370 1
20 388 1
20 389 1
20 427 1
20 436 1
20 439 2
20 454 1
20 461 1
20 492 1
20 505 1
20 516 1
20 577 1
20 590 2
20 617 1
20 665 1
20 691 1
20 715 1
20 797 1
20 801 2
20 802 1
20 808 1
20 830 1
20 832 1
20 866 2
20 947 1
20 1010 1
20 1040 1
20 1072 1
20 1080 1
20 1094 1
20 1099 1
20 1116 2
20 1150 1
20 1163 1
20 1180 1
20 1197 2
20 1200 2
20 1201 1
20 1202 1
20 1203 1
20 1204 1
20 1205 1
20 1206 1
20 1207 1
20 1208 1
20 1209 1
20 1210 1
20 1211 1
20 1212 1
20 1213 1
20 1214 1
20 1215 1
20 1216 1
20 1217 2
20 1218 1
20 1219 1
20 1220 1
20 1221 2
20 1222 1
20 1223 1
20 1224 1
20 1225 1
20 1226 1
20 1227 1
20 1228 1
21 4 2
21 14 6
21 25 1
21 37 7
21 80 1
21 87 4
21 89 2
21 100 1
21 113 3
21 118 2
21 130 1
21 149 1
21 150 1
21 153 1
21 176 5
21 180 2
21 182 1
21 197 1
21 210 2
21 214 3
21 226 2
21 237 1
21 241 1
21 258 2
21 273 1
21 289 7
21 313 1
21 343 1
21 372 1
21 413 1
21 436 2
21 439 1
21 472 1
21 474 1
21 488 1
21 491 2
21 510 1
21 515 1
21 519 1
21 532 1
21 540 1
21 541 1
21 665 1
21 764 1
21 788 1
21 881 1
21 950 1
21 999 1
21 1009 2
21 1052 1
21 1094 1
21 1110 1
21 1173 1
21 1200 1
21 1213 1
21 1216 1
21 1221 1
21 1223 1
21 1226 1
21 1229 1
21 1230 1
21 1231 1
21 1232 1
21 1233 1
21 1234 1
21 1235 1
21 1236 1
21 1237 1
21 1238 1
21 1239 1
21 1240 1
21 1241 3
21 1242 1
21 1243 1
21 1244 1
21 1245 1
21 1246 1
21 1247 1
22 1 1
22 3 4
22 10 2
22 12 2
22 14 7
22 15 6
22 16 2
22 18 2
22 19 2
22 26 1
22 30 1
22 34 3
22 37 3
22 42 4
22 45 1
22 48 1
22 55 3
22 57 1
22 63 1
22 69 1
22 75 2
22 78 1
22 80 2
22 87 4
22 88 2
22 89 1
22 94 1
22 100 1
22 102 1
22 105 1
22 109 2
22 112 2
22 116 1
22 124 1
22 127 1
22 128 4
22 129 1
22 130 1
22 136 1
22 137 1
22 141 2
22 150 4
22 153 1
22 158 1
22 160 1
22 165 1
22 168 1
22 170 1
22 175 3
22 185 4
22 186 2
22 191 1
22 195 1
22 205 4
22 206 1
22 214 1
22 215 2
22 217 2
22 225 1
22 239 1
22 241 1
22 247 1
22 255 1
22 256 3
22 258 2
22 259 1
22 265 2
22 268 4
22 270 1
22 285 1
22 289 2
22 296 2
22 299 1
22 305 2
22 359 2
22 376 1
22 388 1
22 400 1
22 447 3
22 454 1
22 488 18
22 489 8
22 492 1
22 494 1
22 497 1
22 498 1
22 523 2
22 538 2
22 577 1
22 617 1
22 653 1
22 674 2
22 691 3
22 720 1
22 796 1
22 841 1
22 862 1
22 881 2
22 887 1
22 947 18
22 950 1
22 951 2
22 999 6
22 1014 2
22 1126 2
22 1127 2
22 1130 1
22 1150 1
22 1165 5
22 1169 1
22 1192 1
22 1221 1
22 1248 1
22 1249 1
22 1250 1
22 1251 2
22 1252 1
22 1253 1
22 1254 1
22 1255 2
22 1256 7
22 1257 1
22 1258 1
22 1259 1
22 1260 3
22 1261 1
22 1262 1
22 1263 2
22 1264 1
22 1265 1
22 1266 1
22 1267 6
22 1268 1
22 1269 1
22 1270 1
22 1271 1
22 1272 1
22 1273 1
22 1274 1
23 2 2
23 3 1
23 10 7
23 13 1
23 14 8
23 15 1
23 18 1
23 19 1
23 26 1
23 27 1
23 37 6
23 42 2
23 51 5
23 53 2
23 55 1
23 57 2
23 59 2
23 60 2
23 63 2
23 77 2
23 88 8
23 89 1
23 97 2
23 100 1
23 110 1
23 116 1
23 120 1
23 123 1
23 127 1
23 128 1
23 130 2
23 131 2
23 141 1
23 144 3
23 145 5
23 146 1
23 152 2
23 156 1
23 162 1
23 164 1
23 170 1
23 172 1
23 174 1
23 175 2
23 176 2
23 178 6
23 179 6
23 181 4
23 184 11
23 185 7
23 186 2
23 188 3
23 193 5
23 195 3
23 196 1
23 197 2
23 203 1
23 204 1
23 205 1
23 206 1
23 214 1
23 221 1
23 232 4
23 234 1
23 245 3
23 247 1
23 251 4
23 254 2
23 259 1
23 260 1
23 272 5
23 280 1
23 287 1
23 289 6
23 293 1
23 297 1
23 299 2
23 302 4
23 316 2
23 321 1
23 329 9
23 343 1
23 344 2
23 351 1
23 352 1
23 353 5
23 357 5
23 370 2
23 385 1
23 397 1
23 400 1
23 401 10
23 404 1
23 406 1
23 413 15
23 419 1
23 422 3
23 427 1
23 431 2
23 435 1
23 436 1
23 437 4
23 447 1
23 449 1
23 451 1
23 453 1
23 459 1
23 467 1
23 474 1
23 475 3
23 476 1
23 477 1
23 478 1
23 487 3
23 489 1
23 505 1
23 510 2
23 522 1
23 562 2
23 563 3
23 596 1
23 626 1
23 629 3
23 698 1
23 708 1
23 713 2
23 715 1
23 724 7
23 726 6
23 731 1
23 751 1
23 766 1
23 769 4
23 776 3
23 783 1
23 787 1
23 796 1
23 797 1
23 826 1
23 830 1
23 841 1
23 877 1
23 883 1
23 907 2
23 919 1
23 1035 1
23 1039 6
23 1044 1
23 1049 1
23 1090 1
23 1123 2
23 1142 1
23 1167 1
23 1173 1
23 1193 1
23 1197 1
23 1199 1
23 1203 1
23 1204 2
23 1235 1
23 1258 1
23 1274 1
23 1275 1
23 1276 2
23 1277 1
23 1278 1
23 1279 1
23 1280 1
23 1281 1
23 1282 1
23 1283 1
23 1284 1
23 1285 3
23 1286 3
23 1287 1
23 1288 1
23 1289 1
23 1290 2
23 1291 1
23 1292 1
23 1293 2
23 1294 2
23 1295 1
23 1296 2
23 1297 1
23 1298 1
23 1299 2
23 1300 1
23 1301 1
23 1302 1
23 1303 1
23 1304 1
23 1305 1
23 1306 1
23 1307 1
23 1308 1
23 1309 1
23 1310 2
23 1311 1
23 1312 1
24 2 1
24 3 4
24 7 2
24 10 3
24 14 6
24 15 2
24 16 1
24 26 1
24 28 1
24 30 2
24 34 4
24 37 2
24 39 1
24 42 2
24 45 1
24 52 6
24 53 2
24 54 1
24 56 5
24 57 3
24 58 1
24 59 1
24 67 4
24 69 1
24 75 2
24 80 6
24 87 3
24 89 2
24 94 1
24 99 1
24 100 1
24 105 1
24 110 1
24 112 3
24 113 1
24 124 1
24 138 10
24 140 1
24 150 8
24 152 1
24 153 1
24 160 2
24 162 1
24 165 1
24 168 1
24 170 1
24 175 11
24 176 4
24 178 2
24 179 1
24 182 1
24 185 2
24 186 1
24 189 1
24 193 1
24 195 3
24 206 1
24 209 2
24 217 2
24 219 2
24 223 1
24 224 1
24 241 5
24 248 1
24 250 1
24 258 1
24 259 1
24 284 2
24 289 9
24 301 1
24 302 1
24 319 4
24 321 1
24 326 1
24 337 1
24 344 3
24 354 1
24 368 1
24 383 2
24 385 1
24 427 1
24 432 1
24 459 1
24 489 1
24 492 2
24 499 1
24 510 1
24 554 1
24 563 1
24 580 1
24 647 1
24 666 2
24 704 1
24 715 1
24 720 2
24 747 1
24 761 1
24 769 1
24 780 1
24 786 1
24 798 1
24 866 1
24 879 1
24 885 1
24 890 1
24 953 1
24 971 1
24 994 1
24 1010 1
24 1076 1
24 1077 1
24 1090 3
24 1128 1
24 1130 1
24 1142 5
24 1143 2
24 1148 1
24 1160 1
24 1164 1
24 1169 23
24 1172 1
24 1221 1
24 1223 1
24 1229 1
24 1250 1
24 1313 2
24 1314 1
24 1315 1
24 1316 1
24 1317 1
24 1318 1
24 1319 1
24 1320 1
24 1321 2
24 1322 1
24 1323 1
24 1324 1
24 1325 1
24 1326 4
24 1327 2
24 1328 2
24 1329 1
24 1330 10
24 1331 1
24 1332 2
24 1333 1
24 1334 2
24 1335 1
24 1336 1
24 1337 3
24 1338 1
24 1339 1
24 1340 3
24 1341 1
24 1342 1
24 1343 2
24 1344 1
24 1345 1
25 1 1
25 2 5
25 3 12
25 4 2
25 7 2
25 14 3
25 15 2
25 18 1
25 24 1
25 26 1
25 29 1
25 30 1
25 34 5
25 37 1
25 48 1
25 53 1
25 56 2
25 58 2
25 67 3
25 69 1
25 75 3
25 80 5
25 87 3
25 89 1
25 94 3
25 100 3
25 105 3
25 109 1
25 113 1
25 115 1
25 116 1
25 131 1
25 137 8
25 141 1
25 144 1
25 146 5
25 147 1
25 150 6
25 153 3
25 160 2
25 172 1
25 175 1
25 176 4
25 182 1
25 186 7
25 195 1
25 205 1
25 206 2
25 214 2
25 223 2
25 225 1
25 235 1
25 241 1
25 250 1
25 256 6
25 258 1
25 259 2
25 263 1
25 277 5
25 289 4
25 302 1
25 323 1
25 332 1
25 339 4
25 382 1
25 385 1
25 390 1
25 436 1
25 438 2
25 474 1
25 479 9
25 484 1
25 492 1
25 499 1
25 533 1
25 543 1
25 554 1
25 555 1
25 649 1
25 665 1
25 670 1
25 673 2
25 787 1
25 798 1
25 1001 1
25 1050 1
25 1094 1
25 1099 2
25 1178 1
25 1192 1
25 1250 2
25 1314 3
25 1333 1
25 1334 3
25 1346 1
25 1347 1
25 1348 1
25 1349 1
25 1350 1
25 1351 1
25 1352 1
25 1353 1
25 1354 1
25 1355 1
25 1356 1
25 1357 1
26 1 1
26 2 1
26 3 1
26 10 5
26 11 1
26 14 7
26 30 1
26 37 4
26 48 1
26 54 1
26 66 2
26 67 1
26 75 2
26 79 2
26 80 4
26 88 2
26 93 1
26 94 1
26 105 1
26 116 2
26 117 3
26 122 1
26 131 1
26 134 1
26 140 1
26 141 2
26 150 2
26 175 1
26 176 1
26 185 4
26 197 1
26 200 1
26 201 1
26 202 17
26 205 3
26 206 2
26 207 2
26 210 2
26 214 1
26 223 2
26 237 1
26 238 2
26 241 1
26 247 1
26 248 5
26 250 3
26 251 2
26 255 1
26 257 1
26 258 3
26 260 2
26 278 2
26 284 2
26 289 2
26 291 1
26 299 1
26 305 1
26 310 1
26 311 1
26 330 1
26 338 1
26 343 1
26 345 2
26 354 2
26 356 1
26 358 1
26 359 2
26 368 1
26 374 1
26 376 1
26 378 1
26 381 1
26 387 1
26 403 2
26 425 2
26 454 1
26 516 1
26 590 2
26 617 1
26 666 1
26 687 1
26 706 1
26 787 2
26 789 2
26 842 1
26 883 1
26 917 1
26 923 1
26 999 1
26 1005 1
26 1011 1
26 1094 1
26 1096 1
26 1137 1
26 1201 1
26 1271 1
26 1319 1
26 1340 2
26 1358 1
26 1359 1
26 1360 1
26 1361 1
26 1362 1
26 1363 1
26 1364 1
26 1365 1
26 1366 1
26 1367 1
26 1368 1
26 1369 1
26 1370 1
26 1371 1
26 1372 1
