%%MatrixMarket matrix coordinate real general
16 1155 2745                                      
1 1 1
1 2 1
1 3 20
1 4 2
1 5 4
1 6 3
1 7 4
1 8 3
1 9 1
1 10 8
1 11 1
1 12 4
1 13 1
1 14 3
1 15 8
1 16 2
1 17 1
1 18 1
1 19 2
1 20 1
1 21 3
1 22 1
1 23 1
1 24 1
1 25 1
1 26 1
1 27 1
1 28 1
1 29 1
1 30 1
1 31 1
1 32 3
1 33 1
1 34 1
1 35 2
1 36 3
1 37 1
1 38 2
1 39 1
1 40 1
1 41 1
1 42 1
1 43 3
1 44 1
1 45 2
1 46 1
1 47 1
1 48 1
1 49 1
1 50 3
1 51 1
1 52 1
1 53 3
1 54 2
1 55 1
1 56 1
1 57 1
1 58 2
1 59 1
1 60 1
1 61 1
1 62 1
1 63 1
1 64 1
1 65 2
1 66 2
1 67 2
1 68 6
1 69 1
1 70 1
1 71 1
1 72 2
1 73 1
1 74 3
1 75 1
1 76 2
1 77 1
1 78 1
1 79 1
1 80 1
1 81 1
1 82 1
1 83 1
1 84 1
1 85 2
1 86 1
1 87 1
1 88 1
1 89 1
1 90 2
1 91 1
1 92 1
1 93 2
1 94 1
1 95 1
1 96 2
1 97 1
1 98 1
1 99 1
1 100 1
1 101 1
1 102 1
1 103 1
1 104 1
1 105 1
1 106 1
1 107 4
1 108 1
1 109 1
1 110 4
1 111 1
1 112 2
1 113 1
1 114 1
1 115 1
1 116 1
1 117 2
1 118 1
1 119 1
1 120 1
1 121 1
1 122 1
1 123 1
1 124 3
1 125 1
1 126 1
1 127 1
1 128 4
1 129 2
1 130 2
1 131 1
1 132 3
1 133 1
1 134 1
1 135 1
1 136 1
1 137 3
1 138 1
1 139 2
1 140 1
1 141 2
1 142 1
1 143 1
1 144 1
1 145 2
1 146 1
1 147 9
1 148 1
1 149 2
1 150 1
1 151 3
1 152 1
1 153 2
1 154 1
1 155 1
1 156 5
1 157 2
1 158 1
1 159 1
1 160 1
1 161 2
1 162 1
1 163 1
1 164 1
1 165 1
1 166 1
1 167 1
1 168 1
1 169 1
1 170 1
1 171 2
1 172 1
1 173 1
1 174 2
1 175 2
1 176 1
1 177 1
1 178 1
1 179 6
1 180 1
1 181 1
1 182 2
1 183 1
1 184 1
1 185 3
1 186 1
1 187 7
1 188 1
1 189 2
1 190 1
1 191 1
1 192 1
1 193 2
1 194 5
2 3 2
2 10 3
2 12 1
2 14 5
2 15 6
2 31 3
2 35 1
2 38 4
2 43 3
2 48 2
2 52 1
2 53 14
2 54 1
2 55 1
2 56 1
2 57 2
2 58 1
2 59 3
2 60 1
2 61 2
2 70 1
2 76 3
2 77 1
2 82 5
2 89 1
2 90 1
2 96 3
2 97 1
2 102 1
2 110 1
2 117 1
2 118 1
2 131 1
2 132 1
2 135 1
2 141 1
2 150 1
2 151 9
2 161 3
2 163 2
2 176 1
2 177 2
2 178 1
2 180 1
2 182 2
2 186 3
2 187 3
2 195 1
2 196 1
2 197 2
2 198 1
2 199 1
2 200 1
2 201 1
2 202 1
2 203 1
2 204 16
2 205 2
2 206 3
2 207 4
2 208 3
2 209 1
2 210 1
2 211 1
2 212 1
2 213 1
2 214 1
2 215 2
2 216 2
2 217 1
2 218 1
2 219 1
2 220 2
2 221 1
2 222 1
2 223 2
2 224 1
2 225 2
2 226 1
2 227 1
2 228 1
2 229 1
2 230 2
2 231 1
2 232 1
2 233 2
2 234 1
2 235 1
2 236 2
2 237 1
2 238 1
2 239 2
2 240 1
2 241 1
2 242 1
2 243 2
2 244 1
2 245 1
2 246 1
2 247 1
2 248 1
2 249 1
2 250 1
2 251 1
2 252 1
2 253 1
2 254 14
2 255 1
2 256 1
2 257 1
2 258 1
2 259 1
2 260 1
2 261 1
2 262 1
2 263 1
2 264 1
2 265 1
2 266 1
2 267 1
2 268 1
2 269 1
2 270 1
2 271 1
2 272 1
2 273 1
2 274 1
2 275 1
2 276 2
2 277 1
2 278 1
2 279 1
2 280 2
2 281 1
2 282 16
2 283 1
2 284 1
2 285 3
2 286 1
2 287 1
3 1 1
3 2 1
3 3 2
3 10 4
3 14 7
3 25 1
3 28 3
3 31 3
3 35 2
3 38 3
3 43 5
3 44 1
3 49 1
3 52 1
3 54 2
3 55 6
3 56 1
3 57 4
3 58 2
3 62 1
3 67 2
3 68 1
3 70 1
3 76 3
3 77 1
3 81 3
3 82 3
3 90 6
3 96 4
3 102 1
3 107 1
3 110 2
3 111 1
3 113 1
3 116 1
3 117 1
3 128 1
3 132 3
3 137 1
3 138 1
3 145 1
3 147 1
3 148 1
3 150 2
3 151 7
3 153 2
3 157 1
3 161 4
3 163 5
3 169 1
3 171 2
3 176 5
3 177 10
3 178 2
3 180 1
3 183 1
3 185 1
3 186 1
3 187 4
3 193 1
3 194 4
3 196 1
3 197 1
3 198 4
3 199 1
3 200 2
3 202 4
3 203 2
3 204 22
3 205 3
3 206 7
3 207 7
3 208 2
3 209 2
3 212 5
3 214 2
3 223 2
3 224 3
3 225 2
3 229 1
3 233 5
3 234 1
3 237 1
3 238 1
3 239 1
3 240 1
3 242 1
3 243 2
3 246 2
3 254 15
3 255 1
3 257 1
3 259 3
3 260 1
3 261 3
3 262 1
3 269 1
3 270 2
3 271 1
3 272 1
3 277 1
3 279 1
3 282 1
3 283 1
3 285 1
3 287 1
3 288 1
3 289 1
3 290 16
3 291 1
3 292 1
3 293 1
3 294 1
3 295 1
3 296 1
3 297 1
3 298 1
3 299 1
3 300 2
3 301 1
3 302 1
3 303 1
3 304 1
3 305 1
3 306 2
3 307 1
3 308 1
3 309 1
3 310 4
3 311 1
3 312 1
3 313 2
3 314 1
3 315 1
3 316 2
3 317 1
3 318 1
3 319 1
3 320 1
3 321 1
3 322 1
3 323 1
3 324 1
3 325 1
3 326 1
3 327 1
3 328 1
3 329 1
3 330 1
3 331 1
3 332 1
3 333 1
3 334 1
3 335 2
3 336 1
3 337 2
3 338 1
3 339 1
3 340 1
3 341 2
3 342 1
3 343 2
3 344 1
3 345 1
3 346 2
3 347 1
3 348 1
3 349 4
3 350 1
3 351 1
3 352 3
3 353 1
3 354 1
3 355 1
3 356 1
3 357 1
3 358 1
3 359 1
3 360 1
3 361 1
3 362 2
3 363 1
3 364 2
3 365 1
3 366 1
3 367 2
3 368 1
3 369 1
3 370 3
3 371 1
3 372 1
3 373 2
3 374 1
3 375 1
3 376 1
3 377 1
3 378 1
3 379 1
3 380 1
3 381 1
3 382 1
3 383 1
3 384 1
3 385 1
3 386 1
3 387 1
3 388 1
4 2 1
4 3 2
4 10 3
4 14 3
4 15 8
4 22 1
4 24 1
4 26 1
4 28 1
4 29 1
4 31 2
4 42 2
4 43 3
4 51 1
4 52 1
4 54 7
4 55 2
4 58 3
4 61 1
4 64 3
4 68 1
4 76 1
4 77 1
4 79 3
4 81 1
4 82 2
4 89 1
4 90 4
4 96 1
4 98 1
4 99 5
4 110 3
4 111 2
4 113 3
4 116 1
4 117 3
4 121 1
4 124 1
4 128 2
4 129 1
4 145 2
4 146 2
4 148 1
4 150 2
4 151 4
4 154 1
4 157 1
4 160 1
4 161 1
4 165 3
4 166 1
4 168 1
4 171 2
4 177 1
4 178 2
4 179 4
4 180 4
4 182 1
4 183 2
4 185 3
4 187 4
4 191 1
4 194 11
4 196 2
4 198 2
4 199 1
4 207 3
4 208 4
4 214 1
4 216 1
4 219 5
4 221 3
4 225 2
4 227 1
4 231 1
4 233 3
4 234 5
4 237 1
4 238 1
4 240 1
4 245 1
4 247 1
4 255 1
4 256 3
4 260 1
4 261 1
4 262 2
4 273 2
4 274 2
4 286 1
4 314 1
4 319 9
4 341 1
4 342 2
4 343 3
4 354 1
4 370 21
4 389 1
4 390 1
4 391 1
4 392 2
4 393 1
4 394 1
4 395 1
4 396 1
4 397 1
4 398 1
4 399 2
4 400 1
4 401 1
4 402 1
4 403 1
4 404 3
4 405 1
4 406 1
4 407 1
4 408 10
4 409 2
4 410 1
4 411 1
4 412 1
4 413 1
4 414 1
4 415 2
4 416 1
4 417 10
4 418 1
4 419 2
4 420 2
4 421 1
4 422 2
4 423 1
4 424 3
4 425 1
4 426 5
4 427 14
4 428 1
4 429 1
4 430 1
4 431 1
4 432 1
4 433 1
4 434 3
4 435 2
4 436 1
4 437 1
4 438 1
4 439 1
4 440 1
4 441 1
4 442 1
4 443 1
4 444 2
4 445 1
4 446 1
4 447 1
4 448 1
4 449 1
4 450 1
4 451 1
4 452 1
4 453 1
4 454 1
4 455 1
4 456 2
4 457 1
4 458 1
4 459 1
4 460 1
4 461 1
4 462 1
4 463 1
4 464 9
4 465 1
4 466 1
4 467 3
4 468 1
4 469 1
4 470 1
4 471 1
4 472 1
4 473 1
4 474 2
4 475 1
4 476 1
4 477 1
5 1 1
5 3 4
5 6 1
5 10 4
5 11 1
5 14 3
5 15 11
5 27 8
5 30 1
5 31 1
5 35 1
5 40 1
5 42 1
5 43 4
5 55 1
5 56 2
5 57 2
5 58 1
5 62 1
5 64 1
5 70 1
5 76 1
5 77 1
5 81 1
5 82 4
5 84 1
5 89 2
5 96 1
5 102 1
5 104 1
5 113 1
5 114 3
5 126 1
5 132 2
5 142 1
5 146 1
5 151 6
5 160 1
5 161 1
5 162 1
5 166 1
5 171 2
5 174 1
5 176 7
5 177 10
5 179 1
5 180 4
5 181 5
5 186 12
5 187 2
5 189 1
5 190 1
5 199 1
5 211 1
5 216 2
5 218 1
5 227 2
5 230 1
5 231 4
5 235 2
5 243 2
5 247 2
5 252 2
5 260 1
5 261 1
5 279 1
5 316 3
5 326 1
5 327 2
5 337 1
5 343 1
5 368 2
5 370 7
5 381 1
5 382 1
5 407 1
5 412 1
5 434 1
5 437 2
5 443 1
5 459 1
5 464 2
5 478 3
5 479 1
5 480 1
5 481 1
5 482 2
5 483 1
5 484 1
5 485 2
5 486 1
5 487 3
5 488 3
5 489 2
5 490 5
5 491 1
5 492 1
5 493 2
5 494 3
5 495 1
5 496 1
5 497 2
5 498 1
5 499 1
5 500 1
5 501 1
5 502 2
5 503 1
5 504 1
5 505 1
5 506 2
5 507 2
5 508 5
5 509 1
5 510 3
5 511 1
5 512 2
5 513 1
5 514 1
5 515 1
5 516 1
5 517 6
5 518 1
5 519 1
5 520 2
5 521 1
5 522 2
5 523 1
5 524 1
5 525 1
5 526 1
5 527 1
5 528 28
5 529 2
5 530 4
5 531 2
5 532 1
5 533 1
5 534 1
5 535 1
5 536 22
5 537 3
5 538 1
5 539 1
5 540 1
5 541 1
5 542 1
5 543 4
5 544 1
5 545 1
5 546 15
5 547 1
5 548 1
5 549 2
5 550 1
6 1 1
6 3 1
6 6 9
6 10 1
6 14 4
6 16 3
6 25 3
6 31 1
6 35 8
6 43 3
6 49 1
6 50 2
6 52 1
6 54 3
6 55 1
6 56 1
6 57 2
6 64 1
6 68 2
6 70 1
6 76 1
6 77 1
6 82 4
6 96 2
6 99 2
6 104 1
6 110 1
6 116 1
6 132 1
6 138 1
6 148 1
6 151 6
6 154 1
6 160 11
6 161 1
6 169 1
6 171 2
6 176 10
6 177 9
6 178 1
6 179 9
6 182 1
6 183 1
6 185 2
6 186 4
6 187 3
6 192 1
6 194 2
6 196 1
6 211 1
6 212 1
6 214 7
6 216 2
6 244 1
6 247 10
6 248 1
6 252 1
6 255 1
6 256 12
6 257 1
6 258 2
6 260 2
6 266 1
6 274 2
6 277 1
6 278 1
6 279 1
6 290 11
6 299 1
6 313 1
6 340 1
6 342 1
6 343 1
6 359 1
6 385 2
6 388 1
6 398 1
6 407 1
6 411 1
6 417 1
6 419 1
6 425 1
6 429 1
6 436 1
6 443 1
6 459 2
6 460 1
6 470 2
6 475 1
6 478 2
6 479 1
6 488 1
6 489 1
6 492 1
6 502 2
6 506 3
6 514 3
6 515 5
6 517 2
6 528 3
6 532 1
6 533 1
6 535 4
6 537 3
6 546 30
6 551 1
6 552 1
6 553 3
6 554 5
6 555 1
6 556 2
6 557 2
6 558 4
6 559 1
6 560 1
6 561 6
6 562 8
6 563 1
6 564 1
6 565 8
6 566 1
6 567 3
6 568 10
6 569 3
6 570 1
6 571 1
6 572 1
6 573 1
6 574 2
6 575 1
6 576 1
6 577 1
6 578 1
6 579 1
6 580 3
6 581 1
6 582 3
6 583 1
6 584 1
6 585 2
6 586 2
6 587 2
6 588 3
6 589 1
6 590 2
6 591 3
6 592 1
6 593 1
6 594 3
6 595 1
6 596 1
6 597 6
6 598 1
6 599 1
6 600 1
6 601 1
6 602 1
6 603 1
6 604 5
6 605 1
6 606 1
6 607 3
6 608 1
6 609 1
6 610 3
6 611 1
6 612 1
6 613 1
6 614 1
6 615 1
6 616 1
6 617 1
6 618 2
6 619 1
6 620 1
6 621 2
6 622 1
6 623 2
6 624 3
6 625 1
6 626 4
6 627 1
6 628 1
6 629 2
6 630 1
6 631 1
6 632 1
6 633 1
6 634 1
6 635 1
6 636 1
6 637 3
6 638 4
6 639 1
6 640 1
6 641 7
6 642 1
6 643 1
6 644 1
6 645 1
6 646 2
6 647 1
7 1 2
7 2 1
7 3 5
7 4 1
7 10 1
7 14 7
7 15 8
7 28 1
7 31 3
7 35 7
7 38 3
7 43 3
7 46 1
7 49 1
7 54 8
7 55 1
7 56 1
7 57 3
7 58 1
7 61 6
7 62 1
7 68 11
7 70 1
7 72 1
7 76 3
7 77 1
7 81 1
7 82 4
7 83 1
7 90 3
7 93 1
7 96 3
7 107 2
7 109 1
7 113 4
7 116 1
7 117 1
7 132 1
7 135 1
7 137 1
7 138 8
7 148 1
7 150 5
7 151 8
7 153 2
7 157 1
7 160 4
7 161 1
7 169 3
7 171 1
7 176 9
7 177 3
7 179 4
7 183 2
7 186 7
7 187 6
7 193 2
7 194 6
7 196 2
7 198 1
7 199 3
7 205 1
7 207 6
7 208 2
7 211 2
7 212 3
7 214 3
7 216 2
7 225 2
7 227 1
7 231 2
7 233 2
7 234 2
7 237 1
7 238 1
7 243 3
7 244 1
7 245 10
7 247 1
7 248 1
7 252 1
7 256 8
7 257 1
7 258 5
7 260 1
7 267 1
7 278 5
7 280 3
7 283 1
7 285 1
7 287 1
7 299 2
7 302 1
7 309 1
7 312 1
7 319 1
7 336 1
7 337 1
7 339 3
7 340 1
7 341 1
7 343 1
7 353 1
7 359 1
7 368 1
7 388 1
7 397 1
7 407 4
7 413 1
7 429 1
7 436 2
7 437 1
7 459 7
7 480 3
7 491 3
7 498 2
7 502 1
7 516 3
7 521 2
7 546 5
7 557 1
7 561 6
7 571 1
7 578 1
7 597 1
7 615 1
7 648 1
7 649 1
7 650 1
7 651 2
7 652 1
7 653 1
7 654 1
7 655 1
7 656 2
7 657 1
7 658 1
7 659 1
7 660 1
7 661 1
7 662 1
7 663 1
7 664 1
7 665 1
7 666 1
7 667 1
7 668 1
7 669 1
7 670 1
7 671 1
7 672 1
7 673 1
7 674 2
7 675 1
7 676 1
7 677 1
7 678 1
7 679 4
7 680 1
7 681 1
7 682 1
7 683 1
7 684 2
7 685 1
7 686 1
7 687 1
7 688 1
7 689 7
7 690 1
7 691 1
7 692 1
7 693 1
7 694 2
7 695 2
7 696 1
7 697 4
7 698 2
7 699 3
7 700 1
7 701 1
7 702 2
7 703 1
7 704 1
7 705 3
7 706 1
7 707 1
7 708 1
7 709 1
7 710 1
7 711 1
7 712 6
7 713 1
7 714 31
8 3 1
8 10 3
8 14 5
8 15 4
8 19 1
8 31 3
8 35 1
8 38 1
8 43 2
8 53 3
8 57 2
8 58 1
8 59 1
8 70 1
8 71 1
8 77 1
8 79 21
8 82 4
8 90 1
8 96 1
8 107 1
8 110 1
8 117 1
8 131 1
8 132 1
8 143 1
8 146 31
8 150 1
8 151 8
8 153 1
8 157 1
8 160 1
8 161 1
8 163 1
8 166 1
8 177 4
8 178 1
8 179 5
8 180 1
8 183 2
8 186 2
8 187 1
8 190 1
8 194 9
8 196 4
8 197 2
8 198 1
8 199 2
8 205 3
8 207 1
8 208 2
8 211 1
8 212 2
8 216 1
8 219 2
8 221 1
8 225 2
8 235 1
8 236 1
8 237 1
8 238 1
8 242 2
8 247 5
8 249 1
8 252 1
8 260 1
8 261 1
8 284 1
8 302 1
8 339 1
8 343 2
8 357 2
8 368 1
8 370 7
8 381 1
8 385 3
8 388 4
8 390 1
8 400 3
8 401 1
8 403 1
8 407 1
8 424 9
8 427 2
8 431 3
8 432 1
8 436 2
8 446 8
8 451 5
8 453 2
8 459 1
8 460 1
8 471 2
8 492 1
8 503 1
8 521 1
8 528 1
8 537 2
8 561 2
8 577 1
8 663 1
8 679 1
8 681 1
8 687 1
8 711 1
8 713 4
8 715 1
8 716 1
8 717 2
8 718 1
8 719 1
8 720 1
8 721 2
8 722 4
8 723 2
8 724 2
8 725 1
8 726 1
8 727 1
8 728 1
8 729 1
8 730 3
8 731 1
8 732 1
8 733 1
8 734 1
8 735 1
8 736 1
8 737 1
8 738 1
8 739 1
8 740 1
8 741 2
8 742 1
8 743 1
8 744 1
8 745 1
8 746 3
8 747 2
8 748 10
8 749 1
8 750 1
8 751 1
8 752 1
8 753 1
8 754 1
8 755 1
8 756 1
8 757 1
9 14 1
9 131 1
9 160 1
9 234 1
9 315 1
9 326 1
9 342 1
9 417 1
9 459 1
9 758 1
9 759 1
9 760 3
9 761 1
9 762 1
9 763 1
9 764 2
9 765 1
9 766 1
9 767 1
10 1 1
10 3 3
10 7 1
10 10 1
10 14 3
10 28 1
10 31 1
10 35 4
10 37 1
10 40 1
10 43 5
10 44 1
10 45 4
10 52 1
10 54 4
10 56 1
10 57 6
10 58 1
10 61 1
10 70 1
10 77 1
10 79 20
10 81 1
10 82 3
10 89 4
10 96 1
10 99 1
10 107 2
10 110 1
10 113 1
10 116 1
10 119 1
10 129 1
10 137 1
10 143 2
10 146 16
10 148 1
10 151 5
10 153 1
10 154 2
10 157 1
10 160 9
10 161 1
10 171 1
10 176 9
10 177 4
10 178 1
10 179 2
10 183 1
10 186 5
10 187 1
10 193 5
10 194 15
10 199 1
10 211 2
10 214 1
10 216 2
10 217 7
10 219 3
10 243 4
10 247 11
10 252 1
10 255 1
10 260 1
10 274 1
10 285 1
10 290 16
10 296 2
10 302 2
10 319 7
10 367 1
10 370 16
10 388 2
10 406 2
10 407 5
10 422 3
10 424 3
10 432 1
10 436 2
10 459 3
10 460 2
10 475 1
10 476 1
10 479 1
10 488 2
10 489 1
10 490 1
10 498 1
10 509 1
10 512 1
10 515 2
10 521 1
10 528 6
10 531 2
10 539 2
10 546 16
10 561 4
10 567 1
10 571 1
10 578 3
10 614 1
10 663 1
10 686 1
10 687 4
10 692 1
10 697 13
10 702 1
10 704 2
10 713 1
10 715 4
10 739 1
10 754 1
10 757 1
10 762 2
10 767 5
10 768 1
10 769 1
10 770 1
10 771 3
10 772 1
10 773 1
10 774 1
10 775 2
10 776 11
10 777 2
10 778 1
10 779 2
10 780 1
10 781 2
10 782 1
10 783 3
10 784 1
10 785 2
10 786 3
10 787 5
10 788 3
10 789 1
10 790 1
10 791 1
10 792 3
10 793 1
10 794 1
10 795 1
10 796 2
10 797 1
10 798 1
10 799 8
10 800 23
10 801 2
11 3 1
11 10 4
11 14 4
11 15 7
11 31 3
11 35 1
11 38 12
11 43 4
11 45 1
11 48 1
11 54 5
11 55 7
11 57 3
11 58 1
11 67 1
11 68 3
11 70 1
11 76 1
11 77 1
11 82 5
11 90 1
11 96 1
11 102 1
11 107 1
11 110 1
11 116 1
11 117 2
11 132 2
11 141 2
11 144 2
11 148 1
11 150 1
11 151 9
11 161 1
11 169 1
11 171 1
11 176 1
11 183 1
11 186 6
11 196 1
11 198 4
11 205 1
11 207 2
11 208 9
11 212 1
11 215 2
11 216 4
11 225 2
11 231 1
11 233 8
11 234 10
11 237 1
11 238 1
11 243 4
11 247 3
11 252 1
11 260 1
11 262 1
11 277 1
11 278 2
11 279 1
11 281 3
11 287 1
11 309 1
11 319 1
11 336 1
11 337 1
11 340 1
11 343 1
11 344 1
11 376 4
11 381 1
11 389 2
11 404 1
11 408 4
11 415 1
11 431 1
11 437 1
11 447 1
11 461 2
11 505 2
11 578 1
11 594 1
11 615 1
11 622 1
11 698 1
11 711 1
11 713 2
11 741 1
11 743 1
11 751 1
11 787 1
11 788 1
11 795 1
11 802 7
11 803 1
11 804 3
11 805 4
11 806 10
11 807 1
11 808 1
11 809 1
11 810 1
11 811 1
11 812 2
11 813 1
11 814 1
11 815 3
11 816 1
11 817 1
11 818 1
11 819 1
11 820 1
11 821 1
11 822 1
11 823 1
11 824 1
11 825 1
11 826 1
11 827 1
11 828 11
11 829 1
11 830 1
11 831 1
11 832 1
11 833 1
11 834 1
12 3 14
12 10 8
12 13 1
12 14 3
12 15 7
12 31 3
12 35 3
12 38 6
12 43 3
12 45 1
12 54 4
12 55 1
12 57 2
12 58 2
12 60 1
12 61 2
12 65 12
12 70 1
12 71 1
12 74 1
12 77 1
12 82 5
12 90 2
12 96 1
12 102 1
12 107 2
12 113 1
12 116 1
12 117 1
12 124 1
12 129 1
12 132 2
12 135 1
12 141 3
12 144 8
12 148 1
12 150 2
12 151 9
12 153 2
12 161 1
12 171 2
12 179 4
12 180 5
12 182 2
12 183 2
12 186 14
12 187 4
12 193 7
12 197 2
12 198 1
12 199 1
12 201 2
12 207 7
12 208 3
12 211 2
12 212 1
12 214 1
12 216 13
12 218 1
12 219 3
12 221 2
12 225 2
12 233 3
12 234 10
12 236 1
12 237 1
12 238 1
12 243 3
12 252 3
12 257 1
12 260 1
12 262 1
12 269 1
12 272 1
12 279 1
12 305 1
12 337 1
12 343 1
12 359 3
12 388 5
12 404 1
12 436 1
12 437 8
12 465 1
12 486 1
12 498 2
12 504 11
12 505 1
12 509 1
12 521 4
12 528 2
12 535 1
12 591 9
12 614 1
12 621 1
12 627 1
12 663 2
12 686 2
12 692 1
12 702 3
12 728 1
12 754 1
12 756 1
12 784 1
12 785 1
12 795 1
12 798 1
12 800 1
12 806 5
12 813 1
12 816 1
12 818 1
12 820 3
12 824 1
12 828 12
12 835 1
12 836 1
12 837 1
12 838 1
12 839 1
12 840 6
12 841 1
12 842 1
12 843 1
12 844 1
12 845 2
12 846 1
12 847 3
12 848 1
12 849 3
12 850 1
12 851 1
12 852 2
12 853 1
12 854 6
12 855 2
12 856 4
12 857 1
12 858 1
12 859 1
12 860 1
12 861 2
12 862 1
12 863 1
12 864 1
12 865 1
12 866 1
12 867 1
12 868 1
12 869 2
12 870 1
12 871 1
12 872 2
12 873 1
13 2 2
13 3 4
13 6 3
13 10 6
13 12 1
13 14 4
13 15 16
13 28 1
13 31 1
13 35 4
13 38 2
13 43 4
13 45 2
13 54 4
13 56 2
13 57 2
13 58 2
13 61 1
13 68 1
13 70 1
13 77 1
13 79 3
13 81 2
13 82 2
13 89 4
13 90 4
13 95 2
13 96 2
13 102 1
13 110 4
13 116 1
13 124 1
13 125 1
13 142 1
13 143 1
13 146 5
13 147 1
13 148 1
13 151 4
13 161 2
13 163 1
13 165 2
13 169 1
13 171 2
13 174 1
13 176 1
13 177 3
13 179 10
13 180 2
13 183 14
13 186 4
13 187 2
13 194 18
13 201 1
13 205 2
13 207 1
13 212 2
13 214 3
13 216 2
13 218 1
13 219 2
13 247 3
13 249 3
13 252 2
13 256 1
13 257 1
13 260 1
13 266 1
13 269 1
13 271 2
13 283 1
13 285 1
13 299 2
13 341 1
13 343 3
13 344 1
13 349 1
13 354 1
13 357 4
13 367 1
13 370 29
13 377 1
13 383 1
13 386 2
13 400 1
13 401 3
13 409 1
13 410 1
13 411 1
13 417 30
13 421 1
13 427 1
13 434 1
13 436 2
13 437 1
13 460 2
13 464 1
13 480 2
13 486 2
13 490 1
13 491 1
13 527 1
13 532 2
13 577 2
13 689 4
13 698 1
13 702 1
13 713 1
13 743 2
13 749 6
13 754 1
13 781 2
13 787 2
13 819 1
13 874 1
13 875 3
13 876 1
13 877 1
13 878 1
13 879 1
13 880 1
13 881 1
13 882 2
13 883 1
13 884 1
13 885 1
13 886 2
13 887 1
13 888 2
13 889 1
13 890 1
13 891 1
13 892 1
13 893 10
13 894 2
13 895 4
13 896 1
13 897 1
13 898 1
13 899 1
13 900 1
13 901 1
13 902 5
13 903 2
13 904 2
13 905 3
13 906 1
13 907 4
13 908 1
13 909 1
13 910 1
13 911 2
13 912 1
13 913 1
13 914 1
13 915 1
13 916 1
13 917 1
13 918 1
13 919 1
13 920 1
13 921 1
13 922 1
13 923 1
13 924 1
13 925 1
13 926 2
13 927 1
14 2 1
14 3 2
14 10 2
14 14 5
14 15 17
14 19 1
14 24 1
14 26 1
14 29 1
14 31 3
14 35 3
14 38 1
14 43 3
14 45 1
14 54 3
14 55 2
14 56 1
14 57 2
14 58 3
14 60 1
14 70 1
14 76 2
14 77 1
14 81 2
14 82 5
14 89 1
14 90 2
14 96 3
14 102 1
14 107 3
14 111 1
14 113 3
14 116 1
14 117 1
14 119 1
14 124 1
14 128 17
14 129 1
14 131 1
14 132 3
14 138 1
14 141 4
14 144 8
14 148 1
14 150 2
14 151 9
14 159 1
14 161 2
14 165 1
14 171 2
14 176 8
14 177 1
14 179 2
14 183 1
14 186 5
14 187 2
14 191 1
14 193 1
14 194 1
14 197 1
14 198 1
14 201 3
14 205 1
14 207 1
14 208 2
14 214 1
14 216 2
14 225 2
14 227 1
14 233 5
14 234 8
14 237 1
14 238 1
14 243 2
14 247 1
14 252 5
14 260 1
14 262 1
14 279 1
14 281 3
14 283 1
14 285 2
14 286 1
14 309 1
14 316 1
14 319 3
14 337 1
14 348 1
14 349 1
14 385 1
14 388 2
14 400 1
14 401 2
14 410 1
14 415 1
14 422 1
14 427 1
14 434 2
14 436 1
14 437 1
14 446 1
14 454 1
14 457 1
14 460 2
14 464 1
14 473 1
14 488 1
14 490 2
14 498 2
14 502 1
14 504 1
14 514 1
14 521 1
14 537 1
14 610 4
14 622 1
14 624 3
14 676 1
14 685 1
14 689 1
14 698 1
14 702 1
14 713 1
14 722 1
14 731 1
14 754 1
14 755 1
14 766 5
14 788 1
14 794 2
14 795 1
14 804 1
14 806 9
14 813 1
14 815 1
14 828 14
14 831 2
14 832 1
14 869 2
14 877 2
14 879 1
14 881 1
14 891 1
14 898 1
14 928 1
14 929 1
14 930 3
14 931 1
14 932 1
14 933 1
14 934 2
14 935 2
14 936 1
14 937 1
14 938 1
14 939 1
14 940 1
14 941 1
14 942 1
14 943 1
14 944 1
14 945 8
14 946 1
14 947 1
14 948 1
14 949 1
14 950 2
14 951 1
14 952 1
14 953 1
14 954 1
14 955 1
14 956 2
14 957 1
14 958 1
14 959 1
14 960 1
14 961 2
14 962 4
14 963 16
14 964 1
14 965 1
14 966 3
14 967 1
14 968 1
15 1 1
15 3 9
15 14 4
15 15 26
15 16 1
15 27 2
15 35 3
15 38 4
15 43 3
15 49 1
15 53 2
15 54 4
15 56 1
15 57 3
15 58 2
15 61 1
15 67 1
15 68 1
15 74 1
15 75 1
15 76 1
15 82 1
15 89 4
15 91 1
15 96 1
15 99 2
15 100 1
15 107 4
15 109 2
15 113 4
15 116 1
15 119 1
15 124 2
15 131 1
15 135 1
15 137 3
15 140 1
15 141 1
15 142 2
15 146 15
15 148 1
15 149 1
15 151 1
15 153 1
15 154 3
15 157 2
15 160 5
15 161 1
15 169 2
15 170 2
15 171 2
15 176 13
15 177 10
15 179 4
15 182 1
15 183 1
15 185 5
15 186 10
15 187 2
15 193 1
15 194 1
15 196 1
15 197 1
15 207 9
15 211 9
15 212 9
15 214 3
15 227 1
15 236 1
15 243 2
15 244 1
15 245 1
15 247 16
15 252 1
15 256 3
15 260 3
15 262 2
15 271 2
15 282 2
15 285 5
15 288 3
15 305 1
15 309 1
15 314 1
15 317 1
15 319 1
15 336 1
15 337 1
15 342 2
15 343 3
15 353 1
15 359 2
15 361 1
15 367 4
15 370 17
15 373 1
15 383 2
15 388 1
15 389 1
15 406 3
15 407 1
15 415 1
15 422 8
15 427 2
15 432 1
15 436 1
15 460 2
15 464 3
15 465 3
15 475 2
15 476 6
15 478 2
15 480 1
15 481 1
15 482 1
15 488 7
15 498 3
15 502 1
15 506 1
15 507 2
15 517 2
15 521 1
15 528 4
15 531 2
15 532 2
15 534 1
15 537 1
15 539 4
15 546 13
15 561 4
15 565 1
15 571 2
15 573 1
15 577 2
15 590 12
15 593 1
15 597 2
15 619 1
15 624 2
15 651 2
15 657 1
15 661 1
15 663 1
15 674 1
15 686 10
15 697 8
15 723 1
15 728 1
15 732 1
15 754 3
15 755 1
15 761 2
15 768 1
15 770 1
15 772 2
15 776 1
15 778 6
15 786 4
15 788 1
15 790 1
15 791 2
15 794 2
15 796 1
15 799 5
15 803 1
15 818 2
15 846 1
15 858 1
15 903 2
15 912 1
15 921 1
15 924 9
15 932 1
15 943 2
15 948 1
15 957 1
15 964 1
15 969 1
15 970 1
15 971 2
15 972 1
15 973 1
15 974 2
15 975 2
15 976 2
15 977 1
15 978 1
15 979 1
15 980 1
15 981 2
15 982 1
15 983 1
15 984 1
15 985 1
15 986 1
15 987 1
15 988 2
15 989 5
15 990 1
15 991 2
15 992 1
15 993 1
15 994 9
15 995 9
15 996 1
15 997 1
15 998 2
15 999 1
15 1000 3
15 1001 2
15 1002 1
15 1003 1
15 1004 1
15 1005 1
15 1006 1
15 1007 1
15 1008 1
15 1009 1
15 1010 3
15 1011 1
15 1012 1
15 1013 1
15 1014 1
15 1015 1
15 1016 1
15 1017 1
16 1 2
16 2 4
16 3 3
16 11 1
16 13 1
16 14 18
16 15 18
16 19 2
16 21 8
16 27 1
16 31 1
16 35 1
16 38 1
16 43 4
16 45 1
16 46 4
16 49 1
16 52 1
16 54 1
16 57 1
16 58 6
16 61 3
16 67 3
16 68 1
16 70 1
16 74 5
16 76 1
16 82 2
16 89 4
16 96 1
16 98 1
16 102 1
16 110 2
16 113 7
16 116 1
16 118 3
16 131 6
16 132 2
16 135 1
16 142 3
16 144 1
16 147 7
16 148 1
16 151 4
16 157 1
16 159 1
16 161 1
16 166 1
16 171 3
16 177 2
16 178 2
16 179 7
16 183 3
16 186 6
16 187 1
16 199 3
16 206 3
16 211 1
16 212 1
16 216 1
16 219 13
16 221 1
16 222 1
16 223 6
16 227 1
16 228 2
16 241 5
16 242 1
16 249 1
16 250 1
16 255 1
16 260 2
16 261 1
16 262 3
16 269 2
16 270 5
16 271 1
16 286 1
16 289 1
16 297 1
16 301 1
16 305 2
16 325 1
16 340 3
16 343 4
16 344 1
16 353 1
16 354 1
16 359 2
16 361 1
16 365 1
16 380 1
16 381 1
16 384 2
16 388 6
16 401 2
16 406 1
16 411 1
16 414 1
16 417 4
16 427 2
16 429 2
16 432 5
16 434 1
16 437 2
16 439 2
16 448 5
16 459 1
16 473 2
16 478 1
16 481 1
16 484 1
16 486 1
16 495 1
16 497 1
16 505 1
16 521 8
16 532 1
16 535 4
16 539 1
16 556 1
16 557 2
16 559 1
16 564 1
16 573 1
16 595 1
16 600 1
16 605 1
16 613 2
16 632 1
16 640 2
16 648 2
16 676 1
16 677 1
16 698 10
16 723 1
16 738 2
16 749 1
16 781 1
16 806 1
16 810 1
16 813 2
16 829 1
16 838 1
16 849 1
16 867 1
16 900 3
16 916 1
16 921 21
16 930 2
16 935 1
16 958 1
16 998 2
16 1018 1
16 1019 2
16 1020 1
16 1021 1
16 1022 3
16 1023 1
16 1024 1
16 1025 1
16 1026 1
16 1027 1
16 1028 1
16 1029 1
16 1030 3
16 1031 3
16 1032 1
16 1033 1
16 1034 2
16 1035 1
16 1036 1
16 1037 2
16 1038 1
16 1039 3
16 1040 1
16 1041 1
16 1042 1
16 1043 1
16 1044 1
16 1045 2
16 1046 1
16 1047 1
16 1048 2
16 1049 1
16 1050 1
16 1051 3
16 1052 1
16 1053 1
16 1054 1
16 1055 1
16 1056 1
16 1057 1
16 1058 1
16 1059 2
16 1060 1
16 1061 1
16 1062 6
16 1063 1
16 1064 1
16 1065 2
16 1066 1
16 1067 1
16 1068 1
16 1069 2
16 1070 1
16 1071 1
16 1072 1
16 1073 1
16 1074 1
16 1075 2
16 1076 2
16 1077 1
16 1078 1
16 1079 1
16 1080 2
16 1081 1
16 1082 1
16 1083 2
16 1084 2
16 1085 2
16 1086 1
16 1087 3
16 1088 2
16 1089 1
16 1090 1
16 1091 1
16 1092 1
16 1093 1
16 1094 1
16 1095 1
16 1096 1
16 1097 1
16 1098 1
16 1099 2
16 1100 1
16 1101 1
16 1102 1
16 1103 1
16 1104 1
16 1105 1
16 1106 1
16 1107 1
16 1108 1
16 1109 1
16 1110 2
16 1111 1
16 1112 1
16 1113 1
16 1114 3
16 1115 1
16 1116 1
16 1117 2
16 1118 1
16 1119 1
16 1120 11
16 1121 3
16 1122 3
16 1123 47
16 1124 1
16 1125 3
16 1126 5
16 1127 1
16 1128 4
16 1129 1
16 1130 2
16 1131 3
16 1132 1
16 1133 1
16 1134 1
16 1135 3
16 1136 1
16 1137 1
16 1138 1
16 1139 4
16 1140 1
16 1141 3
16 1142 2
16 1143 1
16 1144 1
16 1145 1
16 1146 1
16 1147 1
16 1148 1
16 1149 13
16 1150 3
16 1151 1
16 1152 1
16 1153 1
16 1154 1
16 1155 1
