%%MatrixMarket matrix coordinate real general
69 2001 8989                                      
1 1 1
1 2 1
1 3 20
1 4 2
1 5 5
1 6 3
1 7 4
1 8 3
1 9 1
1 10 8
1 11 1
1 12 4
1 13 1
1 14 3
1 15 8
1 16 2
1 17 1
1 18 1
1 19 2
1 20 1
1 21 3
1 22 1
1 23 1
1 24 1
1 25 1
1 26 1
1 27 1
1 28 1
1 29 3
1 30 1
1 31 1
1 32 2
1 33 3
1 34 1
1 35 2
1 36 1
1 37 1
1 38 1
1 39 1
1 40 2
1 41 1
1 42 2
1 43 1
1 44 1
1 45 1
1 46 3
1 47 1
1 48 1
1 49 3
1 50 2
1 51 1
1 52 1
1 53 1
1 54 2
1 55 1
1 56 1
1 57 1
1 58 1
1 59 1
1 60 1
1 61 2
1 62 2
1 63 2
1 64 6
1 65 1
1 66 1
1 67 1
1 68 2
1 69 1
1 70 3
1 71 1
1 72 3
1 73 1
1 74 1
1 75 1
1 76 1
1 77 1
1 78 1
1 79 1
1 80 2
1 81 1
1 82 1
1 83 1
1 84 1
1 85 2
1 86 1
1 87 1
1 88 2
1 89 1
1 90 1
1 91 1
1 92 1
1 93 1
1 94 1
1 95 1
1 96 1
1 97 1
1 98 1
1 99 1
1 100 1
1 101 1
1 102 4
1 103 1
1 104 1
1 105 4
1 106 1
1 107 2
1 108 1
1 109 1
1 110 1
1 111 1
1 112 2
1 113 1
1 114 1
1 115 1
1 116 1
1 117 1
1 118 1
1 119 3
1 120 1
1 121 1
1 122 1
1 123 4
1 124 2
1 125 2
1 126 1
1 127 3
1 128 1
1 129 1
1 130 1
1 131 1
1 132 3
1 133 1
1 134 2
1 135 1
1 136 2
1 137 1
1 138 1
1 139 1
1 140 2
1 141 1
1 142 1
1 143 10
1 144 2
1 145 1
1 146 3
1 147 1
1 148 2
1 149 1
1 150 1
1 151 5
1 152 2
1 153 1
1 154 1
1 155 1
1 156 2
1 157 1
1 158 1
1 159 1
1 160 1
1 161 1
1 162 1
1 163 1
1 164 1
1 165 1
1 166 1
1 167 1
1 168 1
1 169 2
1 170 2
1 171 1
1 172 1
1 173 1
1 174 6
1 175 1
1 176 1
1 177 2
1 178 1
1 179 1
1 180 3
1 181 1
1 182 7
1 183 1
1 184 2
1 185 1
1 186 1
1 187 1
1 188 2
1 189 5
2 3 2
2 10 3
2 12 1
2 14 4
2 15 6
2 28 3
2 32 1
2 35 5
2 40 2
2 45 2
2 48 1
2 49 1
2 50 1
2 52 1
2 53 2
2 54 1
2 55 3
2 56 1
2 57 2
2 66 1
2 72 4
2 77 5
2 84 1
2 85 1
2 91 2
2 93 1
2 105 1
2 106 1
2 112 1
2 113 1
2 126 1
2 127 1
2 130 1
2 136 1
2 142 1
2 146 9
2 156 3
2 158 2
2 166 3
2 171 1
2 172 2
2 173 1
2 175 1
2 177 2
2 181 3
2 182 3
2 190 1
2 191 1
2 192 1
2 193 1
2 194 1
2 195 1
2 196 1
2 197 1
2 198 4
2 199 10
2 200 1
2 201 2
2 202 2
2 203 3
2 204 2
2 205 1
2 206 1
2 207 1
2 208 1
2 209 1
2 210 1
2 211 1
2 212 1
2 213 2
2 214 1
2 215 1
2 216 1
2 217 15
2 218 2
2 219 1
2 220 1
2 221 2
2 222 1
2 223 2
2 224 1
2 225 1
2 226 1
2 227 1
2 228 2
2 229 1
2 230 1
2 231 2
2 232 1
2 233 1
2 234 2
2 235 1
2 236 1
2 237 2
2 238 1
2 239 1
2 240 1
2 241 2
2 242 1
2 243 1
2 244 1
2 245 1
2 246 1
2 247 1
2 248 1
2 249 1
2 250 2
2 251 1
2 252 2
2 253 1
2 254 1
2 255 1
2 256 1
2 257 1
2 258 1
2 259 1
2 260 1
2 261 1
2 262 1
2 263 1
2 264 1
2 265 1
2 266 2
2 267 1
2 268 1
2 269 1
2 270 1
2 271 1
2 272 1
2 273 1
2 274 2
2 275 1
2 276 1
2 277 1
2 278 2
2 279 1
2 280 2
2 281 1
2 282 1
2 283 3
2 284 1
2 285 1
3 1 1
3 2 1
3 3 2
3 10 4
3 14 6
3 24 1
3 26 3
3 28 3
3 32 2
3 35 3
3 40 4
3 41 1
3 48 1
3 50 2
3 51 5
3 52 1
3 53 4
3 54 2
3 58 1
3 63 2
3 64 1
3 66 1
3 72 4
3 76 3
3 77 3
3 85 6
3 91 3
3 102 1
3 105 2
3 106 1
3 108 1
3 111 1
3 112 1
3 123 1
3 127 3
3 132 1
3 133 1
3 140 1
3 142 4
3 143 2
3 145 1
3 146 7
3 148 2
3 152 1
3 156 4
3 158 5
3 164 1
3 166 3
3 171 5
3 172 10
3 173 2
3 175 1
3 178 1
3 180 1
3 181 1
3 182 4
3 188 1
3 189 4
3 191 1
3 192 4
3 193 1
3 194 2
3 196 2
3 197 4
3 198 15
3 199 7
3 200 1
3 201 3
3 202 3
3 203 3
3 204 1
3 205 1
3 206 2
3 209 6
3 211 2
3 221 2
3 222 3
3 223 2
3 227 1
3 231 5
3 232 1
3 235 1
3 236 1
3 237 1
3 238 1
3 240 1
3 241 2
3 244 2
3 252 8
3 253 1
3 254 1
3 256 1
3 258 3
3 259 1
3 261 1
3 267 1
3 268 2
3 269 1
3 270 1
3 275 1
3 277 1
3 280 1
3 281 1
3 283 1
3 285 1
3 286 1
3 287 1
3 288 16
3 289 1
3 290 1
3 291 1
3 292 1
3 293 1
3 294 1
3 295 1
3 296 1
3 297 1
3 298 1
3 299 2
3 300 1
3 301 1
3 302 1
3 303 2
3 304 1
3 305 2
3 306 1
3 307 1
3 308 1
3 309 4
3 310 1
3 311 1
3 312 2
3 313 1
3 314 1
3 315 2
3 316 1
3 317 1
3 318 1
3 319 1
3 320 1
3 321 1
3 322 1
3 323 1
3 324 1
3 325 1
3 326 1
3 327 1
3 328 1
3 329 1
3 330 1
3 331 1
3 332 1
3 333 1
3 334 2
3 335 1
3 336 2
3 337 1
3 338 1
3 339 1
3 340 2
3 341 1
3 342 1
3 343 1
3 344 1
3 345 1
3 346 2
3 347 1
3 348 1
3 349 1
3 350 4
3 351 1
3 352 3
3 353 1
3 354 1
3 355 1
3 356 1
3 357 1
3 358 1
3 359 1
3 360 1
3 361 1
3 362 2
3 363 1
3 364 2
3 365 1
3 366 1
3 367 2
3 368 1
3 369 1
3 370 3
3 371 1
3 372 1
3 373 2
3 374 1
3 375 1
3 376 1
3 377 1
3 378 1
3 379 1
3 380 1
3 381 1
3 382 1
3 383 1
3 384 1
3 385 1
3 386 1
3 387 1
3 388 1
4 2 1
4 3 2
4 10 3
4 14 2
4 15 8
4 22 1
4 26 1
4 28 2
4 39 2
4 40 3
4 47 1
4 48 1
4 50 7
4 51 2
4 54 3
4 57 1
4 60 3
4 64 1
4 72 2
4 74 3
4 76 1
4 77 2
4 84 1
4 85 4
4 91 1
4 94 1
4 95 5
4 105 3
4 106 1
4 108 3
4 111 1
4 112 3
4 116 1
4 119 1
4 123 2
4 124 1
4 140 2
4 141 2
4 142 2
4 143 1
4 145 1
4 146 4
4 149 1
4 152 1
4 156 1
4 160 3
4 161 1
4 163 1
4 166 2
4 172 1
4 173 2
4 174 4
4 175 4
4 177 1
4 178 2
4 180 3
4 182 4
4 186 1
4 189 11
4 191 2
4 192 1
4 193 1
4 203 1
4 204 3
4 205 1
4 211 1
4 213 1
4 216 5
4 219 3
4 223 2
4 225 1
4 229 1
4 231 3
4 232 5
4 235 1
4 236 1
4 238 1
4 243 1
4 245 1
4 254 1
4 255 3
4 259 1
4 261 2
4 271 2
4 272 2
4 284 1
4 313 1
4 318 9
4 340 1
4 341 2
4 342 3
4 348 1
4 354 1
4 370 21
4 387 1
4 389 1
4 390 1
4 391 1
4 392 2
4 393 1
4 394 1
4 395 1
4 396 1
4 397 1
4 398 1
4 399 2
4 400 1
4 401 1
4 402 1
4 403 1
4 404 3
4 405 1
4 406 1
4 407 1
4 408 10
4 409 2
4 410 1
4 411 1
4 412 1
4 413 1
4 414 1
4 415 2
4 416 1
4 417 10
4 418 1
4 419 2
4 420 2
4 421 1
4 422 2
4 423 1
4 424 3
4 425 1
4 426 5
4 427 14
4 428 1
4 429 1
4 430 1
4 431 1
4 432 1
4 433 1
4 434 3
4 435 2
4 436 1
4 437 1
4 438 1
4 439 1
4 440 1
4 441 1
4 442 1
4 443 1
4 444 2
4 445 1
4 446 1
4 447 1
4 448 1
4 449 1
4 450 1
4 451 1
4 452 1
4 453 1
4 454 1
4 455 1
4 456 2
4 457 1
4 458 1
4 459 1
4 460 1
4 461 1
4 462 1
4 463 1
4 464 1
4 465 9
4 466 1
4 467 1
4 468 3
4 469 1
4 470 1
4 471 1
4 472 1
4 473 1
4 474 1
4 475 2
4 476 1
4 477 1
4 478 1
5 1 1
5 3 4
5 6 1
5 10 4
5 11 1
5 14 3
5 15 11
5 25 8
5 27 1
5 28 1
5 32 1
5 37 1
5 39 1
5 40 2
5 52 2
5 53 2
5 54 1
5 58 1
5 60 1
5 66 1
5 72 2
5 76 1
5 77 4
5 79 1
5 84 2
5 99 1
5 106 1
5 108 1
5 109 3
5 121 1
5 127 2
5 137 1
5 141 1
5 142 1
5 146 6
5 156 1
5 157 1
5 161 1
5 166 3
5 169 1
5 171 7
5 172 10
5 174 1
5 175 4
5 176 5
5 181 12
5 182 2
5 184 1
5 185 1
5 193 1
5 200 1
5 208 1
5 213 2
5 215 1
5 225 2
5 228 1
5 229 4
5 233 2
5 241 2
5 245 2
5 250 2
5 259 1
5 277 1
5 315 3
5 325 1
5 326 2
5 336 1
5 343 1
5 368 2
5 370 7
5 381 1
5 407 1
5 412 1
5 434 1
5 437 2
5 443 1
5 459 1
5 465 2
5 479 3
5 480 1
5 481 1
5 482 1
5 483 2
5 484 1
5 485 1
5 486 2
5 487 1
5 488 3
5 489 3
5 490 2
5 491 5
5 492 1
5 493 1
5 494 2
5 495 3
5 496 1
5 497 1
5 498 2
5 499 1
5 500 1
5 501 1
5 502 1
5 503 2
5 504 1
5 505 1
5 506 1
5 507 2
5 508 2
5 509 5
5 510 1
5 511 3
5 512 1
5 513 2
5 514 1
5 515 1
5 516 1
5 517 1
5 518 6
5 519 1
5 520 1
5 521 2
5 522 1
5 523 2
5 524 1
5 525 1
5 526 1
5 527 1
5 528 1
5 529 12
5 530 15
5 531 2
5 532 4
5 533 2
5 534 1
5 535 1
5 536 1
5 537 1
5 538 6
5 539 3
5 540 1
5 541 1
5 542 1
5 543 1
5 544 1
5 545 4
5 546 1
5 547 1
5 548 15
5 549 1
5 550 1
5 551 2
5 552 1
6 1 1
6 3 1
6 6 9
6 10 1
6 14 3
6 16 3
6 24 3
6 28 1
6 32 8
6 40 2
6 46 2
6 48 1
6 50 3
6 52 1
6 53 2
6 60 1
6 64 2
6 66 1
6 72 2
6 77 4
6 91 2
6 95 2
6 99 1
6 105 1
6 106 1
6 111 1
6 127 1
6 133 1
6 142 1
6 143 1
6 146 6
6 149 1
6 155 10
6 156 1
6 164 1
6 166 2
6 171 10
6 172 9
6 173 1
6 174 9
6 177 1
6 178 1
6 180 2
6 181 4
6 182 3
6 187 1
6 189 2
6 191 1
6 200 1
6 208 1
6 209 1
6 211 7
6 213 2
6 241 1
6 242 1
6 245 10
6 246 1
6 250 1
6 254 1
6 255 4
6 256 1
6 257 2
6 259 2
6 272 2
6 275 1
6 276 1
6 277 1
6 288 11
6 298 1
6 312 1
6 339 1
6 341 1
6 342 1
6 359 1
6 384 2
6 388 1
6 398 1
6 407 1
6 411 1
6 417 1
6 419 1
6 425 1
6 429 1
6 436 1
6 443 1
6 460 2
6 461 1
6 471 2
6 476 1
6 479 2
6 480 1
6 489 1
6 490 1
6 493 1
6 503 2
6 507 3
6 515 3
6 516 5
6 518 2
6 529 3
6 534 1
6 535 1
6 537 4
6 539 3
6 548 30
6 553 1
6 554 1
6 555 3
6 556 5
6 557 1
6 558 2
6 559 2
6 560 4
6 561 1
6 562 1
6 563 6
6 564 8
6 565 1
6 566 1
6 567 8
6 568 1
6 569 3
6 570 5
6 571 8
6 572 1
6 573 1
6 574 1
6 575 1
6 576 2
6 577 1
6 578 1
6 579 1
6 580 1
6 581 1
6 582 3
6 583 1
6 584 3
6 585 1
6 586 1
6 587 2
6 588 2
6 589 2
6 590 3
6 591 1
6 592 2
6 593 3
6 594 1
6 595 1
6 596 3
6 597 1
6 598 1
6 599 6
6 600 1
6 601 1
6 602 1
6 603 1
6 604 1
6 605 1
6 606 5
6 607 1
6 608 1
6 609 1
6 610 3
6 611 1
6 612 1
6 613 3
6 614 1
6 615 1
6 616 1
6 617 1
6 618 1
6 619 1
6 620 1
6 621 2
6 622 1
6 623 1
6 624 2
6 625 1
6 626 1
6 627 2
6 628 3
6 629 1
6 630 4
6 631 1
6 632 1
6 633 2
6 634 1
6 635 1
6 636 1
6 637 1
6 638 1
6 639 1
6 640 1
6 641 3
6 642 4
6 643 1
6 644 1
6 645 7
6 646 1
6 647 1
6 648 1
6 649 1
6 650 2
6 651 1
7 1 2
7 2 1
7 3 5
7 4 1
7 10 1
7 14 7
7 15 8
7 26 1
7 28 3
7 32 7
7 35 3
7 40 2
7 43 1
7 50 8
7 51 1
7 52 1
7 53 3
7 54 1
7 57 6
7 58 1
7 64 11
7 66 1
7 68 1
7 72 4
7 76 1
7 77 4
7 78 1
7 85 3
7 88 1
7 91 3
7 102 2
7 104 1
7 106 1
7 108 4
7 111 1
7 112 1
7 127 1
7 130 1
7 132 1
7 133 8
7 142 1
7 143 1
7 145 4
7 146 8
7 148 2
7 152 1
7 155 1
7 156 1
7 164 1
7 166 1
7 171 9
7 172 3
7 174 4
7 178 2
7 181 7
7 182 6
7 188 2
7 189 6
7 191 2
7 192 1
7 193 3
7 200 1
7 201 1
7 203 5
7 204 1
7 205 1
7 208 2
7 209 3
7 211 3
7 213 2
7 223 2
7 225 1
7 229 2
7 231 2
7 232 2
7 235 1
7 236 1
7 241 3
7 242 1
7 243 10
7 245 1
7 246 1
7 250 1
7 255 8
7 256 1
7 257 5
7 259 1
7 265 1
7 276 5
7 278 3
7 281 1
7 283 1
7 285 1
7 298 2
7 301 1
7 308 1
7 311 1
7 318 1
7 335 1
7 336 1
7 338 3
7 339 1
7 340 1
7 342 1
7 353 1
7 359 1
7 368 1
7 388 1
7 397 1
7 407 2
7 413 1
7 429 1
7 436 2
7 437 1
7 459 5
7 460 7
7 481 3
7 492 3
7 499 2
7 503 1
7 517 3
7 522 2
7 548 5
7 559 1
7 563 6
7 573 1
7 580 1
7 599 1
7 618 1
7 652 1
7 653 1
7 654 1
7 655 2
7 656 1
7 657 1
7 658 1
7 659 1
7 660 2
7 661 1
7 662 1
7 663 1
7 664 1
7 665 1
7 666 1
7 667 1
7 668 1
7 669 1
7 670 1
7 671 1
7 672 1
7 673 1
7 674 1
7 675 1
7 676 1
7 677 1
7 678 1
7 679 2
7 680 1
7 681 1
7 682 1
7 683 1
7 684 4
7 685 1
7 686 1
7 687 1
7 688 1
7 689 2
7 690 1
7 691 1
7 692 1
7 693 1
7 694 7
7 695 1
7 696 1
7 697 1
7 698 1
7 699 2
7 700 2
7 701 1
7 702 2
7 703 3
7 704 2
7 705 1
7 706 1
7 707 2
7 708 1
7 709 1
7 710 3
7 711 1
7 712 1
7 713 1
7 714 1
7 715 1
7 716 1
7 717 6
7 718 1
7 719 32
8 3 1
8 10 3
8 14 5
8 15 4
8 19 1
8 28 3
8 32 1
8 35 1
8 40 2
8 49 3
8 53 2
8 54 1
8 55 1
8 66 1
8 67 1
8 72 1
8 74 21
8 77 4
8 85 1
8 91 1
8 102 1
8 105 1
8 106 1
8 112 1
8 126 1
8 127 1
8 138 1
8 141 31
8 142 1
8 146 8
8 148 1
8 152 1
8 156 1
8 158 1
8 161 1
8 172 4
8 173 1
8 174 5
8 175 1
8 178 2
8 181 2
8 182 1
8 185 1
8 189 9
8 191 4
8 192 1
8 193 2
8 201 3
8 204 1
8 205 1
8 208 1
8 209 2
8 213 1
8 216 2
8 219 1
8 223 2
8 233 1
8 234 1
8 235 1
8 236 1
8 240 2
8 245 5
8 247 1
8 250 1
8 259 1
8 282 1
8 292 2
8 301 1
8 338 1
8 342 1
8 343 1
8 348 1
8 357 2
8 368 1
8 370 7
8 384 3
8 387 1
8 388 4
8 390 1
8 400 3
8 401 1
8 403 1
8 424 9
8 427 2
8 431 3
8 432 1
8 436 2
8 446 8
8 451 5
8 453 2
8 459 1
8 461 1
8 472 2
8 493 1
8 504 1
8 522 1
8 529 1
8 539 2
8 563 2
8 579 1
8 668 1
8 684 1
8 686 1
8 692 1
8 716 1
8 718 4
8 720 1
8 721 1
8 722 2
8 723 1
8 724 1
8 725 1
8 726 2
8 727 4
8 728 2
8 729 2
8 730 1
8 731 1
8 732 1
8 733 1
8 734 1
8 735 3
8 736 1
8 737 1
8 738 1
8 739 1
8 740 1
8 741 1
8 742 1
8 743 1
8 744 1
8 745 1
8 746 2
8 747 1
8 748 1
8 749 1
8 750 1
8 751 3
8 752 2
8 753 10
8 754 1
8 755 1
8 756 1
8 757 1
8 758 1
8 759 1
8 760 1
8 761 1
8 762 1
9 14 1
9 126 1
9 232 1
9 314 1
9 325 1
9 341 1
9 417 1
9 460 1
9 763 1
9 764 1
9 765 3
9 766 1
9 767 1
9 768 1
9 769 2
9 770 1
9 771 1
9 772 1
10 1 1
10 3 3
10 7 1
10 10 1
10 14 2
10 26 1
10 28 1
10 32 4
10 34 1
10 37 1
10 40 4
10 41 1
10 42 4
10 48 1
10 50 4
10 52 1
10 53 6
10 54 1
10 57 1
10 66 1
10 72 1
10 74 6
10 76 1
10 77 3
10 84 4
10 91 1
10 95 1
10 102 1
10 105 1
10 106 1
10 108 1
10 111 1
10 114 1
10 124 1
10 132 1
10 138 2
10 141 16
10 142 1
10 143 1
10 146 5
10 148 1
10 149 2
10 152 1
10 155 4
10 156 1
10 166 2
10 171 9
10 172 4
10 173 1
10 174 2
10 178 1
10 181 5
10 182 1
10 188 5
10 189 15
10 200 1
10 208 2
10 211 1
10 213 2
10 214 7
10 216 3
10 241 4
10 245 11
10 250 1
10 254 1
10 259 1
10 272 1
10 283 1
10 288 19
10 295 2
10 301 2
10 318 7
10 367 1
10 370 16
10 388 2
10 406 2
10 407 3
10 422 3
10 424 2
10 432 1
10 436 2
10 459 15
10 460 1
10 461 2
10 476 1
10 477 1
10 480 1
10 489 2
10 490 1
10 491 1
10 499 1
10 508 1
10 510 1
10 513 1
10 516 2
10 522 1
10 533 3
10 541 2
10 548 17
10 563 7
10 569 1
10 573 1
10 580 3
10 617 1
10 668 1
10 691 1
10 692 4
10 697 1
10 707 1
10 709 2
10 718 1
10 720 4
10 744 1
10 759 1
10 762 1
10 767 2
10 772 5
10 773 1
10 774 1
10 775 1
10 776 3
10 777 1
10 778 1
10 779 1
10 780 2
10 781 6
10 782 2
10 783 1
10 784 2
10 785 1
10 786 2
10 787 1
10 788 16
10 789 3
10 790 1
10 791 2
10 792 3
10 793 7
10 794 3
10 795 1
10 796 1
10 797 1
10 798 3
10 799 1
10 800 1
10 801 1
10 802 1
10 803 1
10 804 1
10 805 1
10 806 10
10 807 5
10 808 4
10 809 2
11 3 1
11 10 4
11 14 4
11 15 7
11 28 3
11 32 1
11 35 12
11 40 4
11 42 1
11 45 1
11 50 5
11 51 6
11 53 3
11 54 1
11 63 1
11 64 3
11 66 1
11 72 2
11 77 5
11 85 1
11 91 1
11 102 1
11 105 1
11 106 1
11 111 1
11 112 2
11 127 2
11 136 2
11 139 2
11 142 1
11 143 1
11 146 9
11 156 1
11 166 2
11 171 1
11 178 1
11 181 6
11 191 1
11 192 1
11 200 1
11 201 1
11 203 1
11 204 8
11 205 1
11 209 1
11 212 2
11 213 4
11 223 2
11 229 1
11 231 8
11 232 10
11 235 1
11 236 1
11 241 4
11 245 3
11 250 1
11 259 1
11 261 1
11 275 1
11 276 2
11 277 1
11 279 3
11 285 1
11 308 1
11 318 1
11 335 1
11 336 1
11 339 1
11 343 1
11 344 1
11 376 4
11 389 2
11 404 1
11 408 4
11 415 1
11 431 1
11 437 1
11 447 1
11 462 2
11 506 2
11 580 1
11 596 1
11 618 1
11 625 1
11 702 1
11 704 1
11 716 1
11 718 2
11 746 1
11 748 1
11 756 1
11 793 1
11 794 1
11 801 1
11 810 3
11 811 7
11 812 1
11 813 3
11 814 4
11 815 10
11 816 1
11 817 1
11 818 1
11 819 1
11 820 1
11 821 2
11 822 1
11 823 1
11 824 3
11 825 1
11 826 1
11 827 1
11 828 1
11 829 1
11 830 1
11 831 1
11 832 1
11 833 1
11 834 1
11 835 1
11 836 1
11 837 1
11 838 11
11 839 1
11 840 1
11 841 1
11 842 1
11 843 1
11 844 1
12 3 14
12 10 8
12 13 1
12 14 3
12 15 7
12 28 3
12 32 3
12 35 6
12 40 3
12 42 1
12 50 4
12 53 2
12 54 2
12 56 1
12 57 2
12 61 12
12 66 1
12 67 1
12 70 1
12 72 1
12 77 5
12 85 2
12 91 1
12 102 2
12 106 1
12 108 1
12 111 1
12 112 1
12 119 1
12 124 1
12 127 2
12 130 1
12 136 3
12 139 8
12 142 1
12 143 1
12 145 1
12 146 9
12 148 2
12 156 1
12 166 3
12 174 4
12 175 5
12 177 2
12 178 2
12 181 14
12 182 4
12 188 7
12 192 1
12 193 1
12 195 2
12 200 1
12 203 6
12 204 2
12 205 1
12 208 2
12 209 1
12 211 1
12 213 13
12 215 1
12 216 3
12 219 2
12 223 2
12 231 3
12 232 10
12 234 1
12 235 1
12 236 1
12 241 3
12 250 3
12 256 1
12 259 1
12 261 1
12 267 1
12 270 1
12 277 1
12 292 2
12 304 1
12 336 1
12 342 1
12 359 3
12 388 5
12 404 1
12 436 1
12 437 8
12 466 1
12 487 1
12 499 2
12 505 11
12 506 1
12 510 1
12 522 4
12 529 2
12 537 1
12 593 9
12 617 1
12 624 1
12 631 1
12 668 2
12 691 2
12 697 1
12 707 3
12 733 1
12 759 1
12 761 1
12 790 1
12 791 1
12 801 1
12 805 1
12 808 1
12 815 5
12 822 1
12 825 1
12 826 1
12 828 1
12 830 3
12 834 1
12 838 12
12 845 1
12 846 1
12 847 1
12 848 1
12 849 1
12 850 6
12 851 1
12 852 1
12 853 1
12 854 1
12 855 2
12 856 1
12 857 3
12 858 1
12 859 3
12 860 1
12 861 1
12 862 2
12 863 1
12 864 6
12 865 2
12 866 4
12 867 1
12 868 1
12 869 1
12 870 1
12 871 2
12 872 1
12 873 1
12 874 1
12 875 1
12 876 1
12 877 1
12 878 2
12 879 1
12 880 1
12 881 2
12 882 1
13 2 2
13 3 4
13 6 3
13 10 6
13 12 1
13 14 4
13 15 16
13 26 1
13 28 1
13 32 4
13 35 2
13 40 2
13 42 2
13 50 4
13 52 2
13 53 2
13 54 2
13 57 1
13 64 1
13 66 1
13 72 1
13 74 3
13 76 2
13 77 2
13 84 4
13 85 4
13 90 2
13 91 1
13 105 4
13 106 1
13 111 1
13 119 1
13 120 1
13 137 1
13 138 1
13 141 5
13 142 1
13 143 2
13 146 4
13 156 2
13 158 1
13 160 2
13 166 3
13 169 1
13 171 1
13 172 3
13 174 10
13 175 2
13 178 14
13 181 4
13 182 2
13 189 18
13 195 1
13 200 1
13 201 2
13 203 1
13 209 2
13 211 3
13 213 2
13 215 1
13 216 2
13 245 3
13 247 3
13 250 2
13 255 1
13 256 1
13 259 1
13 260 1
13 267 1
13 269 2
13 281 1
13 283 1
13 298 2
13 340 1
13 342 3
13 344 1
13 350 1
13 354 1
13 357 4
13 367 1
13 370 29
13 377 1
13 382 1
13 385 2
13 400 1
13 401 3
13 409 1
13 410 1
13 411 1
13 417 30
13 421 1
13 427 1
13 434 1
13 436 2
13 437 1
13 461 2
13 465 1
13 481 2
13 487 2
13 491 1
13 492 1
13 528 1
13 534 2
13 579 2
13 626 1
13 694 4
13 702 1
13 704 1
13 707 1
13 718 1
13 748 2
13 754 6
13 759 1
13 786 2
13 793 2
13 829 1
13 883 1
13 884 3
13 885 1
13 886 1
13 887 1
13 888 1
13 889 1
13 890 1
13 891 2
13 892 1
13 893 1
13 894 1
13 895 2
13 896 1
13 897 2
13 898 1
13 899 1
13 900 1
13 901 1
13 902 10
13 903 2
13 904 4
13 905 1
13 906 1
13 907 1
13 908 1
13 909 1
13 910 1
13 911 5
13 912 2
13 913 2
13 914 3
13 915 1
13 916 4
13 917 1
13 918 1
13 919 1
13 920 2
13 921 1
13 922 1
13 923 1
13 924 1
13 925 1
13 926 1
13 927 1
13 928 1
13 929 1
13 930 1
13 931 1
13 932 1
13 933 1
13 934 2
13 935 1
14 2 1
14 3 2
14 10 2
14 14 5
14 15 17
14 19 1
14 28 3
14 32 3
14 35 1
14 40 2
14 42 1
14 50 3
14 51 1
14 52 1
14 53 2
14 54 3
14 56 1
14 66 1
14 72 3
14 76 2
14 77 5
14 84 1
14 85 2
14 91 3
14 102 3
14 106 1
14 108 3
14 111 1
14 112 1
14 114 1
14 119 1
14 123 17
14 124 1
14 126 1
14 127 3
14 133 1
14 136 4
14 139 8
14 142 1
14 143 1
14 145 1
14 146 9
14 154 1
14 156 2
14 160 1
14 166 1
14 171 8
14 172 1
14 174 2
14 178 1
14 181 5
14 182 2
14 186 1
14 188 1
14 189 1
14 192 1
14 195 3
14 201 1
14 204 1
14 205 1
14 211 1
14 213 2
14 223 2
14 225 1
14 231 5
14 232 8
14 235 1
14 236 1
14 241 2
14 245 1
14 250 5
14 259 1
14 261 1
14 277 1
14 279 3
14 281 1
14 283 2
14 284 1
14 292 1
14 308 1
14 315 1
14 318 3
14 336 1
14 349 1
14 350 1
14 384 1
14 388 2
14 400 1
14 401 2
14 410 1
14 415 1
14 422 1
14 427 1
14 434 2
14 436 1
14 437 1
14 446 1
14 454 1
14 457 1
14 461 2
14 465 1
14 474 1
14 489 1
14 491 2
14 499 2
14 503 1
14 505 1
14 515 1
14 522 1
14 539 1
14 613 4
14 625 1
14 628 10
14 681 1
14 690 1
14 694 1
14 702 1
14 707 1
14 718 1
14 727 1
14 736 1
14 759 1
14 760 1
14 771 5
14 794 1
14 800 2
14 801 1
14 813 1
14 815 9
14 822 1
14 824 1
14 825 1
14 838 14
14 841 2
14 842 1
14 878 2
14 886 2
14 888 1
14 890 1
14 900 1
14 907 1
14 936 1
14 937 1
14 938 3
14 939 1
14 940 1
14 941 1
14 942 2
14 943 2
14 944 1
14 945 1
14 946 1
14 947 1
14 948 1
14 949 1
14 950 1
14 951 1
14 952 1
14 953 8
14 954 1
14 955 1
14 956 1
14 957 1
14 958 2
14 959 1
14 960 1
14 961 1
14 962 1
14 963 7
14 964 1
14 965 2
14 966 1
14 967 1
14 968 1
14 969 1
14 970 16
14 971 1
14 972 1
14 973 3
14 974 1
14 975 1
15 1 1
15 3 9
15 14 4
15 15 26
15 16 1
15 25 2
15 32 3
15 35 4
15 40 2
15 49 2
15 50 4
15 52 1
15 53 3
15 54 2
15 57 1
15 63 1
15 64 1
15 70 1
15 71 1
15 72 1
15 77 1
15 84 4
15 86 1
15 91 1
15 95 2
15 96 1
15 102 4
15 104 2
15 106 1
15 108 4
15 111 1
15 114 1
15 119 2
15 126 1
15 130 1
15 132 3
15 135 1
15 136 1
15 137 2
15 141 15
15 142 1
15 143 1
15 144 1
15 146 1
15 148 1
15 149 3
15 152 2
15 155 4
15 156 1
15 164 1
15 165 2
15 166 2
15 171 13
15 172 10
15 174 4
15 177 1
15 178 1
15 180 5
15 181 10
15 182 2
15 188 1
15 189 1
15 191 1
15 200 1
15 203 9
15 208 9
15 209 9
15 211 3
15 225 1
15 234 1
15 241 2
15 242 1
15 243 1
15 245 16
15 250 1
15 255 3
15 259 3
15 261 2
15 269 2
15 280 2
15 283 5
15 286 3
15 292 1
15 304 1
15 308 1
15 313 1
15 316 1
15 318 1
15 335 1
15 336 1
15 341 2
15 342 3
15 353 1
15 359 2
15 361 1
15 367 4
15 370 17
15 373 1
15 382 2
15 388 1
15 389 1
15 406 3
15 407 1
15 415 1
15 422 8
15 427 2
15 432 1
15 436 1
15 459 1
15 461 2
15 465 3
15 466 3
15 476 2
15 477 6
15 479 2
15 481 1
15 482 1
15 483 1
15 489 7
15 499 3
15 503 1
15 507 1
15 508 2
15 518 2
15 522 1
15 529 2
15 533 2
15 534 2
15 536 1
15 539 1
15 541 4
15 548 13
15 563 4
15 567 1
15 573 2
15 575 1
15 579 2
15 592 12
15 595 1
15 599 2
15 622 1
15 628 2
15 655 2
15 661 1
15 666 1
15 668 1
15 679 1
15 691 10
15 704 1
15 728 1
15 733 1
15 737 1
15 759 3
15 760 1
15 766 2
15 773 1
15 775 1
15 777 2
15 783 6
15 792 4
15 794 1
15 796 1
15 797 2
15 800 2
15 802 1
15 806 5
15 807 2
15 812 1
15 828 2
15 856 1
15 868 1
15 912 2
15 921 1
15 929 1
15 932 2
15 940 1
15 951 2
15 956 1
15 966 1
15 971 1
15 976 1
15 977 1
15 978 2
15 979 1
15 980 1
15 981 2
15 982 2
15 983 2
15 984 1
15 985 1
15 986 1
15 987 1
15 988 2
15 989 1
15 990 1
15 991 1
15 992 1
15 993 1
15 994 2
15 995 5
15 996 1
15 997 2
15 998 1
15 999 1
15 1000 9
15 1001 9
15 1002 1
15 1003 1
15 1004 2
15 1005 1
15 1006 3
15 1007 2
15 1008 1
15 1009 1
15 1010 1
15 1011 1
15 1012 1
15 1013 1
15 1014 1
15 1015 1
15 1016 3
15 1017 1
15 1018 6
15 1019 1
15 1020 1
15 1021 1
15 1022 1
15 1023 1
15 1024 1
16 1 2
16 2 4
16 3 3
16 11 1
16 13 1
16 14 17
16 15 18
16 19 2
16 21 8
16 25 1
16 28 1
16 32 1
16 35 1
16 40 4
16 42 1
16 43 4
16 48 1
16 50 1
16 53 1
16 54 6
16 57 3
16 63 3
16 64 1
16 66 1
16 70 5
16 72 1
16 77 2
16 84 4
16 94 1
16 105 2
16 108 7
16 111 1
16 113 3
16 126 6
16 127 2
16 130 1
16 137 3
16 139 1
16 142 2
16 143 8
16 146 4
16 152 1
16 154 1
16 156 1
16 161 1
16 166 3
16 172 2
16 173 2
16 174 7
16 178 3
16 181 6
16 182 1
16 193 3
16 202 3
16 208 1
16 209 1
16 213 1
16 216 13
16 219 1
16 220 1
16 221 6
16 225 1
16 226 2
16 239 5
16 240 1
16 247 1
16 248 1
16 254 1
16 259 2
16 261 3
16 267 2
16 268 5
16 269 1
16 284 1
16 287 1
16 296 1
16 300 1
16 304 2
16 324 1
16 339 3
16 342 4
16 344 1
16 353 1
16 354 1
16 359 2
16 361 1
16 365 1
16 380 1
16 383 2
16 387 1
16 388 6
16 401 2
16 406 1
16 411 1
16 414 1
16 417 4
16 427 2
16 429 2
16 432 5
16 434 1
16 437 2
16 439 2
16 448 5
16 460 1
16 474 2
16 479 1
16 482 1
16 485 1
16 487 1
16 496 1
16 498 1
16 506 1
16 522 8
16 534 1
16 537 4
16 541 1
16 558 1
16 559 2
16 561 1
16 566 1
16 575 1
16 597 1
16 602 1
16 608 1
16 616 2
16 636 1
16 644 2
16 652 2
16 681 1
16 682 1
16 702 10
16 728 1
16 743 2
16 754 1
16 786 1
16 815 1
16 819 1
16 822 2
16 839 1
16 848 1
16 859 1
16 876 1
16 909 3
16 924 1
16 929 21
16 938 2
16 943 1
16 967 1
16 1004 2
16 1025 1
16 1026 2
16 1027 1
16 1028 1
16 1029 3
16 1030 1
16 1031 1
16 1032 1
16 1033 1
16 1034 1
16 1035 1
16 1036 1
16 1037 3
16 1038 3
16 1039 1
16 1040 1
16 1041 2
16 1042 1
16 1043 1
16 1044 2
16 1045 1
16 1046 3
16 1047 1
16 1048 1
16 1049 1
16 1050 1
16 1051 1
16 1052 2
16 1053 1
16 1054 1
16 1055 1
16 1056 2
16 1057 1
16 1058 1
16 1059 3
16 1060 1
16 1061 1
16 1062 1
16 1063 1
16 1064 1
16 1065 1
16 1066 1
16 1067 2
16 1068 1
16 1069 1
16 1070 6
16 1071 1
16 1072 1
16 1073 2
16 1074 1
16 1075 1
16 1076 1
16 1077 2
16 1078 1
16 1079 1
16 1080 1
16 1081 1
16 1082 1
16 1083 2
16 1084 2
16 1085 1
16 1086 1
16 1087 1
16 1088 2
16 1089 1
16 1090 1
16 1091 2
16 1092 2
16 1093 2
16 1094 1
16 1095 3
16 1096 2
16 1097 1
16 1098 1
16 1099 1
16 1100 1
16 1101 1
16 1102 1
16 1103 1
16 1104 1
16 1105 1
16 1106 1
16 1107 2
16 1108 1
16 1109 1
16 1110 1
16 1111 1
16 1112 1
16 1113 1
16 1114 1
16 1115 1
16 1116 1
16 1117 1
16 1118 2
16 1119 1
16 1120 1
16 1121 1
16 1122 3
16 1123 1
16 1124 1
16 1125 2
16 1126 1
16 1127 1
16 1128 11
16 1129 3
16 1130 3
16 1131 47
16 1132 1
16 1133 3
16 1134 5
16 1135 1
16 1136 4
16 1137 1
16 1138 2
16 1139 3
16 1140 1
16 1141 1
16 1142 1
16 1143 3
16 1144 1
16 1145 1
16 1146 1
16 1147 4
16 1148 1
16 1149 1
16 1150 3
16 1151 2
16 1152 1
16 1153 1
16 1154 1
16 1155 1
16 1156 1
16 1157 1
16 1158 13
16 1159 3
16 1160 1
16 1161 1
16 1162 1
16 1163 1
16 1164 1
17 3 1
17 8 3
17 10 3
17 14 1
17 27 1
17 32 1
17 35 1
17 43 1
17 49 2
17 50 2
17 51 1
17 55 2
17 60 1
17 64 3
17 74 1
17 77 1
17 78 1
17 85 1
17 86 2
17 99 1
17 113 2
17 132 1
17 134 3
17 141 1
17 142 2
17 148 1
17 149 1
17 171 4
17 172 1
17 189 1
17 191 2
17 204 1
17 208 1
17 213 1
17 221 1
17 232 2
17 238 1
17 241 2
17 247 3
17 248 2
17 259 1
17 261 3
17 279 1
17 288 6
17 301 1
17 310 1
17 312 1
17 342 1
17 348 1
17 357 1
17 370 1
17 385 1
17 388 1
17 390 1
17 402 1
17 419 1
17 427 2
17 432 1
17 436 2
17 437 1
17 459 1
17 460 1
17 474 1
17 489 1
17 534 1
17 563 1
17 580 1
17 593 1
17 704 1
17 707 1
17 726 2
17 729 1
17 786 1
17 838 1
17 908 1
17 921 1
17 923 1
17 934 1
17 1054 1
17 1060 1
17 1101 1
17 1106 1
17 1151 1
17 1165 1
17 1166 1
17 1167 1
17 1168 1
17 1169 1
17 1170 1
17 1171 1
17 1172 1
17 1173 1
17 1174 1
17 1175 1
17 1176 1
17 1177 11
17 1178 1
17 1179 1
17 1180 2
17 1181 1
17 1182 1
17 1183 1
17 1184 2
17 1185 1
18 3 4
18 10 2
18 14 7
18 15 3
18 16 2
18 32 2
18 34 1
18 48 2
18 53 2
18 60 1
18 63 1
18 68 1
18 75 1
18 78 1
18 102 6
18 105 1
18 115 1
18 126 1
18 137 1
18 143 1
18 148 1
18 172 1
18 173 1
18 182 4
18 184 1
18 188 1
18 191 2
18 201 1
18 238 1
18 276 2
18 280 1
18 295 12
18 301 2
18 323 1
18 326 1
18 336 1
18 342 1
18 388 1
18 436 1
18 448 1
18 460 1
18 489 1
18 516 1
18 528 1
18 529 2
18 543 1
18 628 1
18 667 1
18 669 1
18 726 1
18 746 1
18 770 1
18 814 1
18 818 1
18 855 1
18 887 1
18 908 1
18 924 2
18 1004 1
18 1054 1
18 1100 1
18 1101 1
18 1122 1
18 1131 1
18 1148 1
18 1158 1
18 1172 1
18 1186 3
18 1187 3
18 1188 1
18 1189 1
18 1190 1
18 1191 2
18 1192 1
18 1193 1
18 1194 1
18 1195 1
18 1196 1
18 1197 2
18 1198 1
18 1199 1
19 2 2
19 3 4
19 10 2
19 13 1
19 14 4
19 15 5
19 16 2
19 32 1
19 34 1
19 35 1
19 48 2
19 53 1
19 60 1
19 75 1
19 78 1
19 95 3
19 102 3
19 105 1
19 116 1
19 119 1
19 126 2
19 130 1
19 133 1
19 137 1
19 148 1
19 155 1
19 172 1
19 173 1
19 181 1
19 182 4
19 189 3
19 202 1
19 209 2
19 221 1
19 225 2
19 238 1
19 257 1
19 261 1
19 267 1
19 295 12
19 301 1
19 320 1
19 368 2
19 383 1
19 422 1
19 436 1
19 448 1
19 454 2
19 459 1
19 489 1
19 506 1
19 510 1
19 516 1
19 533 1
19 534 1
19 535 1
19 563 1
19 567 3
19 618 1
19 628 1
19 667 1
19 669 1
19 726 1
19 768 2
19 769 1
19 780 1
19 818 2
19 853 2
19 901 1
19 912 1
19 934 1
19 1054 1
19 1061 1
19 1100 1
19 1101 1
19 1122 2
19 1172 1
19 1186 1
19 1188 1
19 1190 1
19 1192 1
19 1199 1
19 1200 1
19 1201 2
19 1202 1
19 1203 1
19 1204 1
19 1205 1
19 1206 1
19 1207 1
20 2 1
20 10 1
20 14 4
20 15 2
20 19 1
20 32 1
20 35 5
20 54 1
20 57 1
20 64 1
20 72 1
20 77 1
20 84 8
20 85 1
20 99 1
20 112 2
20 115 1
20 139 3
20 142 3
20 143 2
20 146 1
20 148 1
20 149 1
20 171 6
20 172 11
20 175 2
20 177 1
20 178 3
20 181 2
20 193 1
20 200 1
20 208 1
20 213 2
20 219 2
20 231 1
20 238 1
20 239 1
20 241 1
20 245 1
20 248 1
20 251 1
20 256 1
20 259 1
20 261 1
20 267 1
20 270 1
20 271 1
20 275 1
20 288 6
20 292 1
20 293 1
20 313 2
20 315 1
20 318 1
20 342 1
20 354 1
20 360 1
20 367 1
20 370 1
20 388 1
20 389 1
20 427 1
20 436 1
20 439 2
20 454 1
20 461 1
20 492 1
20 505 1
20 516 1
20 577 1
20 591 2
20 618 1
20 667 1
20 693 1
20 704 1
20 718 1
20 801 1
20 806 2
20 808 1
20 815 1
20 838 1
20 840 1
20 873 2
20 953 1
20 1015 1
20 1046 1
20 1079 1
20 1087 1
20 1106 1
20 1123 2
20 1158 1
20 1171 1
20 1188 1
20 1205 2
20 1208 2
20 1209 1
20 1210 1
20 1211 1
20 1212 1
20 1213 1
20 1214 1
20 1215 1
20 1216 1
20 1217 1
20 1218 1
20 1219 1
20 1220 1
20 1221 1
20 1222 1
20 1223 1
20 1224 1
20 1225 2
20 1226 1
20 1227 1
20 1228 1
20 1229 1
20 1230 2
20 1231 1
20 1232 1
20 1233 1
20 1234 1
20 1235 1
20 1236 1
21 4 2
21 14 6
21 24 1
21 35 6
21 77 1
21 84 4
21 86 2
21 109 3
21 114 2
21 126 1
21 145 1
21 146 1
21 149 1
21 172 5
21 176 2
21 178 1
21 193 1
21 209 2
21 213 4
21 226 2
21 237 1
21 241 1
21 259 2
21 272 1
21 288 7
21 312 1
21 342 1
21 372 1
21 413 1
21 436 2
21 439 1
21 472 1
21 474 1
21 488 1
21 491 2
21 510 1
21 515 1
21 519 1
21 532 1
21 540 1
21 541 1
21 667 1
21 767 1
21 792 1
21 825 1
21 888 1
21 956 1
21 1004 1
21 1014 2
21 1059 1
21 1117 1
21 1181 1
21 1208 1
21 1221 1
21 1224 1
21 1226 1
21 1230 1
21 1234 1
21 1237 1
21 1238 1
21 1239 1
21 1240 1
21 1241 1
21 1242 1
21 1243 1
21 1244 1
21 1245 1
21 1246 1
21 1247 1
21 1248 1
21 1249 3
21 1250 1
21 1251 1
21 1252 1
21 1253 1
21 1254 1
21 1255 1
22 1 1
22 3 4
22 10 2
22 12 2
22 14 7
22 15 6
22 16 2
22 18 2
22 19 2
22 28 1
22 32 3
22 35 3
22 40 1
22 43 1
22 52 3
22 54 1
22 60 1
22 66 1
22 72 2
22 75 1
22 77 2
22 84 4
22 85 2
22 86 1
22 92 1
22 99 1
22 102 1
22 108 2
22 112 1
22 120 1
22 123 1
22 124 4
22 125 1
22 126 1
22 132 1
22 133 1
22 137 2
22 142 1
22 146 4
22 149 1
22 154 1
22 156 1
22 161 1
22 164 1
22 166 2
22 171 3
22 181 4
22 182 2
22 187 1
22 191 1
22 200 1
22 203 4
22 204 1
22 213 1
22 214 2
22 216 2
22 225 1
22 239 1
22 241 1
22 247 1
22 256 1
22 257 3
22 259 2
22 267 4
22 269 1
22 284 1
22 288 2
22 295 2
22 298 1
22 304 2
22 348 2
22 359 2
22 376 1
22 388 1
22 400 1
22 447 3
22 454 1
22 488 18
22 489 8
22 492 1
22 494 1
22 497 1
22 498 1
22 523 2
22 538 2
22 577 1
22 618 1
22 626 2
22 655 1
22 676 2
22 693 3
22 723 1
22 800 1
22 849 1
22 870 1
22 888 2
22 894 1
22 953 18
22 956 1
22 957 2
22 1004 6
22 1020 2
22 1133 2
22 1134 2
22 1137 1
22 1158 1
22 1173 6
22 1177 1
22 1200 1
22 1230 1
22 1256 1
22 1257 1
22 1258 1
22 1259 2
22 1260 1
22 1261 1
22 1262 1
22 1263 2
22 1264 7
22 1265 1
22 1266 1
22 1267 1
22 1268 2
22 1269 1
22 1270 1
22 1271 2
22 1272 1
22 1273 1
22 1274 1
22 1275 6
22 1276 1
22 1277 1
22 1278 1
22 1279 1
22 1280 1
22 1281 1
22 1282 1
23 2 2
23 3 1
23 10 7
23 13 1
23 14 8
23 15 1
23 18 1
23 19 1
23 25 1
23 35 6
23 40 1
23 48 5
23 50 2
23 52 1
23 54 2
23 56 2
23 57 2
23 60 2
23 74 2
23 85 8
23 86 1
23 95 2
23 106 1
23 112 1
23 116 1
23 119 1
23 123 1
23 124 1
23 126 2
23 127 2
23 137 1
23 140 3
23 141 5
23 142 1
23 143 1
23 148 2
23 152 1
23 158 1
23 160 1
23 166 1
23 168 1
23 170 1
23 171 2
23 172 2
23 174 6
23 175 6
23 177 4
23 180 11
23 181 7
23 182 2
23 184 3
23 189 5
23 191 3
23 193 2
23 200 1
23 201 1
23 202 1
23 203 1
23 204 1
23 213 1
23 221 1
23 232 4
23 234 1
23 245 3
23 247 1
23 251 4
23 255 2
23 261 1
23 271 5
23 279 1
23 288 6
23 292 1
23 293 1
23 296 1
23 298 2
23 301 4
23 315 2
23 320 1
23 328 9
23 342 1
23 344 2
23 351 1
23 352 1
23 353 5
23 357 5
23 370 2
23 384 1
23 397 1
23 400 1
23 401 10
23 404 1
23 406 1
23 413 14
23 419 1
23 422 3
23 427 1
23 431 2
23 435 1
23 436 1
23 437 4
23 447 1
23 449 1
23 451 1
23 453 1
23 459 1
23 467 1
23 474 1
23 475 2
23 476 1
23 477 1
23 478 1
23 487 3
23 489 1
23 505 1
23 510 2
23 522 1
23 562 2
23 563 3
23 597 1
23 628 1
23 631 3
23 700 1
23 711 1
23 716 2
23 718 1
23 727 7
23 729 7
23 734 1
23 754 1
23 769 1
23 772 4
23 779 3
23 786 1
23 791 1
23 800 1
23 801 1
23 825 1
23 834 1
23 838 1
23 849 1
23 884 1
23 890 1
23 914 2
23 925 1
23 1041 1
23 1045 6
23 1050 1
23 1056 1
23 1097 1
23 1130 2
23 1150 1
23 1175 1
23 1181 1
23 1201 1
23 1207 1
23 1211 1
23 1212 2
23 1266 1
23 1282 1
23 1283 1
23 1284 2
23 1285 1
23 1286 1
23 1287 1
23 1288 1
23 1289 1
23 1290 1
23 1291 1
23 1292 1
23 1293 3
23 1294 3
23 1295 1
23 1296 1
23 1297 1
23 1298 2
23 1299 1
23 1300 1
23 1301 2
23 1302 2
23 1303 1
23 1304 1
23 1305 2
23 1306 1
23 1307 1
23 1308 1
23 1309 2
23 1310 1
23 1311 1
23 1312 1
23 1313 1
23 1314 1
23 1315 1
23 1316 1
23 1317 1
23 1318 1
23 1319 1
23 1320 2
23 1321 1
23 1322 1
24 2 1
24 3 4
24 7 2
24 10 3
24 14 6
24 15 2
24 16 1
24 26 1
24 28 2
24 32 4
24 35 2
24 37 1
24 40 2
24 43 1
24 49 6
24 50 2
24 51 1
24 53 5
24 54 3
24 55 1
24 56 1
24 64 4
24 66 1
24 72 2
24 77 6
24 84 3
24 86 2
24 91 1
24 97 1
24 102 1
24 106 1
24 108 3
24 109 1
24 120 1
24 134 10
24 136 1
24 142 1
24 146 8
24 148 1
24 149 1
24 156 2
24 158 1
24 161 1
24 166 1
24 171 11
24 172 4
24 174 2
24 175 1
24 178 1
24 181 2
24 182 1
24 185 1
24 189 1
24 191 3
24 200 1
24 204 1
24 208 2
24 216 2
24 219 2
24 223 1
24 224 1
24 241 5
24 248 1
24 250 1
24 259 1
24 283 2
24 288 9
24 300 1
24 318 4
24 320 1
24 325 1
24 336 1
24 344 3
24 354 1
24 368 1
24 382 2
24 384 1
24 427 1
24 432 1
24 459 1
24 489 1
24 492 2
24 499 1
24 510 1
24 554 1
24 563 1
24 580 1
24 649 1
24 668 2
24 704 1
24 707 1
24 718 1
24 723 2
24 750 1
24 764 1
24 772 1
24 783 1
24 790 1
24 825 1
24 873 1
24 886 1
24 892 1
24 897 1
24 959 1
24 976 1
24 999 1
24 1015 1
24 1083 1
24 1084 1
24 1097 3
24 1135 1
24 1137 1
24 1150 5
24 1151 2
24 1156 1
24 1168 1
24 1172 1
24 1177 23
24 1180 1
24 1230 1
24 1237 1
24 1258 1
24 1323 2
24 1324 1
24 1325 1
24 1326 1
24 1327 1
24 1328 1
24 1329 1
24 1330 1
24 1331 1
24 1332 2
24 1333 1
24 1334 1
24 1335 1
24 1336 1
24 1337 4
24 1338 2
24 1339 2
24 1340 1
24 1341 10
24 1342 1
24 1343 2
24 1344 1
24 1345 2
24 1346 1
24 1347 1
24 1348 3
24 1349 1
24 1350 1
24 1351 1
24 1352 3
24 1353 1
24 1354 1
24 1355 2
24 1356 1
24 1357 1
25 1 1
25 2 5
25 3 12
25 4 2
25 7 2
25 14 3
25 15 2
25 18 1
25 27 1
25 28 1
25 32 5
25 35 1
25 50 1
25 53 2
25 55 2
25 64 3
25 66 1
25 72 3
25 77 5
25 84 3
25 86 1
25 91 2
25 102 3
25 109 1
25 111 1
25 112 1
25 127 1
25 133 8
25 137 1
25 140 1
25 142 3
25 143 6
25 146 6
25 149 3
25 156 2
25 168 1
25 171 1
25 172 4
25 178 1
25 182 7
25 191 1
25 192 1
25 200 1
25 204 1
25 205 1
25 213 2
25 223 2
25 225 1
25 235 1
25 241 1
25 250 1
25 257 6
25 259 1
25 276 5
25 288 4
25 322 1
25 331 1
25 338 4
25 381 1
25 384 1
25 390 1
25 436 1
25 438 2
25 474 1
25 479 9
25 484 1
25 492 1
25 499 1
25 533 1
25 543 1
25 554 1
25 555 1
25 651 1
25 667 1
25 672 1
25 675 2
25 791 1
25 825 2
25 1006 1
25 1054 1
25 1057 1
25 1101 1
25 1106 2
25 1186 1
25 1200 1
25 1258 2
25 1324 1
25 1325 3
25 1344 1
25 1345 3
25 1358 1
25 1359 1
25 1360 1
25 1361 1
25 1362 1
25 1363 1
25 1364 1
25 1365 1
25 1366 1
25 1367 1
25 1368 1
25 1369 1
26 1 1
26 2 1
26 3 1
26 10 5
26 11 1
26 14 7
26 28 1
26 35 4
26 51 1
26 63 2
26 64 1
26 72 2
26 76 2
26 77 4
26 85 2
26 90 1
26 91 1
26 102 1
26 112 2
26 113 3
26 118 1
26 127 1
26 130 1
26 136 1
26 137 2
26 146 2
26 171 1
26 172 1
26 181 4
26 193 1
26 196 1
26 198 17
26 203 3
26 204 2
26 206 2
26 209 2
26 213 1
26 223 2
26 237 1
26 238 2
26 241 1
26 247 1
26 248 5
26 250 3
26 251 2
26 256 1
26 258 1
26 259 3
26 261 2
26 277 2
26 283 2
26 288 2
26 290 1
26 298 1
26 304 1
26 309 1
26 310 1
26 329 1
26 337 1
26 343 1
26 345 2
26 354 2
26 356 1
26 358 1
26 359 2
26 368 1
26 374 1
26 376 1
26 378 1
26 386 1
26 403 2
26 425 2
26 454 1
26 516 1
26 591 2
26 618 1
26 668 1
26 689 1
26 709 1
26 791 2
26 793 2
26 850 1
26 890 1
26 923 1
26 929 1
26 1004 1
26 1010 1
26 1016 1
26 1054 1
26 1101 1
26 1103 1
26 1144 1
26 1209 1
26 1279 1
26 1330 1
26 1352 2
26 1370 1
26 1371 1
26 1372 1
26 1373 1
26 1374 1
26 1375 1
26 1376 1
26 1377 1
26 1378 1
26 1379 1
26 1380 1
26 1381 1
26 1382 1
26 1383 1
26 1384 1
26 1385 1
27 2 1
27 3 1
27 10 9
27 14 1
27 15 1
27 27 3
27 35 4
27 42 1
27 50 1
27 53 1
27 63 1
27 108 1
27 119 1
27 142 1
27 143 10
27 154 2
27 172 1
27 178 1
27 181 1
27 182 2
27 184 1
27 201 1
27 220 1
27 247 3
27 248 1
27 251 1
27 261 1
27 265 10
27 276 2
27 288 3
27 309 1
27 340 1
27 345 1
27 350 1
27 383 3
27 390 1
27 436 1
27 652 1
27 695 1
27 743 3
27 823 1
27 863 1
27 886 1
27 888 1
27 1054 1
27 1101 1
27 1187 1
27 1225 1
27 1283 1
27 1337 2
27 1376 1
27 1386 1
27 1387 1
27 1388 1
27 1389 1
27 1390 1
27 1391 1
27 1392 1
27 1393 1
27 1394 2
27 1395 1
27 1396 3
27 1397 1
27 1398 5
27 1399 1
28 3 1
28 14 9
28 19 1
28 24 1
28 27 1
28 41 1
28 48 4
28 55 1
28 58 1
28 72 1
28 75 1
28 77 2
28 91 1
28 105 3
28 109 3
28 112 1
28 113 3
28 119 1
28 138 1
28 141 6
28 143 5
28 146 1
28 161 1
28 162 1
28 171 1
28 172 9
28 173 3
28 176 1
28 178 1
28 182 1
28 188 1
28 201 1
28 239 1
28 248 1
28 254 1
28 258 1
28 277 2
28 283 1
28 288 2
28 309 1
28 316 1
28 339 1
28 342 4
28 350 1
28 380 2
28 387 1
28 436 1
28 458 2
28 459 1
28 499 1
28 506 2
28 537 1
28 591 1
28 628 3
28 667 1
28 687 1
28 689 3
28 691 1
28 791 1
28 800 1
28 839 1
28 886 1
28 899 1
28 906 1
28 907 1
28 912 1
28 920 1
28 924 1
28 1073 1
28 1078 1
28 1084 1
28 1095 1
28 1126 1
28 1188 2
28 1206 1
28 1226 1
28 1244 1
28 1325 1
28 1352 1
28 1371 2
28 1400 1
28 1401 2
28 1402 1
28 1403 2
28 1404 2
28 1405 1
28 1406 1
28 1407 1
28 1408 1
28 1409 3
28 1410 2
28 1411 1
28 1412 1
28 1413 1
28 1414 1
28 1415 2
28 1416 1
28 1417 1
28 1418 1
28 1419 1
29 1 1
29 2 7
29 3 9
29 8 2
29 10 5
29 13 1
29 14 6
29 15 14
29 21 1
29 26 1
29 28 3
29 29 2
29 32 3
29 35 6
29 40 1
29 41 1
29 42 1
29 48 1
29 50 3
29 51 1
29 53 1
29 55 1
29 60 1
29 63 2
29 68 1
29 70 1
29 72 2
29 74 1
29 76 1
29 77 4
29 79 2
29 84 2
29 85 5
29 86 1
29 91 1
29 94 2
29 96 1
29 102 5
29 105 3
29 106 1
29 112 4
29 115 1
29 116 1
29 119 1
29 127 2
29 128 1
29 133 4
29 137 3
29 141 4
29 143 2
29 145 1
29 146 6
29 148 3
29 149 1
29 152 1
29 156 2
29 158 2
29 162 1
29 164 1
29 171 4
29 172 6
29 173 2
29 174 1
29 178 1
29 181 7
29 182 4
29 186 1
29 189 3
29 191 1
29 203 1
29 204 3
29 209 5
29 213 2
29 220 1
29 221 3
29 223 2
29 225 2
29 229 4
29 231 1
29 235 5
29 237 2
29 245 2
29 247 1
29 248 1
29 250 2
29 254 1
29 255 1
29 258 5
29 259 5
29 261 1
29 263 2
29 274 1
29 277 2
29 279 1
29 284 1
29 288 1
29 295 2
29 301 4
29 305 1
29 311 1
29 313 6
29 319 1
29 328 1
29 345 1
29 353 1
29 354 1
29 357 2
29 359 1
29 365 1
29 370 3
29 384 2
29 387 1
29 397 1
29 401 3
29 406 2
29 409 8
29 413 1
29 417 19
29 427 1
29 432 1
29 436 1
29 437 1
29 443 1
29 448 4
29 453 3
29 454 1
29 457 2
29 475 1
29 479 3
29 489 2
29 491 2
29 492 1
29 499 2
29 505 1
29 519 2
29 522 1
29 554 1
29 577 3
29 595 1
29 628 1
29 643 1
29 666 1
29 673 1
29 694 1
29 704 1
29 706 2
29 716 3
29 718 2
29 723 1
29 725 1
29 736 1
29 737 1
29 748 3
29 767 1
29 793 1
29 800 1
29 802 1
29 806 1
29 814 1
29 828 1
29 833 1
29 878 1
29 884 1
29 897 1
29 900 1
29 908 6
29 914 1
29 934 2
29 940 1
29 943 1
29 1010 3
29 1016 1
29 1083 1
29 1106 2
29 1137 1
29 1151 2
29 1170 1
29 1175 1
29 1177 2
29 1205 8
29 1206 1
29 1229 1
29 1283 1
29 1284 1
29 1293 3
29 1307 3
29 1314 1
29 1315 1
29 1321 1
29 1325 1
29 1360 1
29 1371 2
29 1400 1
29 1420 1
29 1421 1
29 1422 1
29 1423 1
29 1424 1
29 1425 5
29 1426 1
29 1427 1
29 1428 1
29 1429 1
29 1430 1
29 1431 1
29 1432 3
29 1433 1
29 1434 1
29 1435 1
29 1436 1
29 1437 1
29 1438 1
29 1439 1
29 1440 1
29 1441 1
29 1442 1
29 1443 1
29 1444 1
29 1445 1
29 1446 1
29 1447 1
29 1448 1
29 1449 1
29 1450 1
29 1451 1
30 1 1
30 2 1
30 3 10
30 5 4
30 7 1
30 10 6
30 12 1
30 14 4
30 15 2
30 25 1
30 28 1
30 32 2
30 35 4
30 40 3
30 41 2
30 43 7
30 48 2
30 52 1
30 53 3
30 54 4
30 56 3
30 57 1
30 65 1
30 72 2
30 74 2
30 75 1
30 77 1
30 84 1
30 86 1
30 91 4
30 96 8
30 105 10
30 106 1
30 112 1
30 115 1
30 124 1
30 129 1
30 132 1
30 133 1
30 136 1
30 137 1
30 141 21
30 146 1
30 149 2
30 155 1
30 156 2
30 161 1
30 166 2
30 172 7
30 173 1
30 174 14
30 175 1
30 177 3
30 178 4
30 180 5
30 181 8
30 182 2
30 186 2
30 189 3
30 191 4
30 193 6
30 200 1
30 201 2
30 208 1
30 209 12
30 211 1
30 213 2
30 215 1
30 219 3
30 221 3
30 234 2
30 250 1
30 251 1
30 256 1
30 259 3
30 261 1
30 267 2
30 268 1
30 275 1
30 282 1
30 284 2
30 285 1
30 288 7
30 298 3
30 301 6
30 325 2
30 338 1
30 342 1
30 344 1
30 359 1
30 367 1
30 370 11
30 383 1
30 390 1
30 406 1
30 409 45
30 411 1
30 417 20
30 419 1
30 426 2
30 427 2
30 432 3
30 435 3
30 436 1
30 437 4
30 444 1
30 454 2
30 459 2
30 461 2
30 477 1
30 479 1
30 481 1
30 487 3
30 489 1
30 492 1
30 506 1
30 510 1
30 523 1
30 563 1
30 585 1
30 589 1
30 622 4
30 651 3
30 661 4
30 668 1
30 679 1
30 693 3
30 702 2
30 706 1
30 743 2
30 744 1
30 793 3
30 800 3
30 801 1
30 806 1
30 829 1
30 870 2
30 873 3
30 878 1
30 884 4
30 890 1
30 895 1
30 897 6
30 914 1
30 918 1
30 952 1
30 953 3
30 958 1
30 1050 2
30 1078 1
30 1092 1
30 1096 2
30 1150 1
30 1205 2
30 1261 1
30 1287 2
30 1313 1
30 1314 2
30 1322 2
30 1325 2
30 1343 1
30 1446 1
30 1447 1
30 1452 2
30 1453 5
30 1454 2
30 1455 2
30 1456 1
30 1457 1
30 1458 1
30 1459 1
30 1460 5
30 1461 4
30 1462 1
30 1463 1
30 1464 1
30 1465 1
30 1466 1
30 1467 1
30 1468 4
30 1469 1
30 1470 1
30 1471 2
30 1472 1
30 1473 1
30 1474 1
30 1475 1
30 1476 1
30 1477 2
30 1478 1
30 1479 1
30 1480 1
30 1481 1
31 2 1
31 10 6
31 13 1
31 14 2
31 15 3
31 42 1
31 50 1
31 106 1
31 111 1
31 113 4
31 142 1
31 143 1
31 164 1
31 172 2
31 178 1
31 200 1
31 201 1
31 202 1
31 221 1
31 239 1
31 247 1
31 261 2
31 280 6
31 350 1
31 359 1
31 403 1
31 406 1
31 436 1
31 481 2
31 482 1
31 522 1
31 534 1
31 668 1
31 704 1
31 800 1
31 863 1
31 878 3
31 900 2
31 1106 1
31 1158 4
31 1266 1
31 1270 9
31 1301 1
31 1381 3
31 1482 2
31 1483 1
31 1484 2
32 3 2
32 10 4
32 14 4
32 15 1
32 35 1
32 50 1
32 51 1
32 111 1
32 126 1
32 142 1
32 143 1
32 172 2
32 178 1
32 181 1
32 192 1
32 237 1
32 248 1
32 251 1
32 261 2
32 267 1
32 280 2
32 288 1
32 309 1
32 333 1
32 340 1
32 345 1
32 400 1
32 436 1
32 522 1
32 601 1
32 810 1
32 1054 1
32 1101 1
32 1158 2
32 1267 1
32 1270 2
32 1384 1
32 1485 1
32 1486 6
33 3 4
33 4 2
33 10 3
33 11 1
33 13 1
33 14 4
33 15 8
33 28 3
33 32 6
33 35 3
33 37 2
33 40 2
33 42 1
33 45 1
33 48 3
33 51 2
33 52 1
33 53 1
33 54 1
33 57 1
33 58 3
33 63 1
33 72 3
33 73 2
33 75 3
33 77 5
33 84 1
33 85 4
33 91 1
33 99 1
33 102 3
33 105 3
33 106 1
33 112 1
33 118 1
33 119 1
33 132 1
33 133 2
33 136 2
33 137 2
33 138 1
33 142 2
33 143 1
33 145 1
33 146 9
33 152 6
33 153 1
33 156 2
33 158 3
33 161 1
33 166 1
33 168 1
33 171 5
33 172 4
33 173 3
33 174 1
33 177 3
33 181 4
33 182 6
33 184 1
33 187 1
33 189 1
33 191 1
33 192 1
33 193 1
33 201 2
33 203 1
33 204 6
33 205 1
33 208 1
33 212 1
33 213 2
33 217 15
33 221 1
33 223 2
33 225 2
33 234 1
33 235 1
33 236 1
33 245 3
33 247 1
33 248 1
33 250 2
33 257 1
33 259 4
33 267 2
33 272 1
33 273 1
33 277 1
33 279 1
33 280 4
33 282 2
33 285 2
33 286 1
33 287 1
33 288 1
33 292 1
33 295 2
33 296 1
33 298 2
33 301 1
33 314 1
33 320 1
33 325 1
33 336 1
33 340 1
33 341 3
33 342 1
33 350 1
33 357 3
33 370 1
33 406 1
33 414 1
33 417 6
33 425 1
33 427 2
33 432 1
33 448 1
33 449 1
33 455 1
33 461 1
33 489 1
33 492 1
33 506 1
33 508 1
33 523 1
33 543 1
33 554 1
33 589 1
33 595 1
33 707 1
33 715 1
33 748 1
33 754 1
33 759 1
33 801 2
33 808 1
33 823 1
33 849 1
33 861 1
33 863 1
33 888 1
33 900 1
33 912 1
33 929 2
33 1004 1
33 1017 1
33 1083 1
33 1097 1
33 1144 1
33 1158 1
33 1166 1
33 1181 1
33 1186 1
33 1195 1
33 1205 3
33 1211 1
33 1224 1
33 1284 2
33 1305 1
33 1315 1
33 1324 1
33 1325 1
33 1350 1
33 1439 1
33 1457 1
33 1487 1
33 1488 1
33 1489 1
33 1490 1
33 1491 1
33 1492 1
33 1493 1
33 1494 1
33 1495 3
33 1496 3
33 1497 1
33 1498 1
33 1499 1
33 1500 2
33 1501 1
33 1502 1
33 1503 1
33 1504 1
33 1505 1
33 1506 1
33 1507 3
33 1508 1
33 1509 1
33 1510 1
33 1511 1
33 1512 1
33 1513 1
34 2 1
34 4 1
34 10 1
34 12 1
34 13 1
34 14 8
34 15 2
34 19 1
34 27 1
34 32 2
34 39 1
34 48 2
34 50 1
34 75 1
34 77 1
34 85 2
34 105 2
34 108 1
34 111 1
34 112 1
34 113 2
34 119 1
34 141 9
34 142 1
34 143 14
34 146 1
34 153 1
34 171 1
34 172 9
34 173 2
34 178 1
34 181 2
34 182 2
34 191 1
34 193 1
34 201 3
34 220 1
34 222 5
34 239 2
34 245 1
34 247 1
34 251 1
34 256 1
34 279 1
34 280 2
34 288 3
34 290 3
34 309 1
34 316 1
34 337 1
34 342 1
34 345 1
34 380 1
34 383 2
34 387 1
34 403 2
34 427 1
34 436 2
34 482 1
34 522 1
34 534 1
34 535 2
34 628 7
34 652 1
34 659 2
34 687 1
34 689 2
34 697 1
34 698 1
34 713 1
34 786 3
34 791 1
34 863 2
34 899 1
34 912 2
34 921 1
34 938 1
34 1047 1
34 1077 1
34 1078 1
34 1121 1
34 1128 1
34 1139 1
34 1158 1
34 1189 1
34 1226 1
34 1266 1
34 1267 1
34 1270 1
34 1283 1
34 1353 1
34 1371 2
34 1401 9
34 1403 1
34 1404 2
34 1405 1
34 1409 1
34 1410 1
34 1411 1
34 1413 1
34 1415 2
34 1418 1
34 1514 1
34 1515 1
34 1516 1
34 1517 1
34 1518 1
34 1519 1
34 1520 1
34 1521 1
34 1522 1
34 1523 1
34 1524 1
35 2 1
35 14 8
35 19 1
35 27 1
35 32 1
35 48 2
35 50 1
35 56 1
35 60 1
35 63 2
35 75 1
35 77 2
35 78 1
35 90 1
35 98 1
35 105 2
35 108 1
35 111 1
35 112 1
35 113 1
35 116 1
35 127 1
35 141 3
35 142 2
35 143 17
35 146 1
35 171 1
35 172 10
35 173 2
35 178 1
35 181 1
35 188 1
35 191 2
35 194 1
35 203 1
35 216 1
35 238 1
35 239 2
35 241 1
35 244 1
35 251 1
35 261 1
35 268 2
35 275 2
35 277 2
35 288 6
35 290 4
35 342 1
35 345 6
35 350 1
35 353 1
35 360 1
35 380 1
35 381 1
35 383 1
35 384 2
35 387 1
35 414 1
35 427 1
35 436 2
35 473 1
35 474 1
35 499 1
35 510 2
35 522 1
35 554 2
35 562 1
35 573 1
35 628 2
35 631 1
35 667 2
35 668 1
35 691 1
35 736 1
35 747 4
35 791 1
35 828 1
35 863 1
35 906 1
35 912 1
35 924 1
35 1006 1
35 1135 1
35 1139 1
35 1149 1
35 1182 1
35 1213 1
35 1226 1
35 1230 1
35 1244 11
35 1345 2
35 1352 1
35 1371 2
35 1386 1
35 1401 4
35 1404 2
35 1405 2
35 1409 2
35 1411 4
35 1414 1
35 1415 2
35 1426 1
35 1518 1
35 1525 2
35 1526 1
35 1527 1
35 1528 1
35 1529 2
35 1530 1
35 1531 1
35 1532 2
35 1533 1
35 1534 1
35 1535 1
35 1536 1
35 1537 1
35 1538 1
35 1539 1
35 1540 1
35 1541 1
35 1542 1
35 1543 1
35 1544 1
35 1545 1
35 1546 1
35 1547 1
36 1 1
36 2 6
36 3 4
36 6 2
36 10 17
36 13 1
36 14 7
36 15 19
36 18 2
36 26 1
36 28 1
36 32 3
36 35 3
36 40 2
36 48 1
36 50 1
36 51 1
36 52 1
36 53 1
36 54 2
36 55 2
36 66 1
36 68 1
36 70 1
36 72 2
36 75 1
36 76 4
36 77 8
36 84 5
36 85 3
36 86 2
36 91 1
36 95 8
36 99 1
36 102 1
36 105 5
36 106 1
36 108 1
36 111 1
36 112 2
36 118 2
36 127 3
36 128 4
36 132 1
36 133 1
36 142 1
36 143 1
36 145 1
36 146 12
36 149 4
36 156 2
36 166 1
36 171 1
36 172 16
36 173 1
36 174 7
36 175 1
36 177 2
36 178 1
36 181 4
36 182 4
36 185 1
36 191 1
36 192 1
36 200 1
36 201 3
36 202 4
36 204 1
36 205 1
36 213 3
36 216 1
36 221 1
36 223 2
36 233 1
36 239 1
36 250 3
36 258 3
36 259 1
36 261 1
36 263 3
36 277 1
36 285 8
36 292 1
36 295 1
36 312 1
36 313 1
36 340 1
36 342 2
36 350 4
36 353 1
36 357 1
36 359 1
36 406 15
36 409 4
36 417 36
36 419 1
36 427 1
36 429 1
36 434 1
36 439 1
36 443 1
36 446 1
36 471 1
36 485 1
36 492 1
36 505 1
36 506 1
36 507 1
36 510 1
36 519 2
36 534 1
36 537 2
36 554 1
36 558 1
36 577 1
36 579 5
36 649 1
36 687 1
36 693 2
36 697 1
36 706 2
36 791 1
36 825 1
36 828 1
36 884 1
36 888 2
36 904 3
36 908 1
36 913 1
36 921 1
36 925 1
36 958 1
36 996 1
36 1010 1
36 1038 1
36 1062 1
36 1064 1
36 1098 1
36 1106 1
36 1117 1
36 1181 1
36 1230 1
36 1253 1
36 1255 1
36 1258 1
36 1310 1
36 1324 1
36 1340 1
36 1373 1
36 1424 1
36 1434 1
36 1438 1
36 1446 1
36 1451 1
36 1467 1
36 1485 1
36 1518 6
36 1533 1
36 1548 1
36 1549 1
36 1550 1
36 1551 1
36 1552 1
36 1553 1
36 1554 1
36 1555 1
36 1556 2
36 1557 1
36 1558 1
36 1559 1
36 1560 1
36 1561 1
36 1562 1
36 1563 3
36 1564 4
36 1565 3
36 1566 1
36 1567 1
36 1568 1
36 1569 1
36 1570 1
36 1571 1
36 1572 1
36 1573 1
36 1574 1
36 1575 4
36 1576 14
36 1577 1
36 1578 1
36 1579 1
36 1580 1
36 1581 1
37 1 1
37 2 1
37 8 1
37 10 3
37 14 3
37 15 5
37 32 1
37 43 1
37 50 1
37 63 1
37 64 2
37 84 2
37 88 2
37 106 1
37 111 1
37 134 1
37 141 1
37 142 1
37 143 1
37 149 1
37 164 1
37 172 6
37 177 1
37 178 1
37 188 1
37 193 2
37 200 1
37 201 1
37 203 1
37 204 1
37 220 1
37 221 1
37 313 1
37 411 1
37 432 1
37 436 1
37 437 1
37 439 1
37 440 1
37 444 7
37 454 1
37 461 2
37 481 1
37 492 1
37 631 1
37 651 1
37 661 2
37 667 1
37 819 1
37 873 1
37 876 1
37 892 3
37 908 1
37 921 1
37 931 5
37 1015 1
37 1041 1
37 1087 1
37 1151 1
37 1181 1
37 1186 1
37 1227 1
37 1230 1
37 1582 1
37 1583 1
37 1584 1
37 1585 1
37 1586 1
38 1 1
38 3 1
38 10 4
38 14 3
38 15 3
38 35 1
38 50 1
38 84 2
38 85 1
38 95 1
38 105 1
38 106 1
38 111 1
38 126 1
38 138 1
38 142 2
38 143 1
38 155 2
38 162 1
38 164 1
38 172 2
38 173 1
38 178 1
38 181 1
38 182 4
38 189 2
38 191 2
38 200 1
38 204 2
38 209 4
38 221 1
38 231 3
38 232 3
38 247 1
38 261 1
38 265 1
38 267 1
38 286 1
38 288 1
38 344 1
38 359 1
38 367 3
38 387 1
38 390 1
38 401 2
38 424 6
38 436 1
38 461 2
38 481 2
38 482 1
38 518 4
38 534 1
38 595 1
38 651 1
38 676 4
38 707 2
38 711 1
38 720 5
38 733 1
38 828 2
38 863 1
38 874 1
38 890 1
38 918 1
38 953 7
38 1014 2
38 1444 1
38 1587 3
38 1588 1
38 1589 1
38 1590 6
38 1591 1
38 1592 2
38 1593 1
38 1594 1
39 3 2
39 10 6
39 13 1
39 14 3
39 19 1
39 30 1
39 40 2
39 43 1
39 48 2
39 50 1
39 51 1
39 52 1
39 53 3
39 54 1
39 63 4
39 66 1
39 72 3
39 76 1
39 77 5
39 85 10
39 87 1
39 91 1
39 95 1
39 96 1
39 102 1
39 105 1
39 106 1
39 111 1
39 112 1
39 113 1
39 119 1
39 123 2
39 132 1
39 142 2
39 143 1
39 146 5
39 155 1
39 156 2
39 164 1
39 166 2
39 170 1
39 172 2
39 173 1
39 174 4
39 177 1
39 178 1
39 181 3
39 182 8
39 185 1
39 189 1
39 191 1
39 192 2
39 193 1
39 200 1
39 201 1
39 204 1
39 205 1
39 208 1
39 209 1
39 212 1
39 213 2
39 216 3
39 221 1
39 223 2
39 231 2
39 232 6
39 233 1
39 235 1
39 238 1
39 241 1
39 243 1
39 247 2
39 250 1
39 254 1
39 258 2
39 259 4
39 261 3
39 267 1
39 270 1
39 271 8
39 278 2
39 279 1
39 280 2
39 283 2
39 285 6
39 286 1
39 287 1
39 288 6
39 309 1
39 328 1
39 336 1
39 340 3
39 345 6
39 353 1
39 357 1
39 359 1
39 367 1
39 375 1
39 388 1
39 400 1
39 401 3
39 404 4
39 409 1
39 417 3
39 427 1
39 431 1
39 434 1
39 447 1
39 469 1
39 492 1
39 506 1
39 510 1
39 534 2
39 636 2
39 651 1
39 674 1
39 676 1
39 689 1
39 694 1
39 702 1
39 709 2
39 716 1
39 718 3
39 723 1
39 801 1
39 825 1
39 844 2
39 881 1
39 900 1
39 934 1
39 953 1
39 967 1
39 985 1
39 1010 1
39 1050 1
39 1083 1
39 1121 1
39 1158 1
39 1180 1
39 1205 1
39 1266 4
39 1283 1
39 1288 1
39 1301 1
39 1324 1
39 1591 1
39 1595 1
39 1596 1
39 1597 1
39 1598 2
39 1599 9
39 1600 8
39 1601 1
39 1602 1
39 1603 1
39 1604 1
39 1605 2
39 1606 2
39 1607 1
39 1608 1
39 1609 1
39 1610 1
40 3 1
40 10 8
40 14 3
40 15 7
40 18 2
40 19 1
40 32 1
40 40 1
40 48 2
40 52 2
40 53 1
40 54 1
40 66 1
40 72 2
40 74 1
40 77 6
40 84 7
40 85 12
40 87 1
40 91 1
40 95 1
40 97 2
40 102 1
40 105 2
40 106 1
40 108 1
40 109 1
40 112 1
40 123 3
40 124 1
40 132 2
40 136 1
40 139 14
40 145 1
40 146 10
40 148 1
40 149 1
40 154 1
40 155 1
40 156 1
40 160 2
40 164 1
40 166 2
40 170 1
40 171 1
40 172 2
40 173 1
40 174 6
40 175 4
40 177 1
40 181 3
40 182 9
40 189 4
40 191 1
40 192 1
40 193 1
40 200 1
40 201 1
40 204 3
40 205 1
40 209 1
40 211 1
40 212 1
40 213 2
40 216 2
40 219 4
40 221 2
40 223 2
40 224 1
40 226 1
40 231 4
40 232 10
40 233 2
40 247 2
40 250 6
40 254 1
40 255 2
40 259 1
40 271 3
40 277 1
40 279 1
40 283 2
40 284 1
40 295 3
40 320 1
40 328 1
40 336 1
40 348 1
40 353 1
40 357 3
40 359 1
40 367 2
40 370 1
40 387 1
40 390 2
40 401 4
40 404 3
40 406 2
40 422 1
40 424 2
40 434 1
40 436 1
40 451 2
40 466 1
40 469 1
40 481 2
40 487 1
40 489 1
40 491 1
40 505 1
40 506 1
40 532 1
40 534 1
40 552 1
40 563 1
40 636 1
40 676 3
40 707 1
40 709 1
40 716 2
40 718 1
40 723 1
40 725 1
40 748 1
40 813 1
40 817 1
40 838 1
40 841 1
40 881 1
40 888 1
40 892 2
40 895 2
40 915 3
40 953 1
40 1027 1
40 1060 1
40 1062 1
40 1082 1
40 1083 1
40 1106 3
40 1158 1
40 1183 1
40 1215 1
40 1225 1
40 1230 1
40 1283 1
40 1301 1
40 1324 1
40 1404 1
40 1426 1
40 1464 1
40 1548 1
40 1591 1
40 1602 1
40 1608 1
40 1609 1
40 1611 1
40 1612 1
40 1613 1
40 1614 1
40 1615 1
40 1616 2
40 1617 2
40 1618 1
40 1619 27
40 1620 1
40 1621 1
40 1622 1
40 1623 1
40 1624 2
40 1625 1
40 1626 2
41 1 1
41 2 1
41 10 3
41 14 3
41 15 1
41 27 3
41 35 3
41 42 1
41 50 1
41 74 3
41 76 1
41 77 1
41 78 1
41 85 5
41 105 1
41 111 1
41 112 1
41 123 13
41 139 1
41 141 2
41 142 1
41 143 1
41 146 1
41 148 1
41 152 1
41 160 2
41 172 4
41 178 1
41 181 3
41 182 5
41 209 1
41 221 3
41 229 1
41 231 1
41 232 2
41 235 2
41 247 1
41 250 3
41 256 1
41 271 4
41 278 1
41 279 1
41 283 1
41 285 1
41 292 1
41 323 1
41 341 2
41 357 2
41 359 3
41 370 1
41 380 1
41 401 4
41 413 6
41 422 2
41 436 2
41 481 2
41 500 1
41 636 4
41 707 2
41 711 1
41 729 1
41 828 1
41 874 2
41 888 1
41 915 2
41 953 1
41 1004 1
41 1136 1
41 1158 3
41 1173 1
41 1181 1
41 1198 2
41 1230 1
41 1283 1
41 1309 1
41 1444 2
41 1559 1
41 1591 1
41 1592 1
41 1623 1
41 1627 2
41 1628 1
41 1629 1
41 1630 1
41 1631 2
41 1632 1
41 1633 1
41 1634 1
42 10 7
42 14 2
42 32 3
42 42 1
42 50 1
42 72 1
42 76 1
42 84 1
42 85 2
42 88 3
42 90 1
42 93 1
42 105 2
42 106 1
42 111 1
42 123 3
42 142 1
42 143 1
42 149 1
42 160 1
42 164 1
42 172 5
42 178 1
42 181 1
42 182 3
42 191 1
42 200 1
42 201 1
42 220 2
42 221 1
42 229 1
42 232 1
42 238 1
42 242 2
42 245 1
42 259 1
42 261 1
42 271 2
42 288 5
42 337 1
42 357 1
42 361 1
42 367 1
42 381 1
42 384 2
42 401 1
42 402 1
42 406 1
42 413 1
42 427 1
42 437 7
42 449 1
42 452 1
42 522 1
42 534 1
42 676 3
42 681 2
42 707 2
42 729 1
42 873 1
42 915 1
42 956 1
42 1158 1
42 1180 1
42 1255 1
42 1283 1
42 1302 1
42 1432 1
42 1489 5
42 1591 1
42 1635 4
43 2 1
43 3 8
43 10 10
43 13 1
43 14 1
43 15 12
43 19 2
43 23 1
43 28 2
43 35 1
43 40 2
43 50 3
43 51 1
43 52 1
43 53 2
43 54 2
43 57 1
43 60 3
43 72 3
43 74 2
43 76 3
43 77 5
43 85 13
43 86 1
43 91 1
43 95 6
43 96 1
43 102 1
43 105 1
43 106 1
43 112 3
43 115 1
43 119 2
43 123 5
43 124 1
43 127 1
43 128 1
43 132 1
43 140 4
43 141 1
43 143 1
43 146 7
43 155 1
43 156 2
43 160 4
43 166 2
43 170 1
43 171 2
43 172 5
43 174 7
43 175 5
43 177 1
43 178 2
43 180 5
43 181 6
43 182 7
43 185 1
43 188 1
43 189 6
43 191 1
43 192 2
43 193 1
43 200 1
43 201 1
43 203 1
43 204 4
43 205 1
43 208 1
43 209 4
43 213 2
43 215 1
43 221 3
43 223 2
43 231 3
43 235 1
43 236 1
43 237 1
43 245 2
43 247 1
43 250 5
43 255 2
43 259 3
43 261 1
43 263 1
43 269 1
43 271 6
43 277 1
43 279 1
43 281 1
43 283 1
43 285 1
43 292 3
43 293 1
43 301 2
43 308 1
43 311 1
43 313 1
43 328 2
43 342 2
43 343 1
43 344 1
43 365 1
43 384 2
43 390 1
43 401 3
43 406 1
43 409 3
43 413 1
43 417 17
43 419 2
43 420 1
43 422 2
43 427 5
43 432 2
43 435 3
43 437 1
43 439 1
43 448 1
43 451 1
43 453 2
43 454 2
43 457 1
43 459 1
43 461 1
43 462 1
43 467 1
43 475 2
43 476 1
43 477 2
43 481 1
43 487 3
43 488 1
43 489 1
43 499 1
43 505 1
43 510 1
43 522 1
43 523 1
43 528 3
43 563 3
43 577 1
43 579 2
43 614 1
43 643 1
43 651 1
43 666 1
43 674 1
43 694 4
43 696 1
43 707 2
43 716 3
43 728 1
43 729 1
43 736 1
43 748 2
43 782 1
43 798 1
43 801 2
43 810 3
43 833 1
43 841 1
43 853 1
43 874 1
43 878 1
43 887 1
43 890 2
43 904 2
43 908 5
43 911 2
43 914 1
43 915 1
43 923 1
43 936 1
43 956 1
43 1050 1
43 1053 1
43 1100 1
43 1106 1
43 1170 1
43 1205 9
43 1206 2
43 1212 1
43 1230 1
43 1283 2
43 1284 1
43 1287 2
43 1293 2
43 1298 1
43 1299 1
43 1305 1
43 1307 3
43 1309 1
43 1314 1
43 1315 1
43 1322 2
43 1324 1
43 1383 1
43 1400 1
43 1420 1
43 1421 1
43 1427 1
43 1430 1
43 1435 1
43 1436 2
43 1440 6
43 1444 1
43 1445 1
43 1465 1
43 1479 1
43 1485 2
43 1591 1
43 1636 2
43 1637 1
43 1638 2
43 1639 1
43 1640 1
43 1641 1
43 1642 1
43 1643 1
43 1644 1
43 1645 1
43 1646 1
43 1647 3
44 14 3
44 15 7
44 16 1
44 28 2
44 35 2
44 40 4
44 41 1
44 50 2
44 53 7
44 54 2
44 57 1
44 64 1
44 72 3
44 77 4
44 84 1
44 85 2
44 91 3
44 93 1
44 102 1
44 106 1
44 112 2
44 127 2
44 142 1
44 146 6
44 156 3
44 158 7
44 166 3
44 171 3
44 172 2
44 178 2
44 181 2
44 189 1
44 192 2
44 194 2
44 197 2
44 198 3
44 199 7
44 200 1
44 201 1
44 202 1
44 203 3
44 204 1
44 205 1
44 206 2
44 208 1
44 209 2
44 213 2
44 215 1
44 216 1
44 220 1
44 221 3
44 223 2
44 227 1
44 231 1
44 232 3
44 233 1
44 235 1
44 236 1
44 238 1
44 240 1
44 241 1
44 244 2
44 245 3
44 249 1
44 250 1
44 251 1
44 252 1
44 255 1
44 256 2
44 259 1
44 267 1
44 270 1
44 271 1
44 278 1
44 281 1
44 298 1
44 302 1
44 305 3
44 309 1
44 329 1
44 336 1
44 356 1
44 358 1
44 359 1
44 370 4
44 373 3
44 374 1
44 378 1
44 381 1
44 386 1
44 388 1
44 389 1
44 402 1
44 406 1
44 408 1
44 417 1
44 436 1
44 465 1
44 474 1
44 489 9
44 490 2
44 499 1
44 506 1
44 579 1
44 628 3
44 671 1
44 674 1
44 679 1
44 682 1
44 684 1
44 686 1
44 704 1
44 707 1
44 716 1
44 718 5
44 732 1
44 738 1
44 744 1
44 774 1
44 782 1
44 790 1
44 846 1
44 932 2
44 1053 1
44 1155 1
44 1205 2
44 1215 2
44 1334 1
44 1371 1
44 1372 1
44 1404 3
44 1415 2
44 1472 1
44 1559 1
44 1627 1
44 1640 1
44 1648 1
44 1649 1
44 1650 1
44 1651 1
44 1652 1
44 1653 1
44 1654 1
44 1655 1
44 1656 1
44 1657 1
44 1658 1
44 1659 1
44 1660 5
44 1661 1
44 1662 1
44 1663 1
44 1664 1
44 1665 1
44 1666 1
44 1667 2
44 1668 1
44 1669 1
44 1670 1
44 1671 1
45 2 1
45 3 1
45 10 4
45 14 1
45 15 3
45 45 1
45 50 1
45 56 1
45 60 11
45 84 7
45 105 2
45 106 1
45 108 1
45 111 1
45 119 1
45 142 2
45 143 1
45 152 1
45 164 1
45 172 1
45 178 2
45 180 1
45 181 1
45 182 2
45 185 1
45 189 2
45 193 1
45 200 1
45 216 1
45 239 1
45 251 1
45 261 1
45 301 1
45 315 1
45 390 1
45 432 1
45 436 1
45 503 2
45 528 2
45 605 1
45 616 1
45 676 1
45 681 1
45 743 1
45 754 2
45 768 1
45 816 1
45 824 1
45 901 1
45 938 1
45 959 1
45 1187 1
45 1213 1
45 1500 1
45 1505 2
45 1592 1
45 1672 1
45 1673 3
45 1674 1
45 1675 1
45 1676 2
45 1677 1
45 1678 1
46 2 3
46 10 4
46 12 2
46 14 3
46 15 8
46 19 1
46 34 2
46 35 3
46 40 2
46 41 1
46 48 4
46 52 1
46 53 4
46 54 2
46 57 1
46 64 1
46 72 2
46 75 1
46 76 1
46 91 1
46 105 1
46 106 1
46 109 2
46 119 1
46 130 1
46 139 8
46 140 1
46 141 2
46 145 1
46 155 1
46 156 1
46 161 2
46 164 1
46 166 2
46 172 5
46 173 1
46 174 4
46 175 1
46 177 1
46 182 2
46 184 1
46 189 1
46 200 1
46 201 2
46 202 1
46 211 1
46 221 5
46 243 5
46 245 4
46 247 1
46 250 4
46 254 1
46 261 1
46 276 1
46 286 1
46 288 1
46 298 1
46 315 1
46 337 1
46 353 1
46 362 2
46 367 1
46 368 1
46 370 2
46 376 2
46 383 1
46 427 1
46 432 2
46 434 2
46 436 1
46 447 1
46 461 5
46 465 1
46 472 1
46 477 2
46 489 2
46 491 1
46 492 1
46 494 2
46 510 1
46 523 2
46 537 1
46 548 1
46 563 1
46 577 1
46 580 1
46 597 1
46 623 1
46 642 1
46 651 1
46 681 3
46 711 1
46 718 2
46 721 21
46 738 1
46 745 2
46 748 3
46 768 1
46 792 3
46 806 4
46 839 1
46 888 1
46 908 1
46 951 1
46 972 1
46 1010 1
46 1027 1
46 1100 1
46 1158 5
46 1210 1
46 1246 1
46 1287 5
46 1304 3
46 1305 1
46 1322 5
46 1387 2
46 1409 2
46 1424 1
46 1542 1
46 1563 1
46 1590 1
46 1679 3
46 1680 1
46 1681 10
46 1682 1
46 1683 1
46 1684 1
46 1685 1
46 1686 1
46 1687 1
46 1688 1
46 1689 1
46 1690 1
46 1691 1
46 1692 2
46 1693 1
46 1694 1
46 1695 1
46 1696 1
46 1697 2
46 1698 1
46 1699 1
46 1700 1
47 10 2
47 12 2
47 14 4
47 26 2
47 40 2
47 41 2
47 48 1
47 52 1
47 53 2
47 54 2
47 55 1
47 57 1
47 70 2
47 72 2
47 75 3
47 76 1
47 84 1
47 91 1
47 105 8
47 106 1
47 139 5
47 140 2
47 141 4
47 143 2
47 145 1
47 155 6
47 156 1
47 158 1
47 162 1
47 172 4
47 174 7
47 175 1
47 176 1
47 177 1
47 181 2
47 182 3
47 189 2
47 191 1
47 193 1
47 201 2
47 202 2
47 208 1
47 211 3
47 215 1
47 221 5
47 229 2
47 234 1
47 243 8
47 245 5
47 250 3
47 261 2
47 262 1
47 276 1
47 282 1
47 283 1
47 286 5
47 288 15
47 318 2
47 343 1
47 345 1
47 362 4
47 365 1
47 367 1
47 368 1
47 370 9
47 376 2
47 381 1
47 383 2
47 384 1
47 400 1
47 427 1
47 432 2
47 434 2
47 436 1
47 447 2
47 461 6
47 465 1
47 477 4
47 489 6
47 491 1
47 492 3
47 494 3
47 506 1
47 510 1
47 523 1
47 534 1
47 537 2
47 548 2
47 563 1
47 580 1
47 623 1
47 626 1
47 628 2
47 642 1
47 650 1
47 651 1
47 652 1
47 681 1
47 684 3
47 686 1
47 692 1
47 709 1
47 718 1
47 721 14
47 736 1
47 738 1
47 748 3
47 756 1
47 761 1
47 768 1
47 783 6
47 786 1
47 792 2
47 806 8
47 828 1
47 839 1
47 924 2
47 972 1
47 983 1
47 1010 1
47 1013 1
47 1027 2
47 1083 1
47 1138 1
47 1158 1
47 1200 1
47 1204 2
47 1246 2
47 1267 1
47 1287 6
47 1304 4
47 1322 6
47 1359 1
47 1404 1
47 1409 2
47 1420 1
47 1530 2
47 1679 2
47 1680 3
47 1681 31
47 1686 1
47 1687 1
47 1691 2
47 1692 1
47 1695 1
47 1697 6
47 1700 3
47 1701 1
47 1702 1
47 1703 1
47 1704 1
47 1705 1
47 1706 1
47 1707 1
47 1708 1
47 1709 1
47 1710 1
47 1711 1
47 1712 1
47 1713 1
47 1714 1
47 1715 1
47 1716 2
47 1717 1
47 1718 2
47 1719 1
47 1720 1
47 1721 1
47 1722 1
47 1723 1
47 1724 1
48 2 3
48 3 2
48 14 3
48 15 3
48 43 1
48 54 1
48 84 1
48 86 1
48 95 3
48 105 1
48 106 1
48 120 1
48 126 2
48 155 7
48 172 4
48 175 2
48 181 1
48 189 6
48 193 1
48 200 1
48 209 1
48 216 1
48 221 1
48 225 1
48 237 1
48 239 1
48 244 1
48 255 7
48 284 1
48 292 1
48 315 1
48 340 1
48 341 1
48 342 1
48 349 1
48 390 1
48 406 1
48 427 1
48 432 2
48 467 2
48 494 1
48 523 1
48 661 1
48 702 1
48 782 2
48 825 1
48 862 1
48 890 1
48 906 1
48 1062 1
48 1071 1
48 1168 1
48 1205 1
48 1234 1
48 1479 3
48 1584 3
48 1586 1
48 1725 1
48 1726 1
48 1727 1
48 1728 1
48 1729 1
48 1730 1
48 1731 1
49 2 1
49 3 1
49 7 1
49 14 4
49 15 1
49 19 1
49 32 1
49 54 1
49 95 1
49 106 1
49 120 1
49 130 1
49 139 1
49 148 1
49 155 6
49 172 3
49 175 2
49 189 7
49 193 1
49 200 1
49 216 1
49 237 1
49 239 1
49 284 1
49 292 1
49 310 1
49 315 1
49 341 1
49 348 1
49 427 1
49 432 2
49 467 2
49 506 1
49 628 8
49 661 1
49 702 1
49 825 1
49 862 1
49 890 1
49 906 1
49 976 1
49 1062 2
49 1168 1
49 1205 1
49 1234 1
49 1479 2
49 1584 2
49 1586 1
49 1725 1
49 1727 1
49 1728 1
49 1729 1
49 1731 1
49 1732 1
49 1733 2
49 1734 1
50 2 2
50 14 1
50 84 1
50 99 1
50 102 1
50 106 1
50 116 2
50 137 2
50 181 3
50 184 1
50 200 1
50 203 1
50 209 2
50 235 2
50 250 5
50 288 7
50 298 2
50 307 1
50 342 1
50 406 1
50 422 1
50 432 3
50 436 1
50 461 1
50 541 2
50 558 1
50 579 1
50 661 1
50 664 1
50 694 1
50 720 1
50 792 3
50 800 1
50 861 1
50 888 2
50 917 1
50 953 12
50 984 1
50 1014 5
50 1095 1
50 1158 5
50 1230 1
50 1305 1
50 1387 1
50 1563 1
50 1578 1
50 1625 1
50 1735 16
50 1736 1
50 1737 2
50 1738 1
50 1739 1
50 1740 1
50 1741 2
50 1742 6
50 1743 3
50 1744 1
51 1 3
51 3 3
51 10 5
51 14 5
51 19 1
51 26 1
51 27 2
51 35 5
51 45 1
51 46 5
51 50 1
51 56 1
51 63 1
51 72 1
51 74 1
51 77 4
51 84 2
51 91 1
51 105 5
51 106 1
51 108 2
51 112 4
51 114 1
51 116 3
51 127 2
51 128 1
51 133 1
51 137 2
51 140 2
51 142 3
51 143 1
51 146 3
51 148 1
51 152 1
51 171 2
51 172 4
51 176 3
51 178 1
51 180 2
51 181 3
51 182 1
51 191 1
51 200 1
51 201 1
51 203 1
51 208 1
51 209 3
51 213 2
51 221 8
51 229 1
51 241 1
51 243 2
51 247 1
51 248 2
51 250 7
51 251 1
51 258 1
51 259 1
51 261 2
51 267 1
51 271 1
51 277 2
51 282 2
51 286 6
51 288 7
51 292 1
51 301 1
51 310 1
51 313 1
51 314 1
51 315 1
51 320 2
51 328 2
51 336 1
51 357 1
51 359 1
51 362 1
51 365 2
51 368 1
51 370 1
51 380 1
51 388 1
51 390 2
51 400 1
51 406 1
51 413 2
51 417 2
51 432 2
51 489 1
51 491 1
51 499 1
51 522 1
51 534 1
51 543 4
51 597 1
51 618 1
51 626 1
51 628 1
51 668 1
51 671 1
51 676 5
51 707 1
51 729 1
51 736 1
51 745 1
51 748 1
51 754 2
51 755 1
51 776 3
51 779 1
51 782 8
51 791 2
51 800 1
51 825 1
51 828 1
51 833 1
51 849 1
51 878 1
51 888 2
51 897 1
51 899 1
51 908 2
51 917 1
51 921 2
51 934 2
51 951 1
51 956 1
51 968 25
51 975 12
51 983 4
51 1002 1
51 1015 2
51 1020 2
51 1116 1
51 1201 2
51 1206 1
51 1209 2
51 1230 1
51 1237 1
51 1278 1
51 1287 3
51 1313 1
51 1350 1
51 1351 2
51 1352 1
51 1359 1
51 1364 1
51 1371 2
51 1378 1
51 1386 1
51 1387 1
51 1404 2
51 1415 2
51 1424 1
51 1434 1
51 1505 1
51 1533 1
51 1563 5
51 1590 8
51 1623 1
51 1675 2
51 1692 4
51 1745 1
51 1746 1
51 1747 1
51 1748 1
51 1749 2
51 1750 1
51 1751 1
51 1752 1
51 1753 1
51 1754 1
51 1755 2
51 1756 1
51 1757 2
51 1758 1
51 1759 6
51 1760 1
51 1761 1
51 1762 2
51 1763 1
52 1 1
52 2 1
52 3 1
52 10 3
52 14 7
52 15 5
52 26 3
52 32 2
52 40 2
52 45 1
52 53 1
52 54 3
52 57 1
52 58 1
52 72 2
52 77 1
52 84 1
52 91 1
52 102 2
52 106 1
52 109 3
52 112 1
52 113 4
52 127 1
52 138 1
52 140 2
52 141 6
52 142 3
52 143 11
52 146 1
52 156 2
52 162 1
52 166 1
52 170 1
52 172 13
52 174 3
52 175 2
52 176 1
52 180 3
52 181 4
52 189 6
52 200 1
52 201 4
52 208 1
52 211 1
52 234 2
52 237 1
52 239 5
52 242 1
52 244 1
52 256 1
52 269 1
52 290 1
52 305 2
52 309 1
52 311 2
52 313 1
52 337 1
52 338 1
52 357 5
52 359 2
52 376 1
52 390 1
52 403 1
52 436 1
52 439 1
52 461 2
52 477 1
52 479 1
52 487 2
52 510 1
52 515 1
52 563 2
52 609 1
52 622 2
52 628 6
52 706 1
52 767 1
52 794 2
52 799 1
52 825 1
52 846 1
52 863 1
52 865 1
52 903 1
52 907 1
52 908 1
52 914 1
52 921 2
52 953 9
52 958 1
52 970 3
52 975 10
52 985 1
52 1081 1
52 1135 1
52 1137 2
52 1139 5
52 1212 1
52 1263 2
52 1371 2
52 1379 1
52 1386 1
52 1401 1
52 1404 2
52 1405 2
52 1410 3
52 1414 2
52 1415 2
52 1416 1
52 1419 1
52 1523 1
52 1529 1
52 1668 1
52 1697 6
52 1764 1
52 1765 1
52 1766 1
52 1767 1
52 1768 1
52 1769 1
52 1770 1
52 1771 1
52 1772 1
52 1773 2
52 1774 1
52 1775 1
52 1776 1
52 1777 2
52 1778 1
52 1779 1
52 1780 1
53 2 1
53 10 1
53 14 1
53 15 3
53 26 2
53 27 1
53 32 1
53 35 4
53 48 2
53 56 1
53 77 2
53 86 1
53 105 2
53 109 1
53 112 1
53 121 1
53 137 1
53 138 1
53 142 2
53 143 1
53 146 1
53 155 2
53 172 6
53 173 2
53 175 1
53 181 1
53 189 4
53 193 1
53 208 1
53 209 23
53 221 1
53 229 2
53 235 2
53 242 1
53 250 8
53 251 1
53 254 1
53 255 2
53 269 4
53 274 1
53 288 6
53 337 1
53 342 1
53 359 1
53 362 1
53 380 1
53 383 1
53 387 1
53 406 1
53 411 1
53 417 2
53 427 1
53 436 2
53 439 2
53 491 3
53 505 1
53 510 1
53 539 1
53 586 1
53 589 1
53 692 1
53 733 1
53 791 1
53 792 3
53 861 1
53 951 1
53 953 3
53 1004 1
53 1188 1
53 1200 1
53 1215 1
53 1226 1
53 1237 2
53 1357 1
53 1360 1
53 1369 1
53 1434 2
53 1532 1
53 1563 2
53 1584 1
53 1590 1
53 1686 1
53 1697 1
53 1742 1
53 1743 7
53 1762 3
53 1781 1
53 1782 1
53 1783 2
53 1784 1
53 1785 1
53 1786 1
53 1787 1
53 1788 1
53 1789 1
53 1790 1
53 1791 1
53 1792 1
53 1793 1
54 2 1
54 10 2
54 14 4
54 15 3
54 50 1
54 54 2
54 76 1
54 84 2
54 105 6
54 106 1
54 111 1
54 113 1
54 142 1
54 143 1
54 172 4
54 178 1
54 181 2
54 200 1
54 226 1
54 237 1
54 340 2
54 381 1
54 406 3
54 417 6
54 429 1
54 436 1
54 626 1
54 794 1
54 1122 1
54 1212 1
54 1230 1
54 1261 1
54 1446 5
54 1470 1
54 1477 1
54 1484 1
54 1568 1
54 1576 1
54 1728 3
55 1 4
55 2 1
55 3 1
55 10 5
55 14 6
55 15 12
55 16 2
55 19 1
55 25 1
55 28 2
55 40 3
55 42 4
55 48 1
55 49 4
55 50 3
55 52 1
55 53 2
55 54 3
55 57 1
55 61 1
55 72 2
55 76 2
55 77 2
55 84 1
55 85 9
55 87 1
55 91 1
55 95 1
55 96 1
55 106 1
55 109 3
55 112 1
55 114 1
55 118 1
55 121 1
55 123 1
55 127 2
55 128 1
55 130 1
55 132 1
55 133 1
55 139 5
55 143 2
55 145 2
55 146 4
55 148 1
55 155 1
55 156 1
55 158 3
55 160 1
55 161 1
55 163 1
55 164 1
55 166 3
55 170 2
55 171 5
55 172 7
55 174 8
55 175 1
55 177 1
55 178 3
55 181 7
55 182 4
55 183 1
55 184 1
55 189 3
55 191 1
55 192 1
55 193 2
55 200 1
55 204 21
55 205 1
55 209 1
55 213 1
55 216 1
55 219 2
55 223 2
55 229 1
55 231 2
55 232 9
55 235 1
55 236 1
55 240 1
55 245 3
55 257 1
55 258 4
55 259 1
55 261 1
55 271 2
55 281 1
55 283 1
55 298 1
55 304 1
55 313 2
55 315 1
55 320 1
55 328 4
55 334 1
55 341 1
55 342 1
55 344 2
55 353 1
55 357 3
55 370 4
55 384 1
55 390 2
55 401 1
55 409 4
55 411 1
55 417 1
55 427 1
55 432 3
55 436 1
55 437 1
55 448 1
55 453 1
55 462 2
55 479 1
55 486 1
55 489 1
55 490 1
55 491 1
55 495 2
55 506 1
55 529 1
55 537 1
55 553 1
55 562 1
55 563 1
55 651 1
55 676 1
55 689 1
55 691 1
55 693 2
55 716 7
55 718 1
55 734 1
55 748 1
55 780 1
55 782 1
55 790 1
55 806 1
55 814 1
55 815 2
55 821 1
55 838 4
55 847 1
55 860 1
55 862 2
55 869 1
55 870 1
55 884 1
55 885 1
55 886 1
55 891 1
55 908 2
55 912 1
55 925 1
55 929 1
55 944 1
55 953 1
55 971 1
55 975 1
55 1029 1
55 1041 1
55 1090 1
55 1095 1
55 1121 1
55 1150 1
55 1189 1
55 1200 1
55 1215 1
55 1229 1
55 1243 1
55 1284 2
55 1288 1
55 1313 1
55 1315 1
55 1425 1
55 1451 1
55 1473 2
55 1482 1
55 1568 1
55 1569 1
55 1579 1
55 1589 12
55 1619 4
55 1636 2
55 1644 1
55 1647 1
55 1673 1
55 1699 1
55 1794 1
55 1795 2
55 1796 2
55 1797 1
55 1798 1
55 1799 1
55 1800 1
55 1801 1
55 1802 1
55 1803 1
55 1804 1
55 1805 1
55 1806 1
55 1807 1
55 1808 1
55 1809 1
55 1810 2
55 1811 1
55 1812 1
55 1813 1
55 1814 3
55 1815 1
55 1816 1
55 1817 1
55 1818 1
55 1819 1
55 1820 1
55 1821 1
55 1822 1
56 3 1
56 10 1
56 14 4
56 15 1
56 23 2
56 26 1
56 35 3
56 37 2
56 41 1
56 45 1
56 48 1
56 50 1
56 53 1
56 56 1
56 75 1
56 96 1
56 105 2
56 106 1
56 108 1
56 111 1
56 130 1
56 141 1
56 142 1
56 143 8
56 148 1
56 161 1
56 164 1
56 171 2
56 172 6
56 173 1
56 174 1
56 178 3
56 182 2
56 200 1
56 220 2
56 221 1
56 251 1
56 284 1
56 288 4
56 318 1
56 340 8
56 342 1
56 344 1
56 376 1
56 382 1
56 406 1
56 417 8
56 422 1
56 432 5
56 434 1
56 436 1
56 439 1
56 482 1
56 487 1
56 492 1
56 494 1
56 506 1
56 517 1
56 534 1
56 537 1
56 559 1
56 597 3
56 651 1
56 661 1
56 691 1
56 726 3
56 744 1
56 878 1
56 900 1
56 904 1
56 983 1
56 1016 1
56 1050 1
56 1091 1
56 1139 1
56 1171 1
56 1213 1
56 1228 1
56 1230 1
56 1234 1
56 1261 1
56 1325 1
56 1479 2
56 1485 1
56 1623 1
56 1673 1
56 1705 1
56 1812 1
56 1823 2
56 1824 1
56 1825 1
56 1826 1
56 1827 1
56 1828 2
56 1829 1
56 1830 1
56 1831 1
56 1832 1
56 1833 1
56 1834 1
56 1835 1
57 3 1
57 6 1
57 12 2
57 13 1
57 14 7
57 28 1
57 34 2
57 50 1
57 60 1
57 66 1
57 73 1
57 77 1
57 94 1
57 108 1
57 111 1
57 142 1
57 143 3
57 146 4
57 172 1
57 178 1
57 181 2
57 182 1
57 193 3
57 209 3
57 211 1
57 221 1
57 235 1
57 249 1
57 288 4
57 295 4
57 342 1
57 357 1
57 388 1
57 417 1
57 434 1
57 436 2
57 485 1
57 533 1
57 534 1
57 541 1
57 558 1
57 573 2
57 579 1
57 650 2
57 652 1
57 667 1
57 687 1
57 728 1
57 730 1
57 769 1
57 791 1
57 792 1
57 888 5
57 912 2
57 953 7
57 1073 1
57 1083 1
57 1088 2
57 1090 11
57 1106 1
57 1226 1
57 1439 1
57 1741 1
57 1743 5
57 1781 2
57 1836 1
57 1837 1
57 1838 1
57 1839 1
57 1840 1
57 1841 1
57 1842 1
58 10 1
58 14 2
58 15 4
58 32 3
58 35 8
58 50 1
58 53 1
58 60 1
58 77 1
58 85 8
58 99 1
58 102 1
58 111 1
58 120 2
58 142 1
58 143 1
58 148 1
58 161 1
58 168 1
58 172 5
58 178 2
58 181 2
58 182 2
58 188 1
58 193 1
58 201 2
58 221 1
58 248 4
58 280 2
58 301 1
58 310 1
58 312 1
58 329 2
58 337 1
58 342 1
58 357 2
58 359 1
58 400 2
58 401 1
58 402 1
58 417 1
58 436 1
58 485 1
58 555 1
58 579 1
58 636 2
58 667 1
58 704 1
58 707 1
58 711 1
58 716 1
58 729 1
58 786 1
58 802 1
58 834 1
58 878 1
58 900 1
58 902 1
58 907 2
58 921 4
58 934 1
58 1054 1
58 1101 1
58 1106 1
58 1158 1
58 1177 1
58 1258 1
58 1266 2
58 1283 1
58 1303 1
58 1732 1
58 1843 1
58 1844 1
58 1845 1
58 1846 1
58 1847 1
59 10 2
59 14 2
59 18 1
59 32 1
59 50 1
59 77 1
59 109 1
59 111 1
59 112 1
59 141 1
59 142 1
59 143 5
59 146 1
59 178 2
59 181 2
59 182 1
59 192 1
59 201 1
59 204 1
59 205 1
59 223 2
59 245 1
59 251 1
59 288 3
59 315 1
59 340 3
59 389 1
59 417 1
59 425 1
59 436 2
59 491 1
59 519 1
59 543 1
59 554 1
59 893 1
59 924 1
59 1083 1
59 1166 1
59 1171 1
59 1205 1
59 1207 1
59 1226 1
59 1384 1
59 1386 1
59 1392 1
59 1743 2
59 1848 1
59 1849 1
59 1850 1
60 2 1
60 10 6
60 14 1
60 43 1
60 51 2
60 53 1
60 56 1
60 58 1
60 79 1
60 84 6
60 106 1
60 108 1
60 113 1
60 127 1
60 140 1
60 143 1
60 149 5
60 160 1
60 172 1
60 175 1
60 181 1
60 189 2
60 200 1
60 208 1
60 209 3
60 213 1
60 221 1
60 239 2
60 251 1
60 259 1
60 267 1
60 288 6
60 340 1
60 344 1
60 359 1
60 368 1
60 376 2
60 384 1
60 417 10
60 425 1
60 436 2
60 510 1
60 563 1
60 624 2
60 631 1
60 702 2
60 721 2
60 743 1
60 755 1
60 876 1
60 897 1
60 921 1
60 925 1
60 1143 1
60 1246 1
60 1338 1
60 1351 1
60 1360 1
60 1413 1
60 1446 8
60 1484 1
60 1710 1
60 1747 1
60 1851 2
60 1852 1
60 1853 1
60 1854 1
61 2 2
61 3 1
61 14 5
61 35 4
61 77 1
61 84 2
61 106 1
61 109 1
61 114 1
61 126 1
61 130 1
61 142 2
61 146 1
61 149 1
61 160 1
61 161 1
61 164 1
61 172 1
61 175 1
61 176 1
61 208 1
61 209 3
61 251 1
61 259 2
61 288 7
61 312 1
61 340 1
61 436 5
61 466 1
61 473 1
61 480 1
61 491 3
61 498 1
61 501 1
61 532 4
61 534 1
61 540 3
61 541 3
61 562 1
61 756 1
61 792 2
61 800 1
61 853 1
61 888 1
61 999 1
61 1205 1
61 1224 1
61 1237 1
61 1246 1
61 1249 1
61 1338 1
61 1688 1
61 1742 2
61 1855 1
61 1856 1
61 1857 2
61 1858 1
61 1859 1
61 1860 1
61 1861 1
62 10 2
62 14 3
62 24 1
62 25 1
62 48 2
62 75 1
62 77 1
62 84 3
62 86 1
62 91 3
62 92 1
62 105 1
62 106 1
62 109 16
62 114 2
62 115 2
62 119 1
62 126 2
62 138 2
62 144 1
62 146 1
62 149 1
62 152 1
62 154 1
62 156 1
62 157 1
62 172 5
62 173 1
62 175 2
62 176 8
62 187 1
62 193 1
62 200 1
62 209 1
62 213 1
62 215 1
62 259 1
62 267 1
62 269 1
62 288 6
62 292 1
62 312 1
62 333 1
62 436 1
62 443 1
62 490 1
62 491 3
62 519 1
62 522 1
62 523 1
62 532 4
62 534 1
62 552 1
62 602 1
62 626 1
62 728 1
62 736 1
62 792 1
62 800 1
62 823 1
62 825 1
62 870 1
62 873 1
62 1006 1
62 1014 2
62 1056 1
62 1059 1
62 1117 1
62 1137 1
62 1212 1
62 1243 1
62 1251 1
62 1258 1
62 1273 1
62 1540 1
62 1681 1
62 1697 1
62 1741 1
62 1860 1
62 1862 1
62 1863 1
62 1864 1
62 1865 1
62 1866 1
62 1867 1
62 1868 1
62 1869 1
62 1870 1
62 1871 1
62 1872 2
62 1873 2
62 1874 1
63 2 1
63 3 5
63 10 7
63 14 2
63 15 1
63 18 1
63 23 7
63 27 1
63 32 1
63 48 8
63 50 1
63 51 3
63 53 1
63 56 1
63 58 2
63 63 1
63 72 3
63 73 1
63 75 1
63 77 2
63 91 2
63 93 13
63 95 2
63 101 1
63 102 1
63 105 1
63 106 1
63 112 1
63 113 1
63 119 1
63 126 1
63 128 1
63 133 1
63 146 3
63 156 3
63 171 1
63 172 2
63 173 1
63 174 2
63 181 2
63 188 1
63 191 2
63 192 2
63 193 1
63 202 1
63 203 4
63 204 1
63 205 1
63 221 1
63 223 2
63 231 1
63 235 2
63 245 2
63 247 1
63 248 1
63 250 2
63 286 2
63 288 4
63 298 1
63 310 1
63 342 1
63 353 3
63 362 5
63 363 1
63 365 2
63 370 1
63 381 1
63 382 1
63 384 1
63 388 1
63 417 2
63 419 2
63 422 5
63 427 1
63 436 1
63 447 2
63 492 2
63 508 1
63 543 1
63 636 1
63 673 2
63 674 3
63 692 1
63 700 1
63 702 3
63 704 1
63 707 2
63 756 1
63 786 2
63 793 1
63 800 1
63 828 2
63 888 1
63 908 3
63 952 1
63 972 1
63 1060 2
63 1062 1
63 1122 1
63 1183 2
63 1205 3
63 1224 1
63 1246 1
63 1306 1
63 1324 1
63 1346 1
63 1350 1
63 1432 3
63 1440 1
63 1507 1
63 1563 1
63 1566 1
63 1575 1
63 1576 1
63 1578 1
63 1875 1
63 1876 1
63 1877 1
63 1878 1
63 1879 1
63 1880 1
63 1881 4
63 1882 1
63 1883 1
63 1884 1
63 1885 1
64 3 3
64 10 4
64 14 15
64 15 2
64 19 1
64 21 2
64 28 1
64 32 1
64 35 1
64 40 4
64 53 1
64 54 3
64 56 1
64 66 2
64 70 2
64 72 1
64 77 3
64 78 2
64 96 3
64 102 4
64 105 1
64 106 1
64 109 2
64 113 1
64 115 3
64 121 1
64 124 1
64 126 1
64 139 1
64 142 2
64 143 1
64 146 5
64 153 1
64 160 1
64 161 1
64 171 13
64 172 2
64 174 11
64 175 5
64 177 3
64 178 1
64 181 5
64 182 8
64 184 1
64 191 4
64 193 3
64 208 2
64 212 1
64 213 1
64 215 1
64 216 7
64 225 2
64 238 3
64 239 1
64 240 1
64 241 6
64 250 1
64 259 1
64 265 1
64 272 2
64 285 1
64 292 1
64 295 8
64 298 6
64 304 3
64 316 1
64 318 1
64 319 2
64 320 1
64 325 1
64 341 1
64 342 1
64 344 1
64 370 1
64 380 1
64 388 1
64 401 1
64 406 1
64 409 1
64 412 1
64 432 1
64 436 1
64 437 1
64 448 29
64 459 1
64 466 1
64 469 1
64 479 7
64 480 1
64 489 1
64 499 1
64 517 2
64 529 1
64 532 2
64 534 1
64 573 1
64 579 1
64 615 7
64 626 1
64 628 1
64 649 1
64 651 1
64 661 3
64 667 1
64 690 1
64 706 1
64 709 1
64 748 2
64 773 1
64 782 1
64 786 1
64 790 1
64 794 4
64 798 1
64 800 1
64 806 1
64 815 1
64 910 1
64 913 3
64 967 1
64 1033 2
64 1049 21
64 1073 2
64 1091 1
64 1095 1
64 1103 1
64 1107 2
64 1131 1
64 1133 4
64 1142 1
64 1215 1
64 1225 1
64 1266 1
64 1304 1
64 1391 2
64 1433 4
64 1436 1
64 1445 1
64 1451 1
64 1457 1
64 1520 1
64 1523 2
64 1559 1
64 1624 9
64 1636 3
64 1642 1
64 1673 1
64 1703 2
64 1723 1
64 1732 1
64 1780 8
64 1836 1
64 1860 1
64 1886 1
64 1887 1
64 1888 1
64 1889 1
64 1890 1
64 1891 1
64 1892 5
64 1893 1
64 1894 1
64 1895 1
64 1896 1
64 1897 1
64 1898 1
64 1899 1
64 1900 1
64 1901 2
64 1902 1
64 1903 1
64 1904 1
64 1905 1
64 1906 1
64 1907 1
65 3 1
65 8 1
65 10 4
65 14 1
65 15 3
65 27 1
65 39 1
65 50 3
65 56 1
65 64 1
65 85 1
65 106 1
65 111 1
65 120 1
65 127 1
65 142 1
65 143 1
65 162 1
65 164 1
65 172 2
65 178 1
65 182 1
65 189 1
65 191 3
65 200 1
65 204 1
65 220 1
65 221 1
65 225 1
65 238 1
65 245 1
65 255 2
65 272 2
65 298 1
65 310 1
65 359 2
65 427 1
65 431 1
65 436 1
65 437 3
65 452 1
65 454 1
65 459 10
65 460 2
65 489 1
65 510 1
65 534 1
65 554 1
65 563 1
65 622 1
65 671 1
65 811 3
65 833 1
65 932 1
65 963 1
65 1084 1
65 1090 2
65 1327 1
65 1357 1
65 1360 1
65 1571 1
65 1650 1
65 1908 1
65 1909 1
65 1910 3
65 1911 1
65 1912 1
66 2 2
66 3 1
66 14 2
66 15 7
66 32 2
66 41 1
66 53 1
66 56 1
66 58 1
66 72 1
66 73 1
66 84 3
66 86 2
66 109 4
66 118 1
66 119 2
66 155 3
66 172 3
66 181 1
66 182 1
66 214 1
66 221 1
66 237 1
66 248 2
66 251 2
66 304 1
66 357 1
66 370 1
66 383 1
66 479 1
66 488 1
66 489 4
66 491 1
66 494 3
66 548 1
66 618 1
66 628 2
66 691 2
66 730 2
66 733 2
66 775 1
66 791 1
66 888 1
66 913 1
66 953 2
66 1034 1
66 1054 1
66 1101 1
66 1221 1
66 1229 1
66 1255 1
66 1277 1
66 1360 1
66 1393 1
66 1420 1
66 1423 2
66 1424 1
66 1578 2
66 1673 1
66 1691 1
66 1732 1
66 1913 2
66 1914 1
66 1915 1
66 1916 4
66 1917 1
66 1918 1
66 1919 1
66 1920 1
67 1 1
67 14 1
67 35 4
67 53 1
67 60 1
67 72 1
67 84 3
67 86 1
67 106 1
67 127 1
67 155 2
67 172 1
67 181 1
67 188 1
67 191 1
67 200 1
67 208 1
67 221 1
67 247 1
67 248 2
67 250 4
67 276 1
67 279 1
67 284 1
67 288 4
67 357 1
67 360 1
67 370 3
67 376 1
67 381 1
67 465 2
67 489 2
67 506 1
67 676 1
67 754 1
67 774 1
67 806 1
67 813 1
67 825 1
67 863 1
67 921 2
67 953 1
67 961 3
67 1133 1
67 1327 1
67 1434 1
67 1617 1
67 1697 3
67 1751 2
67 1921 1
67 1922 2
67 1923 1
67 1924 1
67 1925 2
67 1926 1
67 1927 3
67 1928 1
67 1929 2
68 1 1
68 3 1
68 6 3
68 12 1
68 14 16
68 16 1
68 18 2
68 21 1
68 22 1
68 23 3
68 24 1
68 25 2
68 26 1
68 27 2
68 28 1
68 32 2
68 34 5
68 35 3
68 40 3
68 41 1
68 42 1
68 48 7
68 50 1
68 52 3
68 53 2
68 54 2
68 60 1
68 66 2
68 72 2
68 75 4
68 76 1
68 77 3
68 84 20
68 85 1
68 91 1
68 95 10
68 105 8
68 106 1
68 108 4
68 109 1
68 112 4
68 115 4
68 119 3
68 126 1
68 130 1
68 133 1
68 142 3
68 146 6
68 149 3
68 155 10
68 156 1
68 158 3
68 161 5
68 165 2
68 166 2
68 171 1
68 172 20
68 173 4
68 174 15
68 177 1
68 178 1
68 180 6
68 181 6
68 182 19
68 188 1
68 189 5
68 191 1
68 193 1
68 200 1
68 208 4
68 209 1
68 213 2
68 221 3
68 234 2
68 235 1
68 241 1
68 243 2
68 245 1
68 250 2
68 255 6
68 259 2
68 265 2
68 267 1
68 269 2
68 276 4
68 282 2
68 283 1
68 284 1
68 286 1
68 288 14
68 292 2
68 295 3
68 298 1
68 303 1
68 314 2
68 320 2
68 324 1
68 335 1
68 336 2
68 341 8
68 344 1
68 353 1
68 359 4
68 370 2
68 382 2
68 383 2
68 384 1
68 406 5
68 417 1
68 419 3
68 422 4
68 425 1
68 427 3
68 432 1
68 434 7
68 436 1
68 451 1
68 461 3
68 466 3
68 467 1
68 477 16
68 479 8
68 490 1
68 503 1
68 505 1
68 507 1
68 513 2
68 518 10
68 523 1
68 533 1
68 534 2
68 539 2
68 543 1
68 548 12
68 554 1
68 558 1
68 559 3
68 563 1
68 565 1
68 567 6
68 573 2
68 574 1
68 575 1
68 579 3
68 599 1
68 606 1
68 609 2
68 616 1
68 617 1
68 622 1
68 628 1
68 668 1
68 672 1
68 674 1
68 675 1
68 692 2
68 696 1
68 702 1
68 704 1
68 707 3
68 723 1
68 730 3
68 743 1
68 744 1
68 761 1
68 783 4
68 791 2
68 825 1
68 828 4
68 834 1
68 846 2
68 912 16
68 913 1
68 914 2
68 923 1
68 936 1
68 945 1
68 949 1
68 952 1
68 953 9
68 956 1
68 967 1
68 999 1
68 1006 1
68 1060 1
68 1076 1
68 1091 1
68 1095 1
68 1106 3
68 1107 1
68 1140 4
68 1142 1
68 1157 1
68 1176 1
68 1190 2
68 1198 1
68 1215 1
68 1234 2
68 1287 2
68 1322 2
68 1335 1
68 1342 2
68 1351 2
68 1392 1
68 1467 1
68 1475 1
68 1483 1
68 1493 3
68 1507 1
68 1530 1
68 1540 1
68 1548 2
68 1563 1
68 1590 3
68 1593 1
68 1609 1
68 1628 1
68 1640 1
68 1647 1
68 1673 5
68 1696 1
68 1732 2
68 1739 2
68 1743 1
68 1747 2
68 1793 2
68 1798 1
68 1800 2
68 1810 3
68 1849 2
68 1875 3
68 1900 1
68 1910 1
68 1913 8
68 1930 1
68 1931 2
68 1932 1
68 1933 1
68 1934 1
68 1935 1
68 1936 1
68 1937 1
68 1938 2
68 1939 1
68 1940 2
68 1941 1
68 1942 1
68 1943 1
68 1944 1
68 1945 1
68 1946 1
68 1947 1
68 1948 1
68 1949 1
68 1950 1
68 1951 1
68 1952 1
68 1953 2
68 1954 2
68 1955 1
68 1956 4
68 1957 1
68 1958 1
68 1959 2
68 1960 4
68 1961 1
68 1962 1
68 1963 1
68 1964 12
68 1965 1
68 1966 3
68 1967 1
68 1968 1
68 1969 1
68 1970 1
68 1971 1
68 1972 1
68 1973 1
68 1974 1
68 1975 1
68 1976 1
68 1977 1
68 1978 1
68 1979 1
68 1980 5
68 1981 3
68 1982 1
68 1983 1
68 1984 1
68 1985 1
68 1986 1
68 1987 2
68 1988 1
68 1989 1
68 1990 1
68 1991 1
69 3 2
69 6 5
69 10 1
69 14 9
69 22 3
69 23 4
69 25 1
69 26 1
69 27 1
69 28 1
69 32 1
69 34 4
69 35 1
69 40 6
69 42 1
69 53 2
69 54 3
69 60 1
69 66 1
69 70 1
69 72 2
69 75 1
69 77 3
69 78 1
69 84 8
69 85 1
69 91 1
69 95 7
69 99 1
69 105 4
69 106 1
69 108 8
69 112 1
69 113 2
69 115 4
69 119 2
69 142 3
69 143 2
69 146 5
69 149 4
69 155 10
69 156 1
69 158 1
69 165 2
69 166 3
69 172 4
69 174 8
69 177 1
69 178 1
69 180 7
69 181 5
69 182 11
69 189 5
69 191 1
69 200 1
69 208 3
69 209 1
69 213 1
69 220 1
69 221 1
69 234 1
69 241 1
69 250 1
69 255 6
69 259 1
69 267 1
69 274 2
69 288 12
69 292 1
69 295 1
69 303 1
69 313 1
69 314 1
69 318 1
69 320 2
69 324 1
69 336 1
69 341 7
69 344 2
69 353 1
69 354 1
69 359 3
69 382 1
69 383 1
69 406 3
69 419 1
69 422 3
69 425 1
69 427 4
69 434 7
69 436 1
69 448 1
69 450 1
69 454 1
69 461 4
69 466 4
69 467 1
69 476 1
69 477 13
69 479 7
69 503 1
69 510 1
69 513 3
69 515 3
69 533 1
69 534 4
69 537 1
69 539 1
69 548 9
69 554 1
69 561 1
69 563 1
69 567 3
69 569 1
69 575 1
69 579 1
69 580 1
69 616 1
69 617 1
69 622 4
69 628 1
69 636 11
69 668 1
69 692 2
69 704 2
69 707 3
69 730 6
69 783 4
69 791 2
69 797 1
69 825 1
69 828 3
69 834 1
69 912 16
69 913 3
69 914 1
69 945 1
69 949 1
69 953 14
69 983 1
69 997 1
69 1006 1
69 1013 1
69 1060 1
69 1076 1
69 1095 1
69 1140 1
69 1142 1
69 1157 1
69 1190 2
69 1230 2
69 1231 1
69 1287 2
69 1309 1
69 1317 1
69 1322 2
69 1350 1
69 1351 1
69 1423 1
69 1451 1
69 1475 1
69 1493 1
69 1507 1
69 1530 1
69 1540 1
69 1590 1
69 1640 1
69 1647 2
69 1673 1
69 1696 1
69 1727 1
69 1732 1
69 1743 1
69 1747 2
69 1759 4
69 1777 1
69 1810 3
69 1839 1
69 1849 2
69 1913 2
69 1931 2
69 1934 1
69 1936 1
69 1939 1
69 1946 1
69 1951 1
69 1956 4
69 1957 1
69 1958 1
69 1960 1
69 1961 1
69 1962 1
69 1964 7
69 1965 1
69 1966 2
69 1969 3
69 1975 1
69 1986 1
69 1989 1
69 1990 1
69 1992 1
69 1993 3
69 1994 1
69 1995 1
69 1996 8
69 1997 1
69 1998 1
69 1999 1
69 2000 1
69 2001 1
