%%MatrixMarket matrix coordinate real general
3 385 546                                         
1 1 1
1 2 1
1 3 20
1 4 2
1 5 4
1 6 3
1 7 4
1 8 3
1 9 1
1 10 8
1 11 1
1 12 4
1 13 1
1 14 3
1 15 8
1 16 2
1 17 1
1 18 1
1 19 2
1 20 1
1 21 3
1 22 1
1 23 1
1 24 1
1 25 1
1 26 1
1 27 1
1 28 1
1 29 1
1 30 1
1 31 3
1 32 1
1 33 1
1 34 2
1 35 3
1 36 1
1 37 2
1 38 1
1 39 1
1 40 1
1 41 1
1 42 3
1 43 1
1 44 2
1 45 1
1 46 1
1 47 1
1 48 1
1 49 3
1 50 1
1 51 1
1 52 3
1 53 2
1 54 1
1 55 1
1 56 1
1 57 2
1 58 1
1 59 1
1 60 1
1 61 1
1 62 3
1 63 1
1 64 1
1 65 2
1 66 2
1 67 2
1 68 6
1 69 1
1 70 1
1 71 1
1 72 2
1 73 1
1 74 3
1 75 1
1 76 3
1 77 1
1 78 1
1 79 1
1 80 1
1 81 1
1 82 1
1 83 1
1 84 2
1 85 1
1 86 1
1 87 1
1 88 1
1 89 2
1 90 1
1 91 1
1 92 2
1 93 1
1 94 1
1 95 2
1 96 1
1 97 1
1 98 1
1 99 1
1 100 1
1 101 1
1 102 1
1 103 1
1 104 1
1 105 1
1 106 4
1 107 1
1 108 1
1 109 5
1 110 1
1 111 2
1 112 1
1 113 1
1 114 1
1 115 1
1 116 2
1 117 1
1 118 1
1 119 1
1 120 1
1 121 1
1 122 1
1 123 3
1 124 1
1 125 1
1 126 1
1 127 4
1 128 2
1 129 2
1 130 1
1 131 3
1 132 1
1 133 1
1 134 3
1 135 1
1 136 1
1 137 3
1 138 2
1 139 2
1 140 1
1 141 2
1 142 1
1 143 1
1 144 1
1 145 2
1 146 1
1 147 1
1 148 10
1 149 2
1 150 1
1 151 3
1 152 1
1 153 2
1 154 1
1 155 1
1 156 5
1 157 2
1 158 1
1 159 1
1 160 1
1 161 2
1 162 1
1 163 1
1 164 1
1 165 1
1 166 1
1 167 1
1 168 1
1 169 1
1 170 1
1 171 4
1 172 1
1 173 1
1 174 2
1 175 2
1 176 1
1 177 1
1 178 1
1 179 6
1 180 1
1 181 1
1 182 2
1 183 1
1 184 1
1 185 3
1 186 1
1 187 7
1 188 1
1 189 2
1 190 1
1 191 1
1 192 1
1 193 2
1 194 5
2 3 2
2 10 3
2 12 1
2 14 5
2 15 6
2 28 1
2 30 3
2 34 1
2 37 4
2 42 3
2 47 2
2 48 1
2 51 1
2 52 14
2 53 3
2 54 1
2 55 1
2 56 2
2 57 1
2 58 3
2 59 1
2 60 2
2 70 2
2 76 4
2 81 5
2 88 1
2 89 1
2 95 3
2 96 1
2 101 1
2 109 2
2 110 1
2 116 1
2 117 1
2 130 1
2 131 1
2 134 3
2 135 1
2 138 1
2 141 1
2 147 1
2 150 1
2 151 9
2 161 3
2 163 2
2 171 3
2 176 1
2 177 2
2 178 1
2 180 1
2 182 2
2 186 3
2 187 3
2 195 1
2 196 1
2 197 2
2 198 1
2 199 1
2 200 1
2 201 1
2 202 1
2 203 1
2 204 1
2 205 16
2 206 2
2 207 3
2 208 4
2 209 3
2 210 1
2 211 1
2 212 1
2 213 1
2 214 1
2 215 1
2 216 2
2 217 2
2 218 1
2 219 1
2 220 1
2 221 2
2 222 1
2 223 1
2 224 2
2 225 1
2 226 1
2 227 1
2 228 1
2 229 2
2 230 1
2 231 1
2 232 2
2 233 1
2 234 1
2 235 2
2 236 2
2 237 2
2 238 1
2 239 1
2 240 1
2 241 2
2 242 1
2 243 1
2 244 1
2 245 1
2 246 1
2 247 1
2 248 1
2 249 1
2 250 1
2 251 1
2 252 14
2 253 1
2 254 1
2 255 1
2 256 1
2 257 1
2 258 1
2 259 1
2 260 1
2 261 1
2 262 1
2 263 1
2 264 1
2 265 1
2 266 1
2 267 1
2 268 1
2 269 1
2 270 1
2 271 1
2 272 1
2 273 2
2 274 1
2 275 1
2 276 2
2 277 1
2 278 2
2 279 1
2 280 16
2 281 1
2 282 1
2 283 3
2 284 1
2 285 1
3 1 1
3 2 1
3 3 2
3 10 4
3 14 7
3 25 1
3 27 3
3 28 1
3 30 3
3 34 2
3 37 3
3 42 5
3 43 1
3 48 1
3 51 1
3 53 4
3 54 6
3 55 1
3 56 4
3 57 2
3 61 1
3 67 2
3 68 1
3 70 1
3 76 4
3 80 3
3 81 3
3 89 6
3 95 4
3 101 1
3 106 1
3 109 4
3 110 2
3 112 1
3 115 1
3 116 1
3 127 1
3 131 3
3 134 5
3 137 1
3 138 2
3 145 1
3 147 4
3 148 2
3 150 2
3 151 7
3 153 2
3 157 1
3 161 4
3 163 5
3 166 1
3 170 1
3 171 5
3 176 5
3 177 11
3 178 2
3 180 1
3 183 1
3 185 1
3 186 1
3 187 4
3 193 1
3 194 4
3 196 1
3 197 1
3 198 4
3 199 1
3 200 2
3 201 1
3 203 4
3 204 2
3 205 22
3 206 3
3 207 7
3 208 7
3 209 2
3 210 2
3 213 5
3 215 2
3 219 1
3 224 2
3 225 3
3 228 1
3 232 5
3 233 1
3 236 2
3 237 1
3 238 1
3 240 1
3 241 2
3 244 2
3 252 15
3 253 1
3 255 1
3 257 3
3 258 1
3 259 1
3 266 1
3 267 2
3 268 1
3 269 1
3 274 1
3 276 2
3 277 1
3 280 1
3 281 1
3 283 1
3 285 1
3 286 1
3 287 1
3 288 16
3 289 1
3 290 1
3 291 1
3 292 1
3 293 1
3 294 1
3 295 1
3 296 1
3 297 1
3 298 2
3 299 1
3 300 1
3 301 1
3 302 1
3 303 1
3 304 2
3 305 1
3 306 1
3 307 1
3 308 4
3 309 1
3 310 1
3 311 2
3 312 1
3 313 2
3 314 1
3 315 1
3 316 1
3 317 1
3 318 1
3 319 1
3 320 1
3 321 1
3 322 1
3 323 1
3 324 1
3 325 1
3 326 1
3 327 1
3 328 1
3 329 1
3 330 1
3 331 1
3 332 2
3 333 1
3 334 1
3 335 2
3 336 1
3 337 1
3 338 1
3 339 2
3 340 1
3 341 2
3 342 1
3 343 1
3 344 2
3 345 1
3 346 1
3 347 4
3 348 1
3 349 1
3 350 3
3 351 1
3 352 1
3 353 1
3 354 1
3 355 1
3 356 1
3 357 1
3 358 1
3 359 1
3 360 2
3 361 1
3 362 2
3 363 1
3 364 1
3 365 2
3 366 1
3 367 1
3 368 3
3 369 1
3 370 1
3 371 2
3 372 1
3 373 1
3 374 1
3 375 1
3 376 1
3 377 1
3 378 1
3 379 1
3 380 1
3 381 1
3 382 1
3 383 1
3 384 1
3 385 1
